vehicle_id,trip_id,start_time,end_time,counts,total_distance,total_fuel_consumed,mean_mileage
1465365829724930048,1784449742000-632578958264631296-1465365829724930048,1784449742000,1784469332000,1,213.221,68.177,3.127462340672074
866245373776101376,1784503269000-632578958264631296-866245373776101376,1784503269000,1784518643000,1,197.263,55.231,3.571599283011352
866648789010612224,1784433618000-632578958264631296-866648789010612224,1784433618000,1784448837000,1,194.429,55.091,3.5292334501098184
1488156479612518400,1784425016000-632578958264631296-1488156479612518400,1784425016000,1784442507000,1,193.388,66.265,2.9184033803667093
1536014633725329408,1784406765000-632578958264631296-1536014633725329408,1784406765000,1784424332000,1,191.212,39.279,4.8680465388630045
1083728870357598208,1784407392000-632578958264631296-1083728870357598208,1784407392000,1784424752000,1,191.075,34.972,5.463656639597391
866245373776101376,1784463913000-632578958264631296-866245373776101376,1784463913000,1784477914000,1,189.34,53.566,3.534704850091476
1571542304466927616,1784470303000-632578958264631296-1571542304466927616,1784470303000,1784487250000,1,186.522,33.24,5.6113718411552345
927153603469115392,1784417469000-632578958264631296-927153603469115392,1784417469000,1784431777000,1,184.475,66.687,2.7662812842083166
944591832124227584,1784442851000-632578958264631296-944591832124227584,1784442851000,1784461124000,1,181.345,78.898,2.298473979061573
1067775974323519488,1784469191000-632578958264631296-1067775974323519488,1784469191000,1784485404000,1,180.897,55.372,3.266939969659756
857602255610707968,1784449858000-632578958264631296-857602255610707968,1784449858000,1784463892000,1,178.666,50.678,3.525514029756502
1156948637754851328,1784437485000-632578958264631296-1156948637754851328,1784437485000,1784451757000,1,178.274,48.58,3.6696994648003294
1131239476161413120,1784462008000-632578958264631296-1131239476161413120,1784462008000,1784477283000,1,177.669,58.462,3.0390510074920463
866245373776101376,1784447327000-632578958264631296-866245373776101376,1784447327000,1784461557000,1,177.39,50.677,3.500404522761805
1067765446171688960,1784463725000-632578958264631296-1067765446171688960,1784463725000,1784479996000,1,175.028,58.8,2.9766666666666666
947582270531698688,1784453133000-632578958264631296-947582270531698688,1784453133000,1784467175000,1,173.882,62.128,2.798770280710791
1536014535985463296,1784469863000-632578958264631296-1536014535985463296,1784469863000,1784484462000,1,173.703,51.553,3.3694062421197604
1536402078727929856,1784449111000-632578958264631296-1536402078727929856,1784449111000,1784461946000,1,173.401,62.583,2.7707364619784927
1076924285072703488,1784434637000-632578958264631296-1076924285072703488,1784434637000,1784447969000,1,173.228,60.721,2.852851567003179
786545248472924160,1784447982000-632578958264631296-786545248472924160,1784447982000,1784461601000,1,172.849,55.192,3.1317763443977387
873109579045535744,1784471323000-632578958264631296-873109579045535744,1784471323000,1784484944000,1,171.115,39.815,4.297752103478589
947582270531698688,1784503829000-632578958264631296-947582270531698688,1784503829000,1784517803000,1,170.49,59.686,2.856448748450223
1067765446171688960,1784447761000-632578958264631296-1067765446171688960,1784447761000,1784462173000,1,170.305,59.965,2.8400733761360795
947093723013971968,1784449330000-632578958264631296-947093723013971968,1784449330000,1784463664000,1,169.088,61.947,2.7295591392642096
1138783076164304896,1784413444000-632578958264631296-1138783076164304896,1784413444000,1784428290000,1,168.564,51.159,3.294904122441799
862677666426257408,1784468436000-632578958264631296-862677666426257408,1784468436000,1784484141000,1,168.443,41.054,4.1029619525503
798605218047590400,1784467866000-632578958264631296-798605218047590400,1784467866000,1784485734000,1,167.705,50.128,3.34553542930099
1141991039255445504,1784463628000-632578958264631296-1141991039255445504,1784463628000,1784478653000,1,167.027,56.58,2.9520501944149875
780452749606125568,1784435156000-632578958264631296-780452749606125568,1784435156000,1784449045000,1,166.745,51.827,3.21733845292994
947582270531698688,1784436521000-632578958264631296-947582270531698688,1784436521000,1784451336000,1,166.545,67.209,2.47801633709771
1067776196789403648,1784419504000-632578958264631296-1067776196789403648,1784419504000,1784433521000,1,165.371,48.199,3.431004792630553
943858330336493568,1784503538000-632578958264631296-943858330336493568,1784503538000,1784517665000,1,165.353,64.21,2.5751907802522975
1089954932305428480,1784410342000-632578958264631296-1089954932305428480,1784410342000,1784423488000,1,163.038,37.652,4.330128545628386
1083726613264203776,1784471509000-632578958264631296-1083726613264203776,1784471509000,1784485249000,1,162.228,56.887,2.8517587498022396
1398705978894974976,1784502664000-632578958264631296-1398705978894974976,1784502664000,1784520997000,1,161.711,61.337,2.6364347783556417
1389243774684626944,1784453097000-632578958264631296-1389243774684626944,1784453097000,1784466648000,1,161.56,49.31,3.276414520381261
848986467664396288,1784451125000-632578958264631296-848986467664396288,1784451125000,1784462664000,1,160.15,51.643,3.101097922274074
933416236518211584,1784448715000-632578958264631296-933416236518211584,1784448715000,1784462940000,1,160.149,44.686,3.583874144027212
789513633972355072,1784451258000-632578958264631296-789513633972355072,1784451258000,1784463968000,1,160.078,55.539,2.882262914348476
943858330336493568,1784457499000-632578958264631296-943858330336493568,1784457499000,1784471620000,1,159.473,63.72,2.502715003138732
1482772108667781120,1784446257000-632578958264631296-1482772108667781120,1784446257000,1784459516000,1,158.5,44.896,3.5303813257305774
1050037649940676608,1784458665000-632578958264631296-1050037649940676608,1784458665000,1784477917000,1,158.358,75.654,2.0931874058212387
1050035941135089664,1784446511000-632578958264631296-1050035941135089664,1784446511000,1784458210000,1,157.741,54.632,2.8873370918143215
1173302979768352768,1784428236000-632578958264631296-1173302979768352768,1784428236000,1784440992000,1,157.099,54.5,2.8825504587155963
873109579045535744,1784456426000-632578958264631296-873109579045535744,1784456426000,1784467868000,1,156.281,36.827,4.243652754772314
1101524127430213632,1784417623000-632578958264631296-1101524127430213632,1784417623000,1784435975000,1,153.983,69.013,2.23121730688421
789852692640956416,1784505297000-632578958264631296-789852692640956416,1784505297000,1784518153000,1,153.948,52.88,2.911270801815431
970285003134992384,1784419343000-632578958264631296-970285003134992384,1784419343000,1784433651000,1,153.605,52.261,2.9391898356326895
1536014744312348672,1784418739000-632578958264631296-1536014744312348672,1784418739000,1784433061000,1,153.54,56.244,2.7298911883934287
1464269416886697984,1784451329000-632578958264631296-1464269416886697984,1784451329000,1784463329000,1,153.516,46.75,3.2837647058823527
1067775974323519488,1784451235000-632578958264631296-1067775974323519488,1784451235000,1784464905000,1,153.423,49.326,3.1103880306532052
1132636149337030656,1784424449000-632578958264631296-1132636149337030656,1784424449000,1784437320000,1,153.347,54.223,2.828080334913229
1406229042385911808,1784451392000-632578958264631296-1406229042385911808,1784451392000,1784463119000,1,153.321,46.056,3.329012506513809
1060872975626010624,1784444524000-632578958264631296-1060872975626010624,1784444524000,1784459939000,1,152.663,52.659,2.8990865758939597
790970372676648960,1784445469000-632578958264631296-790970372676648960,1784445469000,1784457944000,1,151.82,45.57,3.3315777924072854
877447567619653632,1784425834000-632578958264631296-877447567619653632,1784425834000,1784438918000,1,150.894,45.266,3.3334953386647816
870286624469024768,1784444690000-632578958264631296-870286624469024768,1784444690000,1784459263000,1,150.792,52.943,2.848195228831007
1108325683169329152,1784467978000-632578958264631296-1108325683169329152,1784467978000,1784481137000,1,150.772,30.085,5.011533987036729
1488156479612518400,1784449119000-632578958264631296-1488156479612518400,1784449119000,1784463261000,1,149.674,55.198,2.7115837530345304
951557397191589888,1784446245000-632578958264631296-951557397191589888,1784446245000,1784459177000,1,149.074,47.962,3.1081689670989534
942426738309201920,1784420837000-632578958264631296-942426738309201920,1784420837000,1784434892000,1,148.706,34.771,4.276724856920997
951557397191589888,1784503084000-632578958264631296-951557397191589888,1784503084000,1784516790000,1,148.341,57.691,2.571302282851745
1482772108667781120,1784503042000-632578958264631296-1482772108667781120,1784503042000,1784516798000,1,148.269,50.534,2.934044405746626
798605218047590400,1784453802000-632578958264631296-798605218047590400,1784453802000,1784465737000,1,147.715,43.0,3.435232558139535
946025929669345280,1784449459000-632578958264631296-946025929669345280,1784449459000,1784464422000,1,147.669,53.125,2.7796517647058825
1067775974323519488,1784420849000-632578958264631296-1067775974323519488,1784420849000,1784432571000,1,147.06,46.567,3.1580303648506454
1422205727123963904,1784447927000-632578958264631296-1422205727123963904,1784447927000,1784466661000,1,147.001,75.5,1.9470331125827816
947093723013971968,1784431124000-632578958264631296-947093723013971968,1784431124000,1784444631000,1,146.999,49.41,2.9750860149767253
947582270531698688,1784420586000-632578958264631296-947582270531698688,1784420586000,1784433233000,1,146.578,49.802,2.943215131922413
866686265431425024,1784421315000-632578958264631296-866686265431425024,1784421315000,1784434233000,1,145.852,34.358,4.245066651143839
1183367596062277632,1784433645000-632578958264631296-1183367596062277632,1784433645000,1784448763000,1,145.559,52.611,2.766702780787288
1471148657502846976,1784441895000-632578958264631296-1471148657502846976,1784441895000,1784455348000,1,145.542,47.368,3.07258064516129
1173302979768352768,1784457042000-632578958264631296-1173302979768352768,1784457042000,1784468458000,1,144.958,50.939,2.8457174267260843
1173302979768352768,1784443781000-632578958264631296-1173302979768352768,1784443781000,1784455583000,1,144.221,54.307,2.655661332793194
1064494636166283264,1784439983000-632578958264631296-1064494636166283264,1784439983000,1784454231000,1,144.16,56.256,2.562571103526735
1050781444223270912,1784444382000-632578958264631296-1050781444223270912,1784444382000,1784456127000,1,143.892,61.171,2.35229111834039
877447567619653632,1784455196000-632578958264631296-877447567619653632,1784455196000,1784467256000,1,143.704,40.748,3.526651614803181
1067767710965825536,1784446490000-632578958264631296-1067767710965825536,1784446490000,1784459082000,1,143.602,54.403,2.639597081043325
1289307004661137408,1784464433000-632578958264631296-1289307004661137408,1784464433000,1784478638000,1,143.33,49.507,2.895146140949765
1136716787434389504,1784415506000-632578958264631296-1136716787434389504,1784415506000,1784429253000,1,142.752,43.834,3.2566500889720307
1060630916881186816,1784465756000-632578958264631296-1060630916881186816,1784465756000,1784478671000,1,142.283,48.987,2.9045052769102004
1536014535985463296,1784420145000-632578958264631296-1536014535985463296,1784420145000,1784432743000,1,142.251,43.382,3.279032778571758
780452749606125568,1784451406000-632578958264631296-780452749606125568,1784451406000,1784462641000,1,141.538,40.88,3.462279843444227
1406586595699589120,1784417876000-632578958264631296-1406586595699589120,1784417876000,1784429248000,1,140.981,51.317,2.7472572441880856
882591537697914880,1784449614000-632578958264631296-882591537697914880,1784449614000,1784465448000,1,140.8,57.95,2.429680759275237
877447567619653632,1784441438000-632578958264631296-877447567619653632,1784441438000,1784452764000,1,139.664,39.233,3.5598603216679834
1489984398731247616,1784431457000-632578958264631296-1489984398731247616,1784431457000,1784444208000,1,139.596,28.72,4.86058495821727
1471165126924042240,1784453241000-632578958264631296-1471165126924042240,1784453241000,1784466359000,1,139.465,26.254,5.312142911556334
908732861828300800,1784453379000-632578958264631296-908732861828300800,1784453379000,1784466114000,1,139.462,38.425,3.629459986987638
1131240645348818944,1784500367000-632578958264631296-1131240645348818944,1784500367000,1784515211000,1,139.22,71.04,1.9597409909909909
1464286808345935872,1784433523000-632578958264631296-1464286808345935872,1784433523000,1784446036000,1,138.995,40.749,3.4110039510172028
1136692610564358144,1784449234000-632578958264631296-1136692610564358144,1784449234000,1784459648000,1,138.717,29.047,4.775605053878198
882591537697914880,1784421725000-632578958264631296-882591537697914880,1784421725000,1784437453000,1,138.619,59.68,2.3227044235924934
1138167953473142784,1784428930000-632578958264631296-1138167953473142784,1784428930000,1784440563000,1,138.561,53.211,2.6039916558606304
1396881703661731840,1784420659000-632578958264631296-1396881703661731840,1784420659000,1784433431000,1,138.41,45.311,3.054666637240405
1478819140813717504,1784428926000-632578958264631296-1478819140813717504,1784428926000,1784440454000,1,138.24,48.429,2.8544880133804127
942471450843938816,1784432340000-632578958264631296-942471450843938816,1784432340000,1784444762000,1,138.101,51.588,2.6769985267891756
1093088075828953088,1784458447000-632578958264631296-1093088075828953088,1784458447000,1784471401000,1,137.799,49.856,2.7639401476251604
1045646687990710272,1784459622000-632578958264631296-1045646687990710272,1784459622000,1784471431000,1,137.714,37.774,3.6457351617514693
1462138214197231616,1784423894000-632578958264631296-1462138214197231616,1784423894000,1784436495000,1,137.648,40.822,3.371907304884621
1067763553357791232,1784501545000-632578958264631296-1067763553357791232,1784501545000,1784514871000,1,137.383,51.013,2.6930978378060497
798605218047590400,1784439536000-632578958264631296-798605218047590400,1784439536000,1784451679000,1,137.296,46.849,2.9306068432623964
1406229042385911808,1784423360000-632578958264631296-1406229042385911808,1784423360000,1784433093000,1,137.266,42.962,3.1950560960849117
1536014730089463808,1784453827000-632578958264631296-1536014730089463808,1784453827000,1784465215000,1,137.037,42.285,3.2407946080170276
1127222273418199040,1784420591000-632578958264631296-1127222273418199040,1784420591000,1784431554000,1,136.999,44.016,3.112481824790985
1536014556927623168,1784453559000-632578958264631296-1536014556927623168,1784453559000,1784464663000,1,136.941,39.788,3.441766361717101
1535700301011484672,1784503904000-632578958264631296-1535700301011484672,1784503904000,1784514053000,1,136.542,31.942,4.274685367228101
1067765446171688960,1784419669000-632578958264631296-1067765446171688960,1784419669000,1784432118000,1,136.338,46.156,2.953852153566167
1109804807901675520,1784452539000-632578958264631296-1109804807901675520,1784452539000,1784466316000,1,136.158,56.575,2.406681396376491
1083726423769743360,1784440001000-632578958264631296-1083726423769743360,1784440001000,1784452807000,1,135.761,58.49,2.3210976235253886
1067763553357791232,1784431335000-632578958264631296-1067763553357791232,1784431335000,1784444232000,1,135.182,49.426,2.7350382389835306
931939397496995840,1784455579000-632578958264631296-931939397496995840,1784455579000,1784467546000,1,135.037,36.754,3.674076291015944
1385588909638942720,1784503057000-632578958264631296-1385588909638942720,1784503057000,1784516012000,1,134.624,42.555,3.163529549994125
1138167953473142784,1784456254000-632578958264631296-1138167953473142784,1784456254000,1784467596000,1,134.355,40.947,3.2811927613744594
1060872975626010624,1784502239000-632578958264631296-1060872975626010624,1784502239000,1784514834000,1,133.984,50.057,2.676628643346585
947092625956012032,1784447359000-632578958264631296-947092625956012032,1784447359000,1784458619000,1,133.98,27.71,4.835077589317935
1536014596580573184,1784423135000-632578958264631296-1536014596580573184,1784423135000,1784433905000,1,133.442,49.059,2.7200309831019793
821719550704746496,1784438095000-632578958264631296-821719550704746496,1784438095000,1784449842000,1,133.313,45.0,2.9625111111111107
1525559056574447616,1784412192000-632578958264631296-1525559056574447616,1784412192000,1784423076000,1,133.259,41.481,3.212531038306694
1312806942439112704,1784460076000-632578958264631296-1312806942439112704,1784460076000,1784472642000,1,132.591,54.645,2.4264068075761736
798605218047590400,1784423982000-632578958264631296-798605218047590400,1784423982000,1784436320000,1,131.881,48.445,2.7222830013417276
1127222273418199040,1784454898000-632578958264631296-1127222273418199040,1784454898000,1784467317000,1,131.606,44.747,2.9411133707287638
1500491887742550016,1784426311000-632578958264631296-1500491887742550016,1784426311000,1784438701000,1,131.375,43.228,3.039118164152864
927179928254808064,1784477409000-632578958264631296-927179928254808064,1784477409000,1784490809000,1,131.352,52.223,2.5152136032016545
1176184196838719488,1784448014000-632578958264631296-1176184196838719488,1784448014000,1784460328000,1,131.141,26.397,4.968026669697314
1464286808345935872,1784448616000-632578958264631296-1464286808345935872,1784448616000,1784461652000,1,130.996,44.743,2.927742887155533
786246735176400896,1784449121000-632578958264631296-786246735176400896,1784449121000,1784460650000,1,130.476,43.521,2.9980009650513546
791672232936996864,1784448970000-632578958264631296-791672232936996864,1784448970000,1784460850000,1,130.098,39.5,3.293620253164557
1536014702105067520,1784430859000-632578958264631296-1536014702105067520,1784430859000,1784442350000,1,130.074,33.269,3.909765848086808
792451146961649664,1784450633000-632578958264631296-792451146961649664,1784450633000,1784460583000,1,129.946,34.442,3.7728935601881424
1211786303754993664,1784449632000-632578958264631296-1211786303754993664,1784449632000,1784461917000,1,129.89,36.959,3.5144349143645655
1183367596062277632,1784418131000-632578958264631296-1183367596062277632,1784418131000,1784430254000,1,129.61,51.642,2.5097788621664536
939546232131420160,1784420010000-632578958264631296-939546232131420160,1784420010000,1784432084000,1,129.605,53.364,2.428697249081778
931938125880492032,1784505421000-632578958264631296-931938125880492032,1784505421000,1784516135000,1,129.567,48.125,2.692301298701299
1083726789898928128,1784462704000-632578958264631296-1083726789898928128,1784462704000,1784476861000,1,129.473,46.938,2.758383399377903
1109804807901675520,1784420106000-632578958264631296-1109804807901675520,1784420106000,1784432589000,1,129.37,51.072,2.5330905388471177
1389244082743672832,1784470108000-632578958264631296-1389244082743672832,1784470108000,1784482499000,1,129.1,48.679,2.6520676266973435
1050037109068398592,1784436729000-632578958264631296-1050037109068398592,1784436729000,1784446198000,1,128.569,26.505,4.850745142425957
951557397191589888,1784428769000-632578958264631296-951557397191589888,1784428769000,1784442619000,1,128.324,55.187,2.3252577599797055
1482772108667781120,1784428736000-632578958264631296-1482772108667781120,1784428736000,1784442685000,1,128.318,49.151,2.610689507843177
1083726887294861312,1784503410000-632578958264631296-1083726887294861312,1784503410000,1784518973000,1,128.138,76.928,1.6656873960066556
1536014654021566464,1784502676000-632578958264631296-1536014654021566464,1784502676000,1784514461000,1,127.153,37.698,3.3729375563690382
1183367596062277632,1784466966000-632578958264631296-1183367596062277632,1784466966000,1784480341000,1,126.947,55.108,2.303603832474414
1072572023244324864,1784428855000-632578958264631296-1072572023244324864,1784428855000,1784439504000,1,126.383,25.099,5.035379895613371
1093088075828953088,1784442052000-632578958264631296-1093088075828953088,1784442052000,1784455418000,1,126.32,43.95,2.8741751990898745
1063501597117513728,1784444824000-632578958264631296-1063501597117513728,1784444824000,1784458439000,1,126.277,59.682,2.115830568680674
780452749606125568,1784421304000-632578958264631296-780452749606125568,1784421304000,1784432518000,1,125.84,46.6,2.7004291845493564
1500491887742550016,1784448206000-632578958264631296-1500491887742550016,1784448206000,1784459708000,1,125.625,39.211,3.2038203565326056
942469061864849408,1784417914000-632578958264631296-942469061864849408,1784417914000,1784429811000,1,125.61,55.341,2.269745758117851
1132636348465807360,1784464909000-632578958264631296-1132636348465807360,1784464909000,1784477120000,1,125.438,41.327,3.035255402037409
1500491887742550016,1784504650000-632578958264631296-1500491887742550016,1784504650000,1784517046000,1,125.021,39.117,3.196078431372549
893821287409909760,1784420810000-632578958264631296-893821287409909760,1784420810000,1784434135000,1,124.701,38.659,3.225665433663571
1422205727123963904,1784468241000-632578958264631296-1422205727123963904,1784468241000,1784483466000,1,124.557,40.685,3.061496866166892
1023491297677148160,1784440160000-632578958264631296-1023491297677148160,1784440160000,1784451040000,1,124.265,25.612,4.851827268467906
1068875501654769664,1784458354000-632578958264631296-1068875501654769664,1784458354000,1784469179000,1,124.256,48.718,2.550515209983989
1050036987500691456,1784433989000-632578958264631296-1050036987500691456,1784433989000,1784444465000,1,124.239,45.121,2.753462910839742
1045646687990710272,1784504925000-632578958264631296-1045646687990710272,1784504925000,1784516412000,1,124.144,42.593,2.9146573380602447
1486725792942522368,1784438416000-632578958264631296-1486725792942522368,1784438416000,1784450634000,1,124.088,22.721,5.461379340698032
893821287409909760,1784444143000-632578958264631296-893821287409909760,1784444143000,1784456424000,1,123.978,38.468,3.2228865550587495
1364616390270517248,1784440259000-632578958264631296-1364616390270517248,1784440259000,1784453065000,1,123.806,43.234,2.863625850025443
1067793936933715968,1784417409000-632578958264631296-1067793936933715968,1784417409000,1784428594000,1,123.75,58.594,2.1119909888384476
1056588446363025408,1784433942000-632578958264631296-1056588446363025408,1784433942000,1784447303000,1,123.496,43.949,2.8099842999840723
1536014535985463296,1784457405000-632578958264631296-1536014535985463296,1784457405000,1784467868000,1,122.815,36.1,3.4020775623268698
1536014681523617792,1784417491000-632578958264631296-1536014681523617792,1784417491000,1784428514000,1,122.626,46.745,2.623296609263023
912747932862644224,1784428293000-632578958264631296-912747932862644224,1784428293000,1784441470000,1,122.62,34.327,3.572115244559676
870275474985582592,1784450057000-632578958264631296-870275474985582592,1784450057000,1784463510000,1,122.617,37.221,3.2942962306224985
1050781444223270912,1784422367000-632578958264631296-1050781444223270912,1784422367000,1784431904000,1,122.247,51.532,2.3722541333540326
938442824968306688,1784447991000-632578958264631296-938442824968306688,1784447991000,1784459447000,1,122.229,41.41,2.9516783385655643
1525559056574447616,1784444424000-632578958264631296-1525559056574447616,1784444424000,1784454816000,1,121.686,39.676,3.0669926403871357
866686265431425024,1784453127000-632578958264631296-866686265431425024,1784453127000,1784464939000,1,121.668,32.431,3.7515956954765506
942426738309201920,1784453058000-632578958264631296-942426738309201920,1784453058000,1784464076000,1,121.539,29.653,4.098708393754427
1050036987500691456,1784449135000-632578958264631296-1050036987500691456,1784449135000,1784461673000,1,121.502,54.315,2.2369879407161926
790970372676648960,1784420314000-632578958264631296-790970372676648960,1784420314000,1784429597000,1,121.49,38.034,3.1942472524583265
1050037048276156416,1784463333000-632578958264631296-1050037048276156416,1784463333000,1784473332000,1,120.994,34.066,3.55175248047907
798991075485155328,1784463299000-632578958264631296-798991075485155328,1784463299000,1784473336000,1,120.948,37.623,3.2147356670122
1422205425331208192,1784466106000-632578958264631296-1422205425331208192,1784466106000,1784478360000,1,120.913,50.731,2.3834144802980424
940246634145513472,1784453293000-632578958264631296-940246634145513472,1784453293000,1784464862000,1,120.6,53.428,2.257243392977465
1536014758619119616,1784433950000-632578958264631296-1536014758619119616,1784433950000,1784442754000,1,120.575,37.384,3.2253102931735502
942470042409238528,1784503543000-632578958264631296-942470042409238528,1784503543000,1784516367000,1,120.473,33.815,3.5627088570161174
951558414842986496,1784504332000-632578958264631296-951558414842986496,1784504332000,1784516648000,1,120.454,60.132,2.003159715293022
1050037649940676608,1784431278000-632578958264631296-1050037649940676608,1784431278000,1784441069000,1,120.263,42.91,2.8026800279655095
1067776196789403648,1784443559000-632578958264631296-1067776196789403648,1784443559000,1784454351000,1,120.244,37.554,3.2018959365180804
1131571393566081024,1784454890000-632578958264631296-1131571393566081024,1784454890000,1784466561000,1,120.178,35.015,3.432186205911752
1449735637144961024,1784448120000-632578958264631296-1449735637144961024,1784448120000,1784460302000,1,119.97,37.401,3.2076682441645943
926835749754503168,1784434474000-632578958264631296-926835749754503168,1784434474000,1784448893000,1,119.5,43.891,2.722653847030143
1536014737035231232,1784432040000-632578958264631296-1536014737035231232,1784432040000,1784441748000,1,119.423,27.336,4.368707930933568
1536014744312348672,1784501595000-632578958264631296-1536014744312348672,1784501595000,1784515647000,1,119.291,49.9,2.3906012024048096
1083016936570224640,1784503733000-632578958264631296-1083016936570224640,1784503733000,1784514204000,1,118.836,24.318,4.886750555144337
1050035941135089664,1784459907000-632578958264631296-1050035941135089664,1784459907000,1784471901000,1,118.789,47.962,2.4767315791668403
1061350361924632576,1784445965000-632578958264631296-1061350361924632576,1784445965000,1784455499000,1,118.648,40.904,2.900645413651476
796706773456125952,1784429972000-632578958264631296-796706773456125952,1784429972000,1784439694000,1,118.543,39.758,2.98161376326777
1536014570613637120,1784455304000-632578958264631296-1536014570613637120,1784455304000,1784467765000,1,118.325,46.899,2.5229749035160665
1478819140813717504,1784458083000-632578958264631296-1478819140813717504,1784458083000,1784468348000,1,117.964,33.101,3.563759403039183
1134877765846171648,1784505119000-632578958264631296-1134877765846171648,1784505119000,1784516582000,1,117.708,44.539,2.6428074271986346
942470042409238528,1784418458000-632578958264631296-942470042409238528,1784418458000,1784432544000,1,117.676,44.818,2.62564148333259
870275474985582592,1784418725000-632578958264631296-870275474985582592,1784418725000,1784433108000,1,117.618,63.423,1.8545007331725083
996808469547843584,1784418621000-632578958264631296-996808469547843584,1784418621000,1784433675000,1,117.593,86.383,1.3612979405670098
1062738070563979264,1784418631000-632578958264631296-1062738070563979264,1784418631000,1784434159000,1,117.533,84.642,1.3885895890928854
1083726561296777216,1784439880000-632578958264631296-1083726561296777216,1784439880000,1784451585000,1,117.3,52.781,2.222390632992933
791672232936996864,1784435199000-632578958264631296-791672232936996864,1784435199000,1784445710000,1,117.268,31.86,3.6807281858129315
787000328028422144,1784436014000-632578958264631296-787000328028422144,1784436014000,1784445449000,1,116.867,35.5,3.2920281690140847
1389243594644127744,1784451735000-632578958264631296-1389243594644127744,1784451735000,1784463570000,1,116.623,36.5,3.195150684931507
939140294748667904,1784448879000-632578958264631296-939140294748667904,1784448879000,1784462801000,1,116.567,45.805,2.544853181967034
1471165285556813824,1784448895000-632578958264631296-1471165285556813824,1784448895000,1784463268000,1,116.536,43.828,2.658939490736515
944589217739046912,1784452546000-632578958264631296-944589217739046912,1784452546000,1784462433000,1,116.43,33.948,3.4296571226581833
1458037913185943552,1784419733000-632578958264631296-1458037913185943552,1784419733000,1784430587000,1,116.139,32.451,3.5789035777017655
1476549765217910784,1784434263000-632578958264631296-1476549765217910784,1784434263000,1784445872000,1,116.117,60.071,1.9329959547868356
1076923968528580608,1784427594000-632578958264631296-1076923968528580608,1784427594000,1784438919000,1,115.839,31.103,3.724367424364209
1050037649940676608,1784445145000-632578958264631296-1050037649940676608,1784445145000,1784456778000,1,115.804,47.71,2.42724795640327
944590866851299328,1784456089000-632578958264631296-944590866851299328,1784456089000,1784468858000,1,115.37,54.522,2.116026558086644
789852612550721536,1784504432000-632578958264631296-789852612550721536,1784504432000,1784513921000,1,115.332,21.892,5.268225835921798
1422205521707925504,1784462350000-632578958264631296-1422205521707925504,1784462350000,1784472996000,1,115.25,31.005,3.7171423963876795
873821465244336128,1784435312000-632578958264631296-873821465244336128,1784435312000,1784445509000,1,115.191,19.749,5.832751025368373
1067765446171688960,1784505282000-632578958264631296-1067765446171688960,1784505282000,1784516484000,1,115.004,46.5,2.473204301075269
1067764585097854976,1784429026000-632578958264631296-1067764585097854976,1784429026000,1784441731000,1,114.893,52.046,2.2075279560388887
1405141042860130304,1784462378000-632578958264631296-1405141042860130304,1784462378000,1784473512000,1,114.818,32.029,3.584813762527709
1067764779667423232,1784451205000-632578958264631296-1067764779667423232,1784451205000,1784462709000,1,114.635,42.999,2.665992232377497
908732861828300800,1784472682000-632578958264631296-908732861828300800,1784472682000,1784482871000,1,114.447,33.604,3.405755267230092
1088168906306093056,1784428991000-632578958264631296-1088168906306093056,1784428991000,1784441696000,1,114.394,48.736,2.347217662508208
1536432469593554944,1784487534000-632578958264631296-1536432469593554944,1784487534000,1784503706000,1,114.364,53.98,2.118636532048907
1067763553357791232,1784446275000-632578958264631296-1067763553357791232,1784446275000,1784458514000,1,114.312,54.289,2.10561992300466
879404563604439040,1784427843000-632578958264631296-879404563604439040,1784427843000,1784440248000,1,114.24,42.238,2.704673516738482
1476549765217910784,1784461720000-632578958264631296-1476549765217910784,1784461720000,1784471906000,1,113.963,35.5,3.210225352112676
1188144161019133952,1784438339000-632578958264631296-1188144161019133952,1784438339000,1784448503000,1,113.94,22.257,5.11928831378892
926578486859005952,1784448000000-632578958264631296-926578486859005952,1784448000000,1784459248000,1,113.873,50.259,2.2657235520006367
787737136659955712,1784419711000-632578958264631296-787737136659955712,1784419711000,1784430233000,1,113.698,36.224,3.138747791519435
1083726887294861312,1784460427000-632578958264631296-1083726887294861312,1784460427000,1784470089000,1,113.566,43.424,2.6152818717759767
1083728047674228736,1784450013000-632578958264631296-1083728047674228736,1784450013000,1784460294000,1,113.503,37.175,3.053207800941493
1536014737035231232,1784420287000-632578958264631296-1536014737035231232,1784420287000,1784429674000,1,113.413,32.611,3.4777529054613474
1083040210243026944,1784450067000-632578958264631296-1083040210243026944,1784450067000,1784460886000,1,113.329,31.308,3.619809633320557
1132635162635403264,1784462840000-632578958264631296-1132635162635403264,1784462840000,1784473992000,1,113.277,42.371,2.673455901442024
1050037424450699264,1784412411000-632578958264631296-1050037424450699264,1784412411000,1784422481000,1,113.015,38.292,2.9513997701869843
1385589109656911872,1784412480000-632578958264631296-1385589109656911872,1784412480000,1784422516000,1,112.976,39.344,2.8714924766165106
1131571393566081024,1784468409000-632578958264631296-1131571393566081024,1784468409000,1784479223000,1,112.761,24.464,4.609262589928058
1536014674678513664,1784443890000-632578958264631296-1536014674678513664,1784443890000,1784453084000,1,112.655,33.923,3.3209032220027708
1397607242391355392,1784464414000-632578958264631296-1397607242391355392,1784464414000,1784476082000,1,112.583,40.441,2.783882693306298
1396881508228136960,1784422620000-632578958264631296-1396881508228136960,1784422620000,1784434751000,1,112.497,40.542,2.7748261062601745
1536014660929585152,1784439922000-632578958264631296-1536014660929585152,1784439922000,1784451782000,1,112.424,50.297,2.2352028948048592
784445514740400128,1784413850000-632578958264631296-784445514740400128,1784413850000,1784423238000,1,112.37,33.013,3.4038106200587652
1536014654021566464,1784430856000-632578958264631296-1536014654021566464,1784430856000,1784441029000,1,112.291,32.732,3.4306183551264815
1067776270814674944,1784449581000-632578958264631296-1067776270814674944,1784449581000,1784460845000,1,112.256,42.811,2.622129826446474
1298646515224412160,1784462767000-632578958264631296-1298646515224412160,1784462767000,1784473237000,1,111.887,31.66,3.534017687934302
1466797477431607296,1784456318000-632578958264631296-1466797477431607296,1784456318000,1784468681000,1,111.868,43.922,2.546969627976868
1486725792942522368,1784456033000-632578958264631296-1486725792942522368,1784456033000,1784467617000,1,111.743,20.928,5.339401758409785
1134878026966761472,1784455902000-632578958264631296-1134878026966761472,1784455902000,1784465975000,1,111.366,39.556,2.8154009505511177
1112389405491855360,1784435938000-632578958264631296-1112389405491855360,1784435938000,1784445035000,1,111.26,23.223,4.790940016363089
1056588446363025408,1784505120000-632578958264631296-1056588446363025408,1784505120000,1784518121000,1,111.237,48.68,2.2850657354149546
943857890790211584,1784447073000-632578958264631296-943857890790211584,1784447073000,1784458292000,1,111.09,50.21,2.2125074686317467
1076923642098483200,1784447185000-632578958264631296-1076923642098483200,1784447185000,1784458813000,1,111.062,52.315,2.1229475293892763
1188144161019133952,1784455990000-632578958264631296-1188144161019133952,1784455990000,1784467472000,1,110.947,21.77,5.09632521819017
1157003119578578944,1784464973000-632578958264631296-1157003119578578944,1784464973000,1784475800000,1,110.905,18.774,5.907371897304783
1362128357327634432,1784415451000-632578958264631296-1362128357327634432,1784415451000,1784426564000,1,110.753,38.883,2.848365609649461
1046443546271285248,1784471978000-632578958264631296-1046443546271285248,1784471978000,1784481118000,1,110.715,35.874,3.086218431175782
1396880990281924608,1784418596000-632578958264631296-1396880990281924608,1784418596000,1784427806000,1,110.689,38.384,2.8837275948311794
1536402078727929856,1784423600000-632578958264631296-1536402078727929856,1784423600000,1784431525000,1,110.661,37.964,2.914893056579918
869918310366445568,1784456208000-632578958264631296-869918310366445568,1784456208000,1784465475000,1,110.625,19.511,5.669878530059966
1068875501654769664,1784472036000-632578958264631296-1068875501654769664,1784472036000,1784482238000,1,110.494,38.842,2.8447041861902065
1396881232180019200,1784469437000-632578958264631296-1396881232180019200,1784469437000,1784478762000,1,110.461,20.656,5.347647172734315
1535700301011484672,1784434873000-632578958264631296-1535700301011484672,1784434873000,1784443254000,1,110.313,26.005,4.241991924629879
1385588909638942720,1784451533000-632578958264631296-1385588909638942720,1784451533000,1784460759000,1,110.07,31.043,3.545726894952163
1211786303754993664,1784434318000-632578958264631296-1211786303754993664,1784434318000,1784444272000,1,109.976,30.736,3.5780843310775636
1093476797997121536,1784436784000-632578958264631296-1093476797997121536,1784436784000,1784446407000,1,109.767,23.491,4.672725724745647
944591832124227584,1784462206000-632578958264631296-944591832124227584,1784462206000,1784472103000,1,109.742,50.127,2.1892792307538853
1177288436235632640,1784431853000-632578958264631296-1177288436235632640,1784431853000,1784441223000,1,109.651,27.244,4.024776097489355
1277220593376165888,1784431267000-632578958264631296-1277220593376165888,1784431267000,1784439895000,1,109.637,35.599,3.0797775218405015
1536014647272931328,1784456696000-632578958264631296-1536014647272931328,1784456696000,1784465826000,1,109.565,45.413,2.4126351485257524
1488129049464143872,1784456689000-632578958264631296-1488129049464143872,1784456689000,1784465792000,1,109.492,44.576,2.4562993539124194
940246634145513472,1784420033000-632578958264631296-940246634145513472,1784420033000,1784429954000,1,108.745,47.49,2.289850494841019
1056588446363025408,1784450152000-632578958264631296-1056588446363025408,1784450152000,1784462814000,1,108.66,50.93,2.1335165913999607
1138167953473142784,1784444200000-632578958264631296-1138167953473142784,1784444200000,1784454088000,1,108.295,40.279,2.6886218625089997
1536014667858575360,1784469610000-632578958264631296-1536014667858575360,1784469610000,1784479379000,1,108.182,38.375,2.819074918566775
1050035941135089664,1784423971000-632578958264631296-1050035941135089664,1784423971000,1784435784000,1,108.154,51.359,2.1058431823049513
787687496786903040,1784458259000-632578958264631296-787687496786903040,1784458259000,1784468174000,1,108.148,35.382,3.0565824430501385
1500145408670695424,1784448823000-632578958264631296-1500145408670695424,1784448823000,1784458772000,1,108.0,33.0,3.272727272727273
1050781444223270912,1784433854000-632578958264631296-1050781444223270912,1784433854000,1784441676000,1,107.972,41.198,2.620806835283266
1072872003913908224,1784419281000-632578958264631296-1072872003913908224,1784419281000,1784429223000,1,107.649,44.111,2.44041168869443
1488156307717357568,1784433544000-632578958264631296-1488156307717357568,1784433544000,1784444715000,1,107.625,53.0,2.0306603773584904
1477629723302428672,1784453701000-632578958264631296-1477629723302428672,1784453701000,1784464271000,1,107.556,38.92,2.763514902363823
1067775323560476672,1784420722000-632578958264631296-1067775323560476672,1784420722000,1784429941000,1,107.554,32.641,3.2950583621825316
1120316721542987776,1784453673000-632578958264631296-1120316721542987776,1784453673000,1784464841000,1,107.412,33.715,3.185881655049681
1136716787434389504,1784433358000-632578958264631296-1136716787434389504,1784433358000,1784444082000,1,107.411,31.115,3.4520649204563716
1083726698509238272,1784424207000-632578958264631296-1083726698509238272,1784424207000,1784433303000,1,107.401,33.885,3.1695735576213666
1067776270814674944,1784503379000-632578958264631296-1067776270814674944,1784503379000,1784512869000,1,107.132,37.338,2.8692484867962933
943858330336493568,1784438696000-632578958264631296-943858330336493568,1784438696000,1784448817000,1,107.111,44.5,2.406988764044944
1136252936335130624,1784459984000-632578958264631296-1136252936335130624,1784459984000,1784469973000,1,106.91,20.663,5.1739824807627155
951882940915122176,1784425488000-632578958264631296-951882940915122176,1784425488000,1784433678000,1,106.881,25.965,4.116348931253611
786329294770012160,1784440966000-632578958264631296-786329294770012160,1784440966000,1784450092000,1,106.862,40.18,2.659581881533101
1536014667858575360,1784444215000-632578958264631296-1536014667858575360,1784444215000,1784454347000,1,106.852,34.57,3.0908880532253398
1536014660929585152,1784421788000-632578958264631296-1536014660929585152,1784421788000,1784434200000,1,106.732,44.89,2.3776342169748275
997896292355014656,1784448853000-632578958264631296-997896292355014656,1784448853000,1784458513000,1,106.343,28.757,3.697986577181208
1132636149337030656,1784450294000-632578958264631296-1132636149337030656,1784450294000,1784460345000,1,106.317,38.353,2.77206476677183
1070370579279773696,1784419756000-632578958264631296-1070370579279773696,1784419756000,1784429353000,1,106.264,35.331,3.0076703178511783
1537822792169291776,1784445905000-632578958264631296-1537822792169291776,1784445905000,1784456006000,1,106.259,45.018,2.360366964325381
939139369715892224,1784417371000-632578958264631296-939139369715892224,1784417371000,1784427124000,1,106.25,39.429,2.694717086408481
1049976646406242304,1784445957000-632578958264631296-1049976646406242304,1784445957000,1784455522000,1,106.129,50.288,2.1104239580019093
1536432469593554944,1784445787000-632578958264631296-1536432469593554944,1784445787000,1784456014000,1,106.081,46.165,2.2978663489656665
1070370579279773696,1784434531000-632578958264631296-1070370579279773696,1784434531000,1784444439000,1,106.022,36.797,2.881267494632715
1536014517601828864,1784445800000-632578958264631296-1536014517601828864,1784445800000,1784455895000,1,106.002,42.885,2.4717733473242394
1127222273418199040,1784494440000-632578958264631296-1127222273418199040,1784494440000,1784504277000,1,105.945,38.426,2.7571175766408156
1535695002116554752,1784466148000-632578958264631296-1535695002116554752,1784466148000,1784476747000,1,105.697,35.983,2.9374148903648947
1571542304466927616,1784455288000-632578958264631296-1571542304466927616,1784455288000,1784464160000,1,105.531,19.831,5.321516817104534
1389243940330274816,1784420249000-632578958264631296-1389243940330274816,1784420249000,1784434724000,1,105.517,45.802,2.303764027771713
1067775323560476672,1784438442000-632578958264631296-1067775323560476672,1784438442000,1784448014000,1,105.458,32.588,3.2360991776113908
1536014570613637120,1784470050000-632578958264631296-1536014570613637120,1784470050000,1784479298000,1,105.374,35.209,2.9928143372433182
1471148657502846976,1784460000000-632578958264631296-1471148657502846976,1784460000000,1784470352000,1,105.259,34.214,3.0764891564856494
951558414842986496,1784436418000-632578958264631296-951558414842986496,1784436418000,1784449424000,1,105.196,44.782,2.3490688222946723
869903761768710144,1784445979000-632578958264631296-869903761768710144,1784445979000,1784454003000,1,105.189,33.127,3.1753252633803237
1062738070563979264,1784436419000-632578958264631296-1062738070563979264,1784436419000,1784449281000,1,105.035,48.352,2.1722989741892786
942723675356921856,1784420365000-632578958264631296-942723675356921856,1784420365000,1784433794000,1,105.028,51.854,2.025456088247773
1061350580632420352,1784461399000-632578958264631296-1061350580632420352,1784461399000,1784470154000,1,104.837,39.596,2.6476664309526217
1061351650800697344,1784446195000-632578958264631296-1061351650800697344,1784446195000,1784459218000,1,104.781,41.406,2.5305752789450806
1131571393566081024,1784434083000-632578958264631296-1131571393566081024,1784434083000,1784444725000,1,104.667,24.418,4.2864689982799575
1132636149337030656,1784412202000-632578958264631296-1132636149337030656,1784412202000,1784422545000,1,104.55,42.56,2.4565319548872178
1268614873160351744,1784433732000-632578958264631296-1268614873160351744,1784433732000,1784442754000,1,104.124,22.453,4.63742038925756
1081533146517733376,1784421518000-632578958264631296-1081533146517733376,1784421518000,1784430688000,1,104.089,18.101,5.7504557759239825
1046442314819436544,1784419742000-632578958264631296-1046442314819436544,1784419742000,1784428959000,1,104.054,19.844,5.243600080628905
1385588816730914816,1784460779000-632578958264631296-1385588816730914816,1784460779000,1784474310000,1,103.928,42.5,2.4453647058823527
1536014737035231232,1784500565000-632578958264631296-1536014737035231232,1784500565000,1784510076000,1,103.894,27.084,3.835991729434353
1479440816106635264,1784466659000-632578958264631296-1479440816106635264,1784466659000,1784479540000,1,103.5,55.253,1.8732014551246086
952162532812914688,1784455401000-632578958264631296-952162532812914688,1784455401000,1784467003000,1,103.302,35.068,2.9457625185354175
1060630916881186816,1784454286000-632578958264631296-1060630916881186816,1784454286000,1784463717000,1,103.0,36.805,2.7985328080423857
800361869549240320,1784423580000-632578958264631296-800361869549240320,1784423580000,1784432469000,1,102.979,29.525,3.487857747671465
1478688867300147200,1784415840000-632578958264631296-1478688867300147200,1784415840000,1784425247000,1,102.886,39.5,2.6047088607594935
1134878026966761472,1784442414000-632578958264631296-1134878026966761472,1784442414000,1784451029000,1,102.796,32.752,3.138617489008305
1536014654021566464,1784462753000-632578958264631296-1536014654021566464,1784462753000,1784470979000,1,102.748,29.151,3.5246818290967723
1501933902321680384,1784462741000-632578958264631296-1501933902321680384,1784462741000,1784471832000,1,102.733,36.265,2.832841582793327
1500136074981146624,1784462783000-632578958264631296-1500136074981146624,1784462783000,1784471715000,1,102.663,33.837,3.034045571415905
1083726698509238272,1784455861000-632578958264631296-1083726698509238272,1784455861000,1784466042000,1,102.601,36.723,2.793916619012608
1398705978894974976,1784452915000-632578958264631296-1398705978894974976,1784452915000,1784465348000,1,102.498,39.171,2.616680707666386
1478819140813717504,1784445166000-632578958264631296-1478819140813717504,1784445166000,1784454596000,1,102.326,36.579,2.7973974138166704
1464253789857906688,1784424596000-632578958264631296-1464253789857906688,1784424596000,1784433957000,1,102.256,30.142,3.3924756154203437
1536014744312348672,1784444151000-632578958264631296-1536014744312348672,1784444151000,1784455164000,1,102.225,47.227,2.164545704787516
931939397496995840,1784505215000-632578958264631296-931939397496995840,1784505215000,1784512568000,1,102.207,32.115,3.1825315273236803
1545767666730401792,1784435157000-632578958264631296-1545767666730401792,1784435157000,1784442644000,1,102.187,26.627,3.8377211101513504
1540361830973571072,1784435110000-632578958264631296-1540361830973571072,1784435110000,1784442691000,1,102.162,28.517,3.582494652312656
1389244082743672832,1784451556000-632578958264631296-1389244082743672832,1784451556000,1784460374000,1,101.919,39.909,2.553784860557769
787000328028422144,1784448922000-632578958264631296-787000328028422144,1784448922000,1784457404000,1,101.916,30.053,3.3912088643396663
1050037424450699264,1784453072000-632578958264631296-1050037424450699264,1784453072000,1784462196000,1,101.867,42.276,2.4095704418582646
1385589109656911872,1784453008000-632578958264631296-1385589109656911872,1784453008000,1784462356000,1,101.849,47.02,2.166078264568269
869903934959910912,1784437187000-632578958264631296-869903934959910912,1784437187000,1784448484000,1,101.827,40.54,2.511766156882092
970285003134992384,1784451449000-632578958264631296-970285003134992384,1784451449000,1784461637000,1,101.762,31.485,3.232078767667143
786545248472924160,1784428350000-632578958264631296-786545248472924160,1784428350000,1784437985000,1,101.71,36.246,2.806102742371572
939140294748667904,1784422834000-632578958264631296-939140294748667904,1784422834000,1784431801000,1,101.336,35.097,2.8873123058950907
873821465244336128,1784450663000-632578958264631296-873821465244336128,1784450663000,1784459207000,1,101.325,15.377,6.589386746439487
944591832124227584,1784429826000-632578958264631296-944591832124227584,1784429826000,1784438381000,1,101.087,39.204,2.5784868890929498
786246735176400896,1784437238000-632578958264631296-786246735176400896,1784437238000,1784445275000,1,101.034,30.698,3.2912241839859275
873822835015942144,1784447325000-632578958264631296-873822835015942144,1784447325000,1784455762000,1,100.857,39.178,2.5743274286589415
1294704486559776768,1784440447000-632578958264631296-1294704486559776768,1784440447000,1784450239000,1,100.744,29.583,3.4054693574012105
1060872975626010624,1784461833000-632578958264631296-1060872975626010624,1784461833000,1784471436000,1,100.656,32.535,3.093775933609959
1355523374926790656,1784425960000-632578958264631296-1355523374926790656,1784425960000,1784436338000,1,100.61,31.5,3.193968253968254
1428367002015105024,1784427058000-632578958264631296-1428367002015105024,1784427058000,1784436433000,1,100.563,30.627,3.283475364874131
1289307004661137408,1784432260000-632578958264631296-1289307004661137408,1784432260000,1784441929000,1,100.404,32.234,3.114847676366569
1136692610564358144,1784467371000-632578958264631296-1136692610564358144,1784467371000,1784476070000,1,100.316,22.4,4.4783928571428575
1131240645348818944,1784415709000-632578958264631296-1131240645348818944,1784415709000,1784425853000,1,100.293,44.089,2.274785093787566
943858330336493568,1784473859000-632578958264631296-943858330336493568,1784473859000,1784482994000,1,100.106,37.032,2.7032296392309356
1397607242391355392,1784428931000-632578958264631296-1397607242391355392,1784428931000,1784437430000,1,100.095,29.256,3.421349466776046
792451146961649664,1784463923000-632578958264631296-792451146961649664,1784463923000,1784471792000,1,99.703,29.943,3.329759877099823
1441118393376702464,1784420323000-632578958264631296-1441118393376702464,1784420323000,1784430277000,1,99.413,35.086,2.8334093370575157
1050037537222950912,1784438967000-632578958264631296-1050037537222950912,1784438967000,1784449033000,1,99.189,36.599,2.710156015191672
1397607641592627200,1784501781000-632578958264631296-1397607641592627200,1784501781000,1784511713000,1,99.126,34.418,2.88006275785926
780085706063085568,1784455080000-632578958264631296-780085706063085568,1784455080000,1784463549000,1,98.966,30.785,3.2147474419360074
1449735637144961024,1784462809000-632578958264631296-1449735637144961024,1784462809000,1784474293000,1,98.94,31.636,3.127449740801618
1537822792169291776,1784487360000-632578958264631296-1537822792169291776,1784487360000,1784502239000,1,98.885,45.487,2.1739178226746105
1464269416886697984,1784424907000-632578958264631296-1464269416886697984,1784424907000,1784433356000,1,98.849,30.101,3.2839108335271257
1049976646406242304,1784487421000-632578958264631296-1049976646406242304,1784487421000,1784502408000,1,98.846,51.496,1.9194888923411526
947093723013971968,1784418095000-632578958264631296-947093723013971968,1784418095000,1784428350000,1,98.832,49.969,1.9778662770917967
1458037913185943552,1784465557000-632578958264631296-1458037913185943552,1784465557000,1784476498000,1,98.681,30.921,3.191390964069726
1536014517601828864,1784487460000-632578958264631296-1536014517601828864,1784487460000,1784502425000,1,98.577,48.026,2.052575688168908
878252193440858112,1784440623000-632578958264631296-878252193440858112,1784440623000,1784449790000,1,98.392,26.809,3.6701107836920435
869903761768710144,1784466139000-632578958264631296-869903761768710144,1784466139000,1784474311000,1,98.324,31.201,3.1513092529085607
1479440816106635264,1784441312000-632578958264631296-1479440816106635264,1784441312000,1784455729000,1,98.307,51.711,1.901084875558392
946030864989421568,1784460619000-632578958264631296-946030864989421568,1784460619000,1784470938000,1,98.027,22.482,4.360243750556
1396881508228136960,1784437322000-632578958264631296-1396881508228136960,1784437322000,1784445939000,1,97.98,31.316,3.1287520756162985
996809766619578368,1784419098000-632578958264631296-996809766619578368,1784419098000,1784429790000,1,97.902,42.016,2.330112338156893
1526262198169501696,1784451330000-632578958264631296-1526262198169501696,1784451330000,1784459726000,1,97.65,30.173,3.236337122593047
944590866851299328,1784441689000-632578958264631296-944590866851299328,1784441689000,1784450996000,1,97.637,37.585,2.597765065850738
1488129049464143872,1784467819000-632578958264631296-1488129049464143872,1784467819000,1784478384000,1,97.544,42.451,2.2978021719158557
1046752835124854784,1784421303000-632578958264631296-1046752835124854784,1784421303000,1784432152000,1,97.116,39.407,2.464435252620093
847126508215468032,1784474789000-632578958264631296-847126508215468032,1784474789000,1784483457000,1,96.862,22.075,4.387859569648924
800026217909583872,1784415681000-632578958264631296-800026217909583872,1784415681000,1784430968000,1,96.709,31.241,3.0955795269037485
790970372676648960,1784432034000-632578958264631296-790970372676648960,1784432034000,1784440651000,1,96.18,34.321,2.8023658984295334
1046443546271285248,1784423808000-632578958264631296-1046443546271285248,1784423808000,1784433880000,1,96.085,39.217,2.450085422138358
1406229042385911808,1784466169000-632578958264631296-1406229042385911808,1784466169000,1784476435000,1,95.89,25.84,3.7109133126934983
1120316268595904512,1784455916000-632578958264631296-1120316268595904512,1784455916000,1784466494000,1,95.853,31.494,3.0435321013526386
873822835015942144,1784472347000-632578958264631296-873822835015942144,1784472347000,1784479427000,1,95.809,28.044,3.4163814006561117
1467925946630668288,1784469662000-632578958264631296-1467925946630668288,1784469662000,1784480882000,1,95.8,34.881,2.7464808921762565
1464269416886697984,1784466752000-632578958264631296-1464269416886697984,1784466752000,1784476219000,1,95.789,26.873,3.5645071261117107
1458037913185943552,1784485547000-632578958264631296-1458037913185943552,1784485547000,1784493538000,1,95.591,22.465,4.2551079456933
1405141042860130304,1784447023000-632578958264631296-1405141042860130304,1784447023000,1784456846000,1,95.555,24.963,3.827865240556023
780451558935494656,1784444450000-632578958264631296-780451558935494656,1784444450000,1784453176000,1,95.391,27.306,3.49340804218853
1471148657502846976,1784430721000-632578958264631296-1471148657502846976,1784430721000,1784438449000,1,95.375,25.5,3.7401960784313726
1094650284191252480,1784445142000-632578958264631296-1094650284191252480,1784445142000,1784453373000,1,95.326,20.176,4.724722442505947
1067765446171688960,1784435708000-632578958264631296-1067765446171688960,1784435708000,1784443921000,1,95.222,29.389,3.2400558031916704
1536014556927623168,1784468728000-632578958264631296-1536014556927623168,1784468728000,1784477181000,1,95.154,32.408,2.936126882251296
1462138214197231616,1784446279000-632578958264631296-1462138214197231616,1784446279000,1784453582000,1,95.13,25.596,3.7165963431786215
1405177997576634368,1784448046000-632578958264631296-1405177997576634368,1784448046000,1784457032000,1,95.095,19.323,4.92133726647001
1536014751404916736,1784418576000-632578958264631296-1536014751404916736,1784418576000,1784426857000,1,95.094,37.902,2.5089441190438495
1536014730089463808,1784468561000-632578958264631296-1536014730089463808,1784468561000,1784477382000,1,95.079,34.814,2.73105647153444
1277220593376165888,1784448784000-632578958264631296-1277220593376165888,1784448784000,1784457423000,1,95.065,35.634,2.6678172531851603
1536014758619119616,1784462753000-632578958264631296-1536014758619119616,1784462753000,1784470031000,1,95.055,28.445,3.3417120759360173
789513633972355072,1784429841000-632578958264631296-789513633972355072,1784429841000,1784438583000,1,94.83,33.838,2.802470595188841
1067763722711203840,1784420180000-632578958264631296-1067763722711203840,1784420180000,1784432529000,1,94.787,60.643,1.5630328314892075
866648852977942528,1784420613000-632578958264631296-866648852977942528,1784420613000,1784429949000,1,94.73,28.454,3.3292331482392634
1536004619845500928,1784439026000-632578958264631296-1536004619845500928,1784439026000,1784447908000,1,94.722,29.52,3.2087398373983738
1050037048276156416,1784429805000-632578958264631296-1050037048276156416,1784429805000,1784438013000,1,94.677,28.392,3.3346365173288253
1488156307717357568,1784503783000-632578958264631296-1488156307717357568,1784503783000,1784514177000,1,94.675,39.922,2.371499423876559
926835749754503168,1784421141000-632578958264631296-926835749754503168,1784421141000,1784430550000,1,94.644,32.994,2.8685215493726135
848986467664396288,1784429983000-632578958264631296-848986467664396288,1784429983000,1784437381000,1,94.641,34.809,2.7188658105662333
798991075485155328,1784429710000-632578958264631296-798991075485155328,1784429710000,1784437990000,1,94.635,30.202,3.1334017614727503
787000328028422144,1784425693000-632578958264631296-787000328028422144,1784425693000,1784433204000,1,94.588,28.535,3.3148063781321184
939547788868321280,1784421544000-632578958264631296-939547788868321280,1784421544000,1784431056000,1,94.533,27.233,3.471266478169867
1535704124731949056,1784438939000-632578958264631296-1535704124731949056,1784438939000,1784447669000,1,94.508,28.94,3.265653075328265
1536014716214706176,1784417286000-632578958264631296-1536014716214706176,1784417286000,1784426526000,1,94.503,31.953,2.9575626701718147
940988876032311296,1784421596000-632578958264631296-940988876032311296,1784421596000,1784431685000,1,94.426,21.514,4.389048991354467
1525559056574447616,1784426322000-632578958264631296-1525559056574447616,1784426322000,1784434398000,1,94.401,31.738,2.9743840191568465
951558414842986496,1784419010000-632578958264631296-951558414842986496,1784419010000,1784432844000,1,94.32,64.234,1.468381231123704
1067767710965825536,1784430354000-632578958264631296-1067767710965825536,1784430354000,1784438123000,1,94.271,34.957,2.696770317819035
1083040210243026944,1784437502000-632578958264631296-1083040210243026944,1784437502000,1784447459000,1,94.243,34.804,2.7078209401218247
1540361729291059200,1784469703000-632578958264631296-1540361729291059200,1784469703000,1784478517000,1,94.241,32.722,2.8800501191858685
1083728047674228736,1784437460000-632578958264631296-1083728047674228736,1784437460000,1784446679000,1,94.107,38.583,2.439079387294923
1464628801508999168,1784454746000-632578958264631296-1464628801508999168,1784454746000,1784463603000,1,93.878,16.57,5.665540132770066
1083726423769743360,1784429234000-632578958264631296-1083726423769743360,1784429234000,1784438546000,1,93.763,35.605,2.633422272152788
1536402078727929856,1784463713000-632578958264631296-1536402078727929856,1784463713000,1784472449000,1,93.645,36.213,2.585949797034214
1176184196838719488,1784432392000-632578958264631296-1176184196838719488,1784432392000,1784440644000,1,93.561,20.051,4.666151314148921
940988876032311296,1784455535000-632578958264631296-940988876032311296,1784455535000,1784463983000,1,93.424,19.958,4.681030163343021
1144224275478085632,1784450675000-632578958264631296-1144224275478085632,1784450675000,1784458286000,1,93.409,30.339,3.0788424140545176
1064550465066237952,1784466616000-632578958264631296-1064550465066237952,1784466616000,1784475530000,1,93.406,31.255,2.9885138377859546
1458037913185943552,1784432740000-632578958264631296-1458037913185943552,1784432740000,1784441114000,1,93.405,23.746,3.9335045902467787
944591832124227584,1784420374000-632578958264631296-944591832124227584,1784420374000,1784428903000,1,93.383,36.726,2.542694548820999
866648852977942528,1784439970000-632578958264631296-866648852977942528,1784439970000,1784452630000,1,92.969,33.478,2.7770177429953997
1462138214197231616,1784457456000-632578958264631296-1462138214197231616,1784457456000,1784465663000,1,92.92,25.611,3.628128538518605
1061350580632420352,1784425357000-632578958264631296-1061350580632420352,1784425357000,1784433516000,1,92.576,44.028,2.1026619424002906
1083727289243402240,1784501250000-632578958264631296-1083727289243402240,1784501250000,1784513766000,1,92.542,48.071,1.9251107736473134
1067775974323519488,1784440246000-632578958264631296-1067775974323519488,1784440246000,1784448011000,1,92.434,23.123,3.9974916749556715
1298646515224412160,1784433683000-632578958264631296-1298646515224412160,1784433683000,1784442813000,1,92.383,26.28,3.5153348554033483
1465365829724930048,1784424053000-632578958264631296-1465365829724930048,1784424053000,1784432483000,1,92.293,29.266,3.153591197977175
1536014702105067520,1784503756000-632578958264631296-1536014702105067520,1784503756000,1784512084000,1,92.243,30.67,3.0075970003260513
780122893064339456,1784424001000-632578958264631296-780122893064339456,1784424001000,1784431402000,1,92.232,28.178,3.2731918517992757
944587945103327232,1784503833000-632578958264631296-944587945103327232,1784503833000,1784512152000,1,92.229,32.298,2.8555638120007427
1173302979768352768,1784469972000-632578958264631296-1173302979768352768,1784469972000,1784477539000,1,92.039,30.352,3.0323866631523457
1182027923075366912,1784418317000-632578958264631296-1182027923075366912,1784418317000,1784426358000,1,91.982,32.016,2.87300099950025
1183367596062277632,1784456288000-632578958264631296-1183367596062277632,1784456288000,1784464926000,1,91.944,31.519,2.917097623655573
1131240645348818944,1784439398000-632578958264631296-1131240645348818944,1784439398000,1784448173000,1,91.932,40.202,2.2867519028904035
1396881508228136960,1784449788000-632578958264631296-1396881508228136960,1784449788000,1784459792000,1,91.665,38.376,2.38860225140713
1364616390270517248,1784418914000-632578958264631296-1364616390270517248,1784418914000,1784428360000,1,91.501,30.784,2.9723557692307696
1132636149337030656,1784462624000-632578958264631296-1132636149337030656,1784462624000,1784471323000,1,91.488,33.96,2.6939929328621908
866648789010612224,1784450986000-632578958264631296-866648789010612224,1784450986000,1784458720000,1,91.443,30.339,3.014041332937803
1536014758619119616,1784472988000-632578958264631296-1536014758619119616,1784472988000,1784480259000,1,91.275,27.948,3.265886646629455
1389243940330274816,1784437211000-632578958264631296-1389243940330274816,1784437211000,1784450797000,1,91.25,35.19,2.5930662119920433
1094956363722784768,1784438386000-632578958264631296-1094956363722784768,1784438386000,1784448298000,1,91.09,41.088,2.2169489875389408
1132636348465807360,1784453158000-632578958264631296-1132636348465807360,1784453158000,1784462007000,1,90.921,28.367,3.2051679768745376
1131240373310455808,1784470003000-632578958264631296-1131240373310455808,1784470003000,1784481030000,1,90.856,35.82,2.536460078168621
862677666426257408,1784504335000-632578958264631296-862677666426257408,1784504335000,1784514584000,1,90.705,29.759,3.047985483383178
1501933902321680384,1784447748000-632578958264631296-1501933902321680384,1784447748000,1784455576000,1,90.683,29.734,3.049808300262326
1132636490090676224,1784450146000-632578958264631296-1132636490090676224,1784450146000,1784460296000,1,90.616,27.804,3.259099410156812
1083728919393206272,1784476972000-632578958264631296-1083728919393206272,1784476972000,1784486469000,1,90.486,33.791,2.67781361901098
1422205521707925504,1784446936000-632578958264631296-1422205521707925504,1784446936000,1784456310000,1,90.426,21.389,4.227687128898032
1428366867084345344,1784423661000-632578958264631296-1428366867084345344,1784423661000,1784431712000,1,90.338,33.951,2.6608347324084707
1364616390270517248,1784459756000-632578958264631296-1364616390270517248,1784459756000,1784468679000,1,90.269,29.533,3.05654691362205
1294704486559776768,1784459761000-632578958264631296-1294704486559776768,1784459761000,1784468682000,1,90.258,28.13,3.2086029150373268
787687496786903040,1784447741000-632578958264631296-787687496786903040,1784447741000,1784456207000,1,90.254,27.17,3.3218255428781744
780122893064339456,1784460581000-632578958264631296-780122893064339456,1784460581000,1784467210000,1,90.114,23.481,3.8377411524211062
942471450843938816,1784415239000-632578958264631296-942471450843938816,1784415239000,1784422677000,1,89.797,27.667,3.24563559475187
946025929669345280,1784437637000-632578958264631296-946025929669345280,1784437637000,1784446770000,1,89.482,32.662,2.7396362745698366
1458037913185943552,1784449799000-632578958264631296-1458037913185943552,1784449799000,1784458650000,1,89.447,22.874,3.9104223135437617
800026217909583872,1784462516000-632578958264631296-800026217909583872,1784462516000,1784473931000,1,89.354,25.083,3.5623330542598577
1535704124731949056,1784459752000-632578958264631296-1535704124731949056,1784459752000,1784467502000,1,89.329,29.685,3.0092302509685025
1061350361924632576,1784457907000-632578958264631296-1061350361924632576,1784457907000,1784465357000,1,89.108,29.821,2.988095637302572
1109445504082640896,1784417854000-632578958264631296-1109445504082640896,1784417854000,1784426278000,1,88.78,26.434,3.358553378225013
1289306380670337024,1784418060000-632578958264631296-1289306380670337024,1784418060000,1784426234000,1,88.757,26.809,3.310716550412175
1067763722711203840,1784445576000-632578958264631296-1067763722711203840,1784445576000,1784454926000,1,88.7,27.979,3.1702348189713714
1428366867084345344,1784436319000-632578958264631296-1428366867084345344,1784436319000,1784446737000,1,88.625,39.0,2.2724358974358974
1067763553357791232,1784464502000-632578958264631296-1067763553357791232,1784464502000,1784473652000,1,88.59,36.795,2.4076640847941295
790970372676648960,1784461294000-632578958264631296-790970372676648960,1784461294000,1784468633000,1,88.31,25.994,3.3973224590290068
1389243594644127744,1784422417000-632578958264631296-1389243594644127744,1784422417000,1784431620000,1,88.25,31.516,2.800164995557812
1067764901566480384,1784440748000-632578958264631296-1067764901566480384,1784440748000,1784450491000,1,88.245,18.194,4.85022534901616
1540361603277389824,1784429500000-632578958264631296-1540361603277389824,1784429500000,1784436852000,1,88.059,24.918,3.5339513604623165
1535700301011484672,1784426576000-632578958264631296-1535700301011484672,1784426576000,1784433159000,1,87.799,22.265,3.9433640242533126
1062738070563979264,1784452425000-632578958264631296-1062738070563979264,1784452425000,1784461616000,1,87.75,30.63,2.864838393731636
1535700301011484672,1784418721000-632578958264631296-1535700301011484672,1784418721000,1784426206000,1,87.609,26.391,3.3196544276457884
1466797477431607296,1784471859000-632578958264631296-1466797477431607296,1784471859000,1784483321000,1,87.433,33.38,2.619322947872978
780452749606125568,1784466555000-632578958264631296-780452749606125568,1784466555000,1784474928000,1,87.167,30.51,2.856997705670272
787687496786903040,1784421267000-632578958264631296-787687496786903040,1784421267000,1784429595000,1,87.12,35.315,2.4669403936004533
1389243594644127744,1784431624000-632578958264631296-1389243594644127744,1784431624000,1784439225000,1,87.091,33.558,2.595238095238095
1500136074981146624,1784447749000-632578958264631296-1500136074981146624,1784447749000,1784454915000,1,87.054,26.673,3.263749859408391
996809766619578368,1784465475000-632578958264631296-996809766619578368,1784465475000,1784474738000,1,87.034,33.371,2.6080728776482576
1294723291725955072,1784420254000-632578958264631296-1294723291725955072,1784420254000,1784428456000,1,86.763,17.729,4.893846240622709
1109804807901675520,1784435636000-632578958264631296-1109804807901675520,1784435636000,1784444818000,1,86.75,42.886,2.0228046448724526
796385052366733312,1784444812000-632578958264631296-796385052366733312,1784444812000,1784451928000,1,86.693,25.48,3.4023940345368917
1476549765217910784,1784448779000-632578958264631296-1476549765217910784,1784448779000,1784456175000,1,86.561,30.646,2.824544801931737
1536014618822967296,1784443566000-632578958264631296-1536014618822967296,1784443566000,1784452796000,1,86.345,38.964,2.216019915819731
1536014535985463296,1784446191000-632578958264631296-1536014535985463296,1784446191000,1784453635000,1,86.268,30.669,2.8128729335811404
789513633972355072,1784441546000-632578958264631296-789513633972355072,1784441546000,1784449463000,1,86.251,31.729,2.7183649027703365
1076923642098483200,1784461564000-632578958264631296-1076923642098483200,1784461564000,1784473440000,1,86.183,41.326,2.085442578521996
1045646687990710272,1784471432000-632578958264631296-1045646687990710272,1784471432000,1784480956000,1,86.092,25.651,3.3562824061440097
1050037336936546304,1784438710000-632578958264631296-1050037336936546304,1784438710000,1784447415000,1,86.022,33.009,2.6060165409433793
848986467664396288,1784441716000-632578958264631296-848986467664396288,1784441716000,1784448711000,1,85.987,32.707,2.6290090806249427
821719550704746496,1784421145000-632578958264631296-821719550704746496,1784421145000,1784428897000,1,85.89,30.043,2.8589022401224913
1355523374926790656,1784439059000-632578958264631296-1355523374926790656,1784439059000,1784447079000,1,85.789,26.923,3.186457675593359
1428367002015105024,1784439099000-632578958264631296-1428367002015105024,1784439099000,1784447069000,1,85.78,26.54,3.2321024868123587
943819597830684672,1784441878000-632578958264631296-943819597830684672,1784441878000,1784451064000,1,85.758,29.566,2.900561455726172
1422205727123963904,1784415256000-632578958264631296-1422205727123963904,1784415256000,1784426484000,1,85.564,38.487,2.223192246732663
931939397496995840,1784442813000-632578958264631296-931939397496995840,1784442813000,1784450398000,1,85.5,28.843,2.9643240994348714
1536402078727929856,1784434087000-632578958264631296-1536402078727929856,1784434087000,1784440505000,1,85.271,29.179,2.9223414099180918
780059706918961152,1784440679000-632578958264631296-780059706918961152,1784440679000,1784449158000,1,85.248,28.974,2.9422240629529925
1540361603277389824,1784440048000-632578958264631296-1540361603277389824,1784440048000,1784447911000,1,85.196,26.003,3.276391185632427
1132637029964709888,1784452892000-632578958264631296-1132637029964709888,1784452892000,1784463062000,1,85.171,38.769,2.1968841084371538
1545824186436419584,1784449350000-632578958264631296-1545824186436419584,1784449350000,1784459410000,1,85.116,28.92,2.943153526970954
869903934959910912,1784467791000-632578958264631296-869903934959910912,1784467791000,1784474741000,1,85.021,26.461,3.2130682891803035
940246634145513472,1784432073000-632578958264631296-940246634145513472,1784432073000,1784440345000,1,84.878,42.556,1.994501362910048
1127222273418199040,1784434830000-632578958264631296-1127222273418199040,1784434830000,1784441802000,1,84.856,29.442,2.882141158888662
1397607242391355392,1784443825000-632578958264631296-1397607242391355392,1784443825000,1784451113000,1,84.641,27.175,3.114664213431463
943458912718290944,1784429501000-632578958264631296-943458912718290944,1784429501000,1784437443000,1,84.594,26.035,3.2492414057998844
1486725792942522368,1784425219000-632578958264631296-1486725792942522368,1784425219000,1784432727000,1,84.531,14.424,5.860440931780366
780122893064339456,1784446272000-632578958264631296-780122893064339456,1784446272000,1784452718000,1,84.497,18.776,4.5002662974009375
1277220593376165888,1784462238000-632578958264631296-1277220593376165888,1784462238000,1784471613000,1,84.493,23.421,3.6075743990435933
1067764585097854976,1784467319000-632578958264631296-1067764585097854976,1784467319000,1784475088000,1,84.382,28.275,2.9843324491600356
879404563604439040,1784467257000-632578958264631296-879404563604439040,1784467257000,1784475014000,1,84.335,21.527,3.917638314674594
1088168906306093056,1784467332000-632578958264631296-1088168906306093056,1784467332000,1784475064000,1,84.325,24.502,3.4415557913639705
1464283595349688320,1784470068000-632578958264631296-1464283595349688320,1784470068000,1784477078000,1,84.191,16.575,5.079396681749623
1001786725204230144,1784436701000-632578958264631296-1001786725204230144,1784436701000,1784444245000,1,84.137,35.88,2.3449554069119283
1536014702105067520,1784468986000-632578958264631296-1536014702105067520,1784468986000,1784477321000,1,83.883,26.963,3.111041056262285
944589217739046912,1784505159000-632578958264631296-944589217739046912,1784505159000,1784512666000,1,83.814,24.755,3.3857402544940416
1120316721542987776,1784423674000-632578958264631296-1120316721542987776,1784423674000,1784432419000,1,83.796,24.21,3.4612143742255266
1488156307717357568,1784459446000-632578958264631296-1488156307717357568,1784459446000,1784468370000,1,83.769,28.5,2.9392631578947372
860146891080335360,1784421532000-632578958264631296-860146891080335360,1784421532000,1784429944000,1,83.743,32.577,2.570617306688768
1094584670655348736,1784461635000-632578958264631296-1094584670655348736,1784461635000,1784469797000,1,83.684,22.856,3.661358067903395
1422205727123963904,1784431905000-632578958264631296-1422205727123963904,1784431905000,1784442616000,1,83.473,30.246,2.759802949150301
1094584670655348736,1784472393000-632578958264631296-1094584670655348736,1784472393000,1784482203000,1,83.425,28.373,2.940295351214182
780451558935494656,1784428806000-632578958264631296-780451558935494656,1784428806000,1784437280000,1,83.273,24.579,3.3879734732902067
1046443765134262272,1784417993000-632578958264631296-1046443765134262272,1784417993000,1784426452000,1,83.178,31.582,2.633715407510607
1188144161019133952,1784425237000-632578958264631296-1188144161019133952,1784425237000,1784432597000,1,83.127,17.02,4.8840775558166865
1152269303286857728,1784477848000-632578958264631296-1152269303286857728,1784477848000,1784487218000,1,82.995,19.576,4.239630159378831
1132636490090676224,1784504249000-632578958264631296-1132636490090676224,1784504249000,1784511814000,1,82.947,23.246,3.5682267917061004
780451558935494656,1784502575000-632578958264631296-780451558935494656,1784502575000,1784510687000,1,82.845,27.732,2.9873431414971874
1536402078727929856,1784441476000-632578958264631296-1536402078727929856,1784441476000,1784447094000,1,82.773,28.055,2.950383175904473
946035487334727680,1784432327000-632578958264631296-946035487334727680,1784432327000,1784440733000,1,82.705,21.15,3.9104018912529552
1545767666730401792,1784426883000-632578958264631296-1545767666730401792,1784426883000,1784432903000,1,82.678,22.051,3.7493991202213053
931938125880492032,1784461782000-632578958264631296-931938125880492032,1784461782000,1784469683000,1,82.662,36.5,2.2647123287671236
1172939590688833536,1784437647000-632578958264631296-1172939590688833536,1784437647000,1784444669000,1,82.649,29.454,2.8060365315407076
1286311379313098752,1784427573000-632578958264631296-1286311379313098752,1784427573000,1784435735000,1,82.631,23.232,3.556775137741047
1050035941135089664,1784437691000-632578958264631296-1050035941135089664,1784437691000,1784444713000,1,82.609,30.969,2.667473925538441
1540361830973571072,1784426866000-632578958264631296-1540361830973571072,1784426866000,1784432752000,1,82.603,23.114,3.5737215540365144
1023491297677148160,1784457417000-632578958264631296-1023491297677148160,1784457417000,1784465720000,1,82.57,18.472,4.470008661758336
1050037048276156416,1784419675000-632578958264631296-1050037048276156416,1784419675000,1784426374000,1,82.553,24.04,3.4339850249584027
798991075485155328,1784419614000-632578958264631296-798991075485155328,1784419614000,1784426589000,1,82.517,28.318,2.9139416625467898
789513633972355072,1784420239000-632578958264631296-789513633972355072,1784420239000,1784427642000,1,82.513,31.519,2.6178812779593263
848986467664396288,1784419651000-632578958264631296-848986467664396288,1784419651000,1784425930000,1,82.476,32.199,2.5614460076399888
1385588909638942720,1784432566000-632578958264631296-1385588909638942720,1784432566000,1784441103000,1,82.457,21.224,3.8850829249905763
1050037243114160128,1784427887000-632578958264631296-1050037243114160128,1784427887000,1784438472000,1,82.245,36.015,2.283631820074969
862677844923252736,1784458327000-632578958264631296-862677844923252736,1784458327000,1784465949000,1,82.232,25.713,3.198071014661844
1526262198169501696,1784432056000-632578958264631296-1526262198169501696,1784432056000,1784438915000,1,82.207,26.398,3.11413743465414
1397607242391355392,1784419947000-632578958264631296-1397607242391355392,1784419947000,1784427651000,1,82.128,26.057,3.151859385193998
1138783468012961792,1784412360000-632578958264631296-1138783468012961792,1784412360000,1784422275000,1,82.079,40.781,2.012677472352321
1083726698509238272,1784435433000-632578958264631296-1083726698509238272,1784435433000,1784442850000,1,81.945,27.233,3.009033158300591
1286311379313098752,1784462473000-632578958264631296-1286311379313098752,1784462473000,1784470581000,1,81.761,23.426,3.4901818492273544
1177288436235632640,1784443146000-632578958264631296-1177288436235632640,1784443146000,1784450437000,1,81.673,20.162,4.050838210494991
1105915143314735104,1784463608000-632578958264631296-1105915143314735104,1784463608000,1784472630000,1,81.557,38.256,2.131874738603095
1405141042860130304,1784429910000-632578958264631296-1405141042860130304,1784429910000,1784440191000,1,81.549,25.079,3.251684676422505
942470042409238528,1784452504000-632578958264631296-942470042409238528,1784452504000,1784461918000,1,81.492,16.686,4.883854728514923
800361869549240320,1784447982000-632578958264631296-800361869549240320,1784447982000,1784455560000,1,81.454,26.838,3.035024964602429
1535695002116554752,1784431178000-632578958264631296-1535695002116554752,1784431178000,1784440428000,1,81.447,23.948,3.4009938199432104
1046836268442320896,1784452916000-632578958264631296-1046836268442320896,1784452916000,1784462410000,1,81.372,35.831,2.2709943903323935
1094588896550846464,1784450162000-632578958264631296-1094588896550846464,1784450162000,1784461694000,1,81.358,14.792,5.5001352082206605
1422205521707925504,1784429911000-632578958264631296-1422205521707925504,1784429911000,1784439886000,1,81.254,24.5,3.3164897959183675
1181299462874595328,1784441861000-632578958264631296-1181299462874595328,1784441861000,1784448743000,1,81.236,21.788,3.728474389572242
1536014577374855168,1784427918000-632578958264631296-1536014577374855168,1784427918000,1784434659000,1,81.217,25.09,3.237026703866082
1188144161019133952,1784505060000-632578958264631296-1188144161019133952,1784505060000,1784512467000,1,81.188,14.792,5.488642509464576
1406586435233906688,1784446642000-632578958264631296-1406586435233906688,1784446642000,1784458458000,1,81.179,40.492,2.00481576607725
1486725792942522368,1784504821000-632578958264631296-1486725792942522368,1784504821000,1784512595000,1,81.152,15.008,5.40724946695096
943819597830684672,1784418360000-632578958264631296-943819597830684672,1784418360000,1784426581000,1,81.039,22.805,3.5535628151721115
1545824482457812992,1784426333000-632578958264631296-1545824482457812992,1784426333000,1784433998000,1,81.025,33.607,2.4109560508227457
1396881703661731840,1784505539000-632578958264631296-1396881703661731840,1784505539000,1784514618000,1,80.945,28.034,2.88738674466719
866648789010612224,1784463868000-632578958264631296-866648789010612224,1784463868000,1784471672000,1,80.933,32.047,2.525446999719163
947102733284933632,1784422010000-632578958264631296-947102733284933632,1784422010000,1784429430000,1,80.843,35.77,2.260078277886497
1120316268595904512,1784468424000-632578958264631296-1120316268595904512,1784468424000,1784475547000,1,80.828,28.883,2.798462763563342
1131239476161413120,1784452388000-632578958264631296-1131239476161413120,1784452388000,1784459632000,1,80.782,29.66,2.7236008091706
1105915143314735104,1784446512000-632578958264631296-1105915143314735104,1784446512000,1784457733000,1,80.753,56.608,1.42652981910684
1050781444223270912,1784457730000-632578958264631296-1050781444223270912,1784457730000,1784466246000,1,80.707,46.478,1.7364559576573861
862693652038680576,1784473837000-632578958264631296-862693652038680576,1784473837000,1784481411000,1,80.491,22.493,3.5784910861156805
1535695002116554752,1784455137000-632578958264631296-1535695002116554752,1784455137000,1784463071000,1,80.458,28.889,2.7850739035619094
944587945103327232,1784454696000-632578958264631296-944587945103327232,1784454696000,1784462107000,1,80.446,27.493,2.92605390463027
1141991039255445504,1784453855000-632578958264631296-1141991039255445504,1784453855000,1784461609000,1,80.398,30.313,2.652261405997427
866245317551456256,1784467080000-632578958264631296-866245317551456256,1784467080000,1784474807000,1,80.366,23.817,3.374312465885712
1070334753032372224,1784443370000-632578958264631296-1070334753032372224,1784443370000,1784452031000,1,80.22,35.439,2.263607889613138
1161574576161816576,1784429429000-632578958264631296-1161574576161816576,1784429429000,1784436238000,1,80.167,28.763,2.7871571115669433
792451146961649664,1784442485000-632578958264631296-792451146961649664,1784442485000,1784448628000,1,80.127,20.131,3.980279171427152
1093087265762050048,1784438589000-632578958264631296-1093087265762050048,1784438589000,1784447537000,1,80.085,14.145,5.661717921527041
942469061864849408,1784451976000-632578958264631296-942469061864849408,1784451976000,1784460888000,1,80.022,35.229,2.2714808822277104
1500145408670695424,1784433048000-632578958264631296-1500145408670695424,1784433048000,1784440843000,1,80.0,29.463,2.7152699996605913
818154714091749376,1784437659000-632578958264631296-818154714091749376,1784437659000,1784444457000,1,79.969,15.021,5.323813328007455
1083040452048846848,1784438944000-632578958264631296-1083040452048846848,1784438944000,1784447499000,1,79.903,12.834,6.225884369643136
1385305291104452608,1784474351000-632578958264631296-1385305291104452608,1784474351000,1784481259000,1,79.897,15.835,5.04559520050521
1406229042385911808,1784435502000-632578958264631296-1406229042385911808,1784435502000,1784443230000,1,79.894,28.358,2.8173354961562875
1355523374926790656,1784451225000-632578958264631296-1355523374926790656,1784451225000,1784458675000,1,79.887,29.443,2.713276500356621
1428367002015105024,1784451223000-632578958264631296-1428367002015105024,1784451223000,1784458818000,1,79.881,30.43,2.6250739401906014
928334310946111488,1784439338000-632578958264631296-928334310946111488,1784439338000,1784446190000,1,79.724,28.48,2.799297752808989
943458912718290944,1784438465000-632578958264631296-943458912718290944,1784438465000,1784445596000,1,79.711,25.502,3.1256764175358795
1136692610564358144,1784438952000-632578958264631296-1136692610564358144,1784438952000,1784447356000,1,79.595,21.556,3.6924754128780846
912747932862644224,1784449494000-632578958264631296-912747932862644224,1784449494000,1784456607000,1,79.571,22.458,3.5431026805592665
862677666426257408,1784460861000-632578958264631296-862677666426257408,1784460861000,1784467635000,1,79.568,21.699,3.6668970920318906
1364616390270517248,1784430278000-632578958264631296-1364616390270517248,1784430278000,1784437663000,1,79.558,22.898,3.474451917198009
1294704486559776768,1784430282000-632578958264631296-1294704486559776768,1784430282000,1784437722000,1,79.548,21.261,3.7414985184139975
1536014751404916736,1784437412000-632578958264631296-1536014751404916736,1784437412000,1784444093000,1,79.515,28.841,2.757012586248743
1536014618822967296,1784455787000-632578958264631296-1536014618822967296,1784455787000,1784466000000,1,79.505,45.53,1.7462112892598285
800361869549240320,1784467287000-632578958264631296-800361869549240320,1784467287000,1784475824000,1,79.427,25.049,3.1708651043953853
1535695002116554752,1784417333000-632578958264631296-1535695002116554752,1784417333000,1784428559000,1,79.418,25.645,3.0968219925911487
1479447378401427456,1784449325000-632578958264631296-1479447378401427456,1784449325000,1784459326000,1,79.416,15.328,5.181106471816284
780122893064339456,1784435734000-632578958264631296-780122893064339456,1784435734000,1784442219000,1,79.322,23.965,3.3099102858335074
1536014737035231232,1784447154000-632578958264631296-1536014737035231232,1784447154000,1784454082000,1,79.288,19.661,4.032755200651034
938442824968306688,1784460897000-632578958264631296-938442824968306688,1784460897000,1784469476000,1,79.1,22.887,3.456110455717219
947581389623001088,1784457183000-632578958264631296-947581389623001088,1784457183000,1784464333000,1,78.964,15.742,5.016135179773853
1046443546271285248,1784457229000-632578958264631296-1046443546271285248,1784457229000,1784465193000,1,78.851,31.931,2.4694184334972284
1389244082743672832,1784424035000-632578958264631296-1389244082743672832,1784424035000,1784430959000,1,78.815,28.231,2.7917891679359568
997896292355014656,1784433038000-632578958264631296-997896292355014656,1784433038000,1784441287000,1,78.803,24.994,3.152876690405697
791672232936996864,1784473871000-632578958264631296-791672232936996864,1784473871000,1784481006000,1,78.802,24.358,3.235158880039412
1071018553202704384,1784428237000-632578958264631296-1071018553202704384,1784428237000,1784434954000,1,78.736,19.663,4.004271982912068
1083726887294861312,1784450333000-632578958264631296-1083726887294861312,1784450333000,1784458267000,1,78.42,35.56,2.205286839145107
947581389623001088,1784465181000-632578958264631296-947581389623001088,1784465181000,1784472003000,1,78.374,16.647,4.707995434612843
944590866851299328,1784422500000-632578958264631296-944590866851299328,1784422500000,1784432783000,1,78.278,29.43,2.6598029221882435
862693652038680576,1784483963000-632578958264631296-862693652038680576,1784483963000,1784489545000,1,78.217,18.536,4.219734570565386
1536014702105067520,1784421137000-632578958264631296-1536014702105067520,1784421137000,1784428329000,1,78.157,32.345,2.4163549234812183
912747932862644224,1784474475000-632578958264631296-912747932862644224,1784474475000,1784482195000,1,78.145,22.904,3.41184945860985
1477629723302428672,1784438417000-632578958264631296-1477629723302428672,1784438417000,1784445703000,1,78.087,26.225,2.977578646329838
944587945103327232,1784421109000-632578958264631296-944587945103327232,1784421109000,1784428959000,1,78.082,42.393,1.841860684546977
866245373776101376,1784480571000-632578958264631296-866245373776101376,1784480571000,1784487810000,1,78.036,25.579,3.0507838461237733
1083726423769743360,1784464699000-632578958264631296-1083726423769743360,1784464699000,1784472166000,1,77.992,21.977,3.5488010192473953
1177288436235632640,1784453545000-632578958264631296-1177288436235632640,1784453545000,1784461206000,1,77.739,22.409,3.469097237716989
1475453057469775872,1784427769000-632578958264631296-1475453057469775872,1784427769000,1784434175000,1,77.571,21.618,3.5882597835137386
1045646209449984000,1784464670000-632578958264631296-1045646209449984000,1784464670000,1784472098000,1,77.548,28.688,2.7031511433351927
796385052366733312,1784453205000-632578958264631296-796385052366733312,1784453205000,1784460207000,1,77.523,27.243,2.845611716771281
946036270407090176,1784464656000-632578958264631296-946036270407090176,1784464656000,1784471459000,1,77.511,31.86,2.4328625235404897
1545824186436419584,1784467072000-632578958264631296-1545824186436419584,1784467072000,1784477699000,1,77.457,27.752,2.7910420870567885
789852692640956416,1784467181000-632578958264631296-789852692640956416,1784467181000,1784474271000,1,77.411,26.217,2.952702444978449
1389244082743672832,1784440670000-632578958264631296-1389244082743672832,1784440670000,1784447848000,1,77.345,37.925,2.039419907712591
1083726561296777216,1784503027000-632578958264631296-1083726561296777216,1784503027000,1784510224000,1,77.1,23.379,3.2978313871423066
1093476797997121536,1784421158000-632578958264631296-1093476797997121536,1784421158000,1784428261000,1,77.046,14.545,5.297078033688553
1462138214197231616,1784440206000-632578958264631296-1462138214197231616,1784440206000,1784446260000,1,76.495,23.262,3.288410282864758
1067775063052255232,1784460448000-632578958264631296-1067775063052255232,1784460448000,1784468441000,1,76.492,25.586,2.9896036895177054
1094650284191252480,1784423286000-632578958264631296-1094650284191252480,1784423286000,1784429974000,1,76.261,15.281,4.990576532949413
1083726698509238272,1784466242000-632578958264631296-1083726698509238272,1784466242000,1784474149000,1,76.255,29.07,2.6231510147918815
787000328028422144,1784462070000-632578958264631296-787000328028422144,1784462070000,1784469014000,1,76.162,23.817,3.197799890834278
1093089257012068352,1784436370000-632578958264631296-1093089257012068352,1784436370000,1784443503000,1,75.957,22.992,3.3036273486430057
786246735176400896,1784473995000-632578958264631296-786246735176400896,1784473995000,1784480183000,1,75.935,26.15,2.903824091778203
1067775063052255232,1784453450000-632578958264631296-1067775063052255232,1784453450000,1784460446000,1,75.905,22.793,3.3301890931426317
1067793936933715968,1784431113000-632578958264631296-1067793936933715968,1784431113000,1784438524000,1,75.875,32.812,2.3124161891990735
1101157025884143616,1784454725000-632578958264631296-1101157025884143616,1784454725000,1784463959000,1,75.832,29.11,2.60501545860529
1138167953473142784,1784477286000-632578958264631296-1138167953473142784,1784477286000,1784483589000,1,75.8,14.533,5.215715956787999
857602255610707968,1784469818000-632578958264631296-857602255610707968,1784469818000,1784476875000,1,75.78,24.822,3.0529369108049313
1397607641592627200,1784436200000-632578958264631296-1397607641592627200,1784436200000,1784443151000,1,75.779,21.318,3.5546955624355
1545767666730401792,1784445422000-632578958264631296-1545767666730401792,1784445422000,1784451690000,1,75.74,21.899,3.4586054157724093
1144224275478085632,1784436487000-632578958264631296-1144224275478085632,1784436487000,1784442859000,1,75.717,25.875,2.9262608695652172
1540361830973571072,1784445359000-632578958264631296-1540361830973571072,1784445359000,1784451839000,1,75.708,25.293,2.993239236152295
1397607641592627200,1784451007000-632578958264631296-1397607641592627200,1784451007000,1784457741000,1,75.548,19.968,3.7834535256410255
1093089257012068352,1784450943000-632578958264631296-1093089257012068352,1784450943000,1784458269000,1,75.508,18.778,4.02108850782831
1545824482457812992,1784450599000-632578958264631296-1545824482457812992,1784450599000,1784457129000,1,75.393,25.307,2.979136207373454
1101524127430213632,1784435976000-632578958264631296-1101524127430213632,1784435976000,1784446368000,1,75.289,38.29,1.9662836249673545
1536014681523617792,1784431085000-632578958264631296-1536014681523617792,1784431085000,1784438437000,1,75.252,26.81,2.8068631107795596
1536014625517076480,1784456341000-632578958264631296-1536014625517076480,1784456341000,1784463694000,1,75.088,31.662,2.371549491504011
1049341310072258560,1784419376000-632578958264631296-1049341310072258560,1784419376000,1784427210000,1,74.867,29.791,2.5130744184485247
1536014667858575360,1784458657000-632578958264631296-1536014667858575360,1784458657000,1784465921000,1,74.857,28.033,2.6703171262440693
1093089257012068352,1784425825000-632578958264631296-1093089257012068352,1784425825000,1784434120000,1,74.77,30.491,2.4521990095437998
1536014505966829568,1784500117000-632578958264631296-1536014505966829568,1784500117000,1784506356000,1,74.675,23.249,3.2119661060690783
877447567619653632,1784474438000-632578958264631296-877447567619653632,1784474438000,1784483815000,1,74.663,23.246,3.211864406779661
947582270531698688,1784468692000-632578958264631296-947582270531698688,1784468692000,1784475372000,1,74.179,26.187,2.8326650628174286
1467925946630668288,1784459453000-632578958264631296-1467925946630668288,1784459453000,1784467509000,1,74.166,24.494,3.0279252061729403
1049341310072258560,1784452525000-632578958264631296-1049341310072258560,1784452525000,1784458861000,1,74.164,14.524,5.106306802533737
1536014577374855168,1784434871000-632578958264631296-1536014577374855168,1784434871000,1784442449000,1,74.16,22.086,3.3577832110839445
939547788868321280,1784434745000-632578958264631296-939547788868321280,1784434745000,1784442566000,1,74.066,22.342,3.3151016023632622
1073994678560358400,1784480529000-632578958264631296-1073994678560358400,1784480529000,1784487225000,1,73.995,13.837,5.347618703476187
1067776196789403648,1784435960000-632578958264631296-1067776196789403648,1784435960000,1784442905000,1,73.989,24.405,3.0317148125384143
928334310946111488,1784501898000-632578958264631296-928334310946111488,1784501898000,1784508765000,1,73.866,29.052,2.542544403139199
1067764779667423232,1784464509000-632578958264631296-1067764779667423232,1784464509000,1784472420000,1,73.67,28.353,2.5983141113815114
1067765189559975936,1784502662000-632578958264631296-1067765189559975936,1784502662000,1784509492000,1,73.631,27.782,2.650313152400835
1406586435233906688,1784466607000-632578958264631296-1406586435233906688,1784466607000,1784475160000,1,73.604,32.839,2.241359359298395
1152269356621627392,1784457594000-632578958264631296-1152269356621627392,1784457594000,1784466416000,1,73.525,42.911,1.7134301228123325
1362452416535986176,1784497542000-632578958264631296-1362452416535986176,1784497542000,1784506624000,1,73.308,39.744,1.8445048309178746
1211786303754993664,1784465500000-632578958264631296-1211786303754993664,1784465500000,1784473620000,1,73.258,23.316,3.1419626007891575
1389243594644127744,1784477250000-632578958264631296-1389243594644127744,1784477250000,1784483862000,1,73.25,13.534,5.412294960839367
1298646515224412160,1784419977000-632578958264631296-1298646515224412160,1784419977000,1784430580000,1,73.231,31.944,2.29248059103431
1141991039255445504,1784424188000-632578958264631296-1141991039255445504,1784424188000,1784430845000,1,73.159,28.05,2.6081639928698754
1545824186436419584,1784503873000-632578958264631296-1545824186436419584,1784503873000,1784510734000,1,73.092,21.94,3.3314494074749312
1061351650800697344,1784465516000-632578958264631296-1061351650800697344,1784465516000,1784476577000,1,73.054,40.692,1.7952914577803991
1488156307717357568,1784446764000-632578958264631296-1488156307717357568,1784446764000,1784453420000,1,72.965,21.988,3.3184009459705295
869918310366445568,1784426035000-632578958264631296-869918310366445568,1784426035000,1784432158000,1,72.848,18.596,3.917401591740159
1138167953473142784,1784470206000-632578958264631296-1138167953473142784,1784470206000,1784477282000,1,72.783,26.675,2.728509840674789
939547018001383424,1784467979000-632578958264631296-939547018001383424,1784467979000,1784475796000,1,72.65,29.164,2.491084899190783
1535695002116554752,1784442191000-632578958264631296-1535695002116554752,1784442191000,1784450639000,1,72.625,29.265,2.481633350418589
942471450843938816,1784422682000-632578958264631296-942471450843938816,1784422682000,1784429383000,1,72.625,34.923,2.0795750651433154
1397607242391355392,1784455772000-632578958264631296-1397607242391355392,1784455772000,1784462296000,1,72.592,23.453,3.095211699995736
1289307004661137408,1784419784000-632578958264631296-1289307004661137408,1784419784000,1784430076000,1,72.52,33.478,2.1661986976521894
1540361934212169728,1784422679000-632578958264631296-1540361934212169728,1784422679000,1784428512000,1,72.516,18.882,3.840482999682237
1046443546271285248,1784501738000-632578958264631296-1046443546271285248,1784501738000,1784508572000,1,72.513,23.599,3.0727149455485403
1458037913185943552,1784499312000-632578958264631296-1458037913185943552,1784499312000,1784505439000,1,72.474,22.437,3.2301109774033963
1458037913185943552,1784477217000-632578958264631296-1458037913185943552,1784477217000,1784484202000,1,72.471,14.646,4.948176976648915
1389243594644127744,1784470005000-632578958264631296-1389243594644127744,1784470005000,1784477008000,1,72.398,27.144,2.6671824344238138
1132636348465807360,1784443859000-632578958264631296-1132636348465807360,1784443859000,1784451031000,1,72.341,24.857,2.9102868407289697
1083728245179809792,1784437666000-632578958264631296-1083728245179809792,1784437666000,1784444641000,1,72.335,16.564,4.36700072446269
1076924285072703488,1784427577000-632578958264631296-1076924285072703488,1784427577000,1784433049000,1,72.307,23.289,3.104770492507192
1042868881099587584,1784430384000-632578958264631296-1042868881099587584,1784430384000,1784436647000,1,72.303,14.049,5.146487294469357
1464260641047969792,1784430405000-632578958264631296-1464260641047969792,1784430405000,1784436632000,1,72.3,12.568,5.752705283259071
796385052366733312,1784422034000-632578958264631296-796385052366733312,1784422034000,1784429622000,1,72.222,25.851,2.7937797377277476
1536014618822967296,1784473054000-632578958264631296-1536014618822967296,1784473054000,1784482561000,1,72.104,28.742,2.5086632802171036
1083726789898928128,1784435879000-632578958264631296-1083726789898928128,1784435879000,1784443135000,1,71.868,25.172,2.8550770697600507
1109804807901675520,1784468739000-632578958264631296-1109804807901675520,1784468739000,1784475839000,1,71.839,29.565,2.4298663960764415
947452563299500032,1784471480000-632578958264631296-947452563299500032,1784471480000,1784479348000,1,71.681,30.652,2.3385423463395534
1093087738300727296,1784424559000-632578958264631296-1093087738300727296,1784424559000,1784434774000,1,71.564,34.0,2.1048235294117643
1545824186436419584,1784424416000-632578958264631296-1545824186436419584,1784424416000,1784431162000,1,71.528,22.564,3.170005318205992
944587945103327232,1784436119000-632578958264631296-944587945103327232,1784436119000,1784442674000,1,71.421,24.686,2.893178319695374
933416236518211584,1784438057000-632578958264631296-933416236518211584,1784438057000,1784445749000,1,70.925,22.993,3.08463445396425
944589217739046912,1784437938000-632578958264631296-944589217739046912,1784437938000,1784445488000,1,70.838,21.333,3.3205831341114704
1067767710965825536,1784421777000-632578958264631296-1067767710965825536,1784421777000,1784428374000,1,70.827,29.024,2.4402907938257994
1093476797997121536,1784428735000-632578958264631296-1093476797997121536,1784428735000,1784434690000,1,70.701,15.168,4.6611946202531644
1136692610564358144,1784461555000-632578958264631296-1136692610564358144,1784461555000,1784466689000,1,70.687,13.849,5.104123041374828
1061350711461150720,1784493007000-632578958264631296-1061350711461150720,1784493007000,1784503896000,1,70.618,39.838,1.7726291480496008
870568761881526272,1784463598000-632578958264631296-870568761881526272,1784463598000,1784469615000,1,70.571,19.353,3.646514752234795
1061350580632420352,1784441320000-632578958264631296-1061350580632420352,1784441320000,1784449103000,1,70.256,42.313,1.660388060406967
780451558935494656,1784417371000-632578958264631296-780451558935494656,1784417371000,1784423354000,1,70.228,20.006,3.5103468959312205
873568577507033088,1784457255000-632578958264631296-873568577507033088,1784457255000,1784464011000,1,70.127,25.914,2.7061433973913713
1083040210243026944,1784462978000-632578958264631296-1083040210243026944,1784462978000,1784469594000,1,70.02,21.234,3.2975416784402367
1385588816730914816,1784430444000-632578958264631296-1385588816730914816,1784430444000,1784440088000,1,69.901,27.155,2.5741484072914744
1536014723353411584,1784440737000-632578958264631296-1536014723353411584,1784440737000,1784446933000,1,69.9,15.011,4.656585170874693
1422205425331208192,1784452751000-632578958264631296-1422205425331208192,1784452751000,1784460667000,1,69.789,33.25,2.098917293233083
1441118393376702464,1784437740000-632578958264631296-1441118393376702464,1784437740000,1784444794000,1,69.658,25.728,2.707478233830846
1152269356621627392,1784426597000-632578958264631296-1152269356621627392,1784426597000,1784433672000,1,69.635,26.465,2.631211033440393
1536014751404916736,1784430349000-632578958264631296-1536014751404916736,1784430349000,1784436600000,1,69.573,19.57,3.555084312723556
1182027923075366912,1784433890000-632578958264631296-1182027923075366912,1784433890000,1784439833000,1,69.492,20.83,3.336149783965435
1488156479612518400,1784465164000-632578958264631296-1488156479612518400,1784465164000,1784473562000,1,69.392,26.098,2.6589010652157254
1536014654021566464,1784472945000-632578958264631296-1536014654021566464,1784472945000,1784479061000,1,69.391,20.25,3.4267160493827165
1536004619845500928,1784466837000-632578958264631296-1536004619845500928,1784466837000,1784472473000,1,69.314,22.011,3.1490618327200033
1536014758619119616,1784425980000-632578958264631296-1536014758619119616,1784425980000,1784431768000,1,69.121,21.765,3.1757868136917065
1176184196838719488,1784422592000-632578958264631296-1176184196838719488,1784422592000,1784428506000,1,69.041,14.187,4.866497497709171
1131239476161413120,1784438660000-632578958264631296-1131239476161413120,1784438660000,1784445515000,1,68.984,25.092,2.7492427865455125
1067765189559975936,1784445852000-632578958264631296-1067765189559975936,1784445852000,1784451901000,1,68.92,27.443,2.511387239004482
869903934959910912,1784423422000-632578958264631296-869903934959910912,1784423422000,1784430416000,1,68.877,29.242,2.355413446412694
1067763722711203840,1784478433000-632578958264631296-1067763722711203840,1784478433000,1784484978000,1,68.7,19.346,3.551121678900031
1428031634325635072,1784417245000-632578958264631296-1428031634325635072,1784417245000,1784424305000,1,68.63,12.769,5.374735687994361
916722872880201728,1784501342000-632578958264631296-916722872880201728,1784501342000,1784510172000,1,68.572,14.914,4.597827544588977
1182027923075366912,1784445396000-632578958264631296-1182027923075366912,1784445396000,1784451482000,1,68.564,24.486,2.8001306869231395
1540361934212169728,1784466167000-632578958264631296-1540361934212169728,1784466167000,1784471219000,1,68.555,22.048,3.1093523222060964
1536014577374855168,1784445712000-632578958264631296-1536014577374855168,1784445712000,1784451452000,1,68.495,23.312,2.9381863417982155
1132636490090676224,1784470087000-632578958264631296-1132636490090676224,1784470087000,1784476004000,1,68.475,19.857,3.4484061036410334
922469481249243136,1784476440000-632578958264631296-922469481249243136,1784476440000,1784484348000,1,68.417,25.386,2.695068147797999
1067763903368265728,1784480760000-632578958264631296-1067763903368265728,1784480760000,1784489948000,1,68.286,40.898,1.669665998337327
1477629723302428672,1784466884000-632578958264631296-1477629723302428672,1784466884000,1784474589000,1,68.25,25.248,2.703184410646388
1046836268442320896,1784467211000-632578958264631296-1046836268442320896,1784467211000,1784475707000,1,68.138,29.0,2.349586206896552
1465365829724930048,1784440687000-632578958264631296-1465365829724930048,1784440687000,1784447335000,1,68.13,24.419,2.790040542200745
873822835015942144,1784461218000-632578958264631296-873822835015942144,1784461218000,1784466845000,1,68.071,16.515,4.121768089615501
1398705978894974976,1784467185000-632578958264631296-1398705978894974976,1784467185000,1784475871000,1,68.054,23.956,2.840791450993488
1182027923075366912,1784473150000-632578958264631296-1182027923075366912,1784473150000,1784478673000,1,68.039,22.319,3.048478874501546
1083726613264203776,1784441855000-632578958264631296-1083726613264203776,1784441855000,1784450448000,1,68.022,35.765,1.9019152803019714
1536014577374855168,1784473141000-632578958264631296-1536014577374855168,1784473141000,1784479052000,1,67.964,23.588,2.8812955740206885
1064494636166283264,1784473655000-632578958264631296-1064494636166283264,1784473655000,1784480209000,1,67.875,25.039,2.7107711969327846
1389244082743672832,1784462592000-632578958264631296-1389244082743672832,1784462592000,1784468714000,1,67.851,23.452,2.8931860822104722
791672232936996864,1784463797000-632578958264631296-791672232936996864,1784463797000,1784471527000,1,67.795,25.121,2.6987381075594126
1131240645348818944,1784468965000-632578958264631296-1131240645348818944,1784468965000,1784477080000,1,67.79,30.155,2.2480517327143095
1073994678560358400,1784453934000-632578958264631296-1073994678560358400,1784453934000,1784460108000,1,67.778,15.594,4.346415287931256
952162532812914688,1784440840000-632578958264631296-952162532812914688,1784440840000,1784447449000,1,67.723,24.258,2.7917800313298704
1478688867300147200,1784440277000-632578958264631296-1478688867300147200,1784440277000,1784447938000,1,67.602,31.17,2.1688161693936476
1161991673035620352,1784431834000-632578958264631296-1161991673035620352,1784431834000,1784438982000,1,67.468,12.317,5.477632540391329
1120316481867874304,1784431832000-632578958264631296-1120316481867874304,1784431832000,1784438946000,1,67.433,13.703,4.921039188498869
1050781532765028352,1784431850000-632578958264631296-1050781532765028352,1784431850000,1784439097000,1,67.429,13.979,4.823592531654625
1132636490090676224,1784476413000-632578958264631296-1132636490090676224,1784476413000,1784482141000,1,67.377,21.372,3.152582818641213
1471148657502846976,1784422550000-632578958264631296-1471148657502846976,1784422550000,1784428583000,1,67.337,22.285,3.021628898362127
882591537697914880,1784467474000-632578958264631296-882591537697914880,1784467474000,1784475881000,1,67.301,26.963,2.4960501427882655
1120316268595904512,1784477626000-632578958264631296-1120316268595904512,1784477626000,1784483288000,1,67.181,22.549,2.979333895072952
786329294770012160,1784454119000-632578958264631296-786329294770012160,1784454119000,1784459507000,1,67.131,23.828,2.817315762967937
1067776270814674944,1784463068000-632578958264631296-1067776270814674944,1784463068000,1784469704000,1,67.081,22.721,2.952378856564412
1072872003913908224,1784436034000-632578958264631296-1072872003913908224,1784436034000,1784441894000,1,66.967,32.557,2.056915563473293
1135631306680434688,1784442767000-632578958264631296-1135631306680434688,1784442767000,1784449767000,1,66.86,26.506,2.5224477476797706
1182027923075366912,1784479787000-632578958264631296-1182027923075366912,1784479787000,1784485324000,1,66.8,22.337,2.990553789676322
786246735176400896,1784464071000-632578958264631296-786246735176400896,1784464071000,1784471672000,1,66.729,29.334,2.2748005727142564
1441118393376702464,1784459111000-632578958264631296-1441118393376702464,1784459111000,1784465744000,1,66.6,27.282,2.441170002199252
1112389405491855360,1784428215000-632578958264631296-1112389405491855360,1784428215000,1784434075000,1,66.461,13.356,4.976115603474094
1136716787434389504,1784455652000-632578958264631296-1136716787434389504,1784455652000,1784463466000,1,66.195,21.229,3.1181402798059255
1132637029964709888,1784465171000-632578958264631296-1132637029964709888,1784465171000,1784474176000,1,66.159,35.494,1.8639488364230576
1045015172411817984,1784474781000-632578958264631296-1045015172411817984,1784474781000,1784481041000,1,66.125,22.894,2.8883113479514284
786329294770012160,1784431987000-632578958264631296-786329294770012160,1784431987000,1784437213000,1,66.007,25.089,2.630913946350991
1067763553357791232,1784421392000-632578958264631296-1067763553357791232,1784421392000,1784427477000,1,66.002,23.096,2.857724281260824
1500145408670695424,1784461561000-632578958264631296-1500145408670695424,1784461561000,1784467584000,1,66.0,19.679,3.3538289547233093
780109531760820224,1784427062000-632578958264631296-780109531760820224,1784427062000,1784433052000,1,65.951,21.717,3.0368375005755857
1161991673035620352,1784420608000-632578958264631296-1161991673035620352,1784420608000,1784426487000,1,65.758,12.893,5.1002869774296125
1120316481867874304,1784420602000-632578958264631296-1120316481867874304,1784420602000,1784426540000,1,65.733,13.487,4.873804404241121
1083726740557135872,1784420632000-632578958264631296-1083726740557135872,1784420632000,1784426469000,1,65.723,12.679,5.183610694849752
1536014556927623168,1784437913000-632578958264631296-1536014556927623168,1784437913000,1784443328000,1,65.64,22.509,2.9161668665866984
1540361830973571072,1784417819000-632578958264631296-1540361830973571072,1784417819000,1784425360000,1,65.566,22.548,2.9078410502040097
1545767666730401792,1784418120000-632578958264631296-1545767666730401792,1784418120000,1784425380000,1,65.556,21.947,2.9870141705016633
1389243774684626944,1784439348000-632578958264631296-1389243774684626944,1784439348000,1784445611000,1,65.398,22.265,2.9372557826184593
931939397496995840,1784437071000-632578958264631296-931939397496995840,1784437071000,1784442758000,1,65.334,23.525,2.777215727948991
943458912718290944,1784451666000-632578958264631296-943458912718290944,1784451666000,1784457457000,1,65.253,18.588,3.510490639122014
1050781532765028352,1784420648000-632578958264631296-1050781532765028352,1784420648000,1784426533000,1,65.183,14.644,4.451174542474734
879404563604439040,1784459101000-632578958264631296-879404563604439040,1784459101000,1784464998000,1,65.111,16.981,3.8343442671220775
1181299462874595328,1784426173000-632578958264631296-1181299462874595328,1784426173000,1784432249000,1,65.071,19.373,3.3588499458008565
997896292355014656,1784461554000-632578958264631296-997896292355014656,1784461554000,1784467724000,1,65.054,17.433,3.7316583491080135
943857890790211584,1784461375000-632578958264631296-943857890790211584,1784461375000,1784468489000,1,64.925,29.362,2.211191335740072
879404563604439040,1784445886000-632578958264631296-879404563604439040,1784445886000,1784452908000,1,64.905,13.682,4.743824002338839
942426738309201920,1784445006000-632578958264631296-942426738309201920,1784445006000,1784450720000,1,64.892,14.907,4.353122694036358
1083728919393206272,1784434227000-632578958264631296-1083728919393206272,1784434227000,1784441275000,1,64.836,24.186,2.6807243860084347
1088168906306093056,1784445839000-632578958264631296-1088168906306093056,1784445839000,1784453481000,1,64.827,18.589,3.487385012641885
866686265431425024,1784445036000-632578958264631296-866686265431425024,1784445036000,1784450634000,1,64.82,15.979,4.056574253707992
1441118393376702464,1784450410000-632578958264631296-1441118393376702464,1784450410000,1784457550000,1,64.719,25.957,2.4933158685518353
1067765189559975936,1784422268000-632578958264631296-1067765189559975936,1784422268000,1784430516000,1,64.706,41.5,1.5591807228915664
1132636149337030656,1784438900000-632578958264631296-1132636149337030656,1784438900000,1784444190000,1,64.457,20.295,3.1760039418575996
1536014674678513664,1784456714000-632578958264631296-1536014674678513664,1784456714000,1784462668000,1,64.379,18.094,3.5580302862827455
1094956363722784768,1784448419000-632578958264631296-1094956363722784768,1784448419000,1784456175000,1,64.297,28.032,2.2937000570776256
1067764585097854976,1784446188000-632578958264631296-1067764585097854976,1784446188000,1784453571000,1,64.27,19.009,3.3810300384028613
927179928254808064,1784437440000-632578958264631296-927179928254808064,1784437440000,1784442866000,1,64.058,13.016,4.921481253841426
942470042409238528,1784436408000-632578958264631296-942470042409238528,1784436408000,1784444968000,1,63.937,17.724,3.6073685398329944
951563481520275456,1784444567000-632578958264631296-951563481520275456,1784444567000,1784451598000,1,63.928,19.745,3.237680425424158
870275474985582592,1784436486000-632578958264631296-870275474985582592,1784436486000,1784444933000,1,63.924,25.845,2.473360417875798
1476549765217910784,1784423231000-632578958264631296-1476549765217910784,1784423231000,1784429327000,1,63.833,26.164,2.439726341537991
942471450843938816,1784452446000-632578958264631296-942471450843938816,1784452446000,1784457654000,1,63.729,20.8,3.0638942307692307
873568577507033088,1784447107000-632578958264631296-873568577507033088,1784447107000,1784452300000,1,63.726,18.961,3.360898686778124
1536014625517076480,1784447068000-632578958264631296-1536014625517076480,1784447068000,1784452522000,1,63.677,21.538,2.956495496332064
942426738309201920,1784436709000-632578958264631296-942426738309201920,1784436709000,1784442318000,1,63.639,13.977,4.553122987765615
1109445504082640896,1784465762000-632578958264631296-1109445504082640896,1784465762000,1784473049000,1,63.6,17.196,3.698534542916957
866686265431425024,1784436757000-632578958264631296-866686265431425024,1784436757000,1784442263000,1,63.598,14.815,4.292811339858252
1168836102002311168,1784440315000-632578958264631296-1168836102002311168,1784440315000,1784445802000,1,63.575,13.053,4.87052784800429
1428367002015105024,1784484606000-632578958264631296-1428367002015105024,1784484606000,1784494133000,1,63.574,35.002,1.8162962116450487
1397607242391355392,1784505285000-632578958264631296-1397607242391355392,1784505285000,1784511088000,1,63.567,20.742,3.0646514318773503
1355523374926790656,1784484599000-632578958264631296-1355523374926790656,1784484599000,1784493616000,1,63.546,33.21,1.9134598012646793
1120316268595904512,1784445179000-632578958264631296-1120316268595904512,1784445179000,1784451677000,1,63.539,33.462,1.8988404757635526
821719550704746496,1784414009000-632578958264631296-821719550704746496,1784414009000,1784420347000,1,63.465,22.834,2.7794079004992556
1088168906306093056,1784454071000-632578958264631296-1088168906306093056,1784454071000,1784459594000,1,63.378,18.488,3.4280614452617915
1536014681523617792,1784459763000-632578958264631296-1536014681523617792,1784459763000,1784468135000,1,63.376,31.576,2.007093995439574
1067764585097854976,1784454090000-632578958264631296-1067764585097854976,1784454090000,1784459725000,1,63.364,20.371,3.110500220902263
1001786725204230144,1784424315000-632578958264631296-1001786725204230144,1784424315000,1784432372000,1,63.351,35.204,1.799539825019884
1136716787434389504,1784446735000-632578958264631296-1136716787434389504,1784446735000,1784453038000,1,63.249,20.327,3.111575736704875
1465365829724930048,1784433080000-632578958264631296-1465365829724930048,1784433080000,1784438379000,1,63.19,19.411,3.2553706661171495
908732861828300800,1784442223000-632578958264631296-908732861828300800,1784442223000,1784450618000,1,63.177,21.547,2.9320555065670395
857602255610707968,1784441824000-632578958264631296-857602255610707968,1784441824000,1784448079000,1,63.021,19.22,3.2789281997918835
1540361934212169728,1784433329000-632578958264631296-1540361934212169728,1784433329000,1784438828000,1,62.998,19.676,3.2017686521650743
1131571393566081024,1784446850000-632578958264631296-1131571393566081024,1784446850000,1784452916000,1,62.96,13.975,4.505187835420394
927153603469115392,1784435099000-632578958264631296-927153603469115392,1784435099000,1784440300000,1,62.946,20.688,3.042633410672854
1067763722711203840,1784435407000-632578958264631296-1067763722711203840,1784435407000,1784442746000,1,62.926,30.105,2.090217571831922
1536014505966829568,1784459324000-632578958264631296-1536014505966829568,1784459324000,1784465261000,1,62.863,22.607,2.7806873977086743
1482772108667781120,1784468566000-632578958264631296-1482772108667781120,1784468566000,1784474269000,1,62.779,16.971,3.6991927405574216
951557397191589888,1784468566000-632578958264631296-951557397191589888,1784468566000,1784474192000,1,62.778,20.609,3.0461448881556596
1083726561296777216,1784468883000-632578958264631296-1083726561296777216,1784468883000,1784474790000,1,62.762,20.726,3.0281771687735213
796385052366733312,1784467647000-632578958264631296-796385052366733312,1784467647000,1784473486000,1,62.751,20.56,3.052091439688716
1471148657502846976,1784415553000-632578958264631296-1471148657502846976,1784415553000,1784421927000,1,62.74,22.575,2.779180509413068
796706773456125952,1784452438000-632578958264631296-796706773456125952,1784452438000,1784459333000,1,62.681,23.594,2.656649995761634
1094956363722784768,1784416574000-632578958264631296-1094956363722784768,1784416574000,1784422792000,1,62.667,30.881,2.0293060457886725
1127222273418199040,1784444670000-632578958264631296-1127222273418199040,1784444670000,1784450259000,1,62.617,21.856,2.864979868228404
1067765189559975936,1784468892000-632578958264631296-1067765189559975936,1784468892000,1784474790000,1,62.605,21.235,2.9481987285142455
1536014660929585152,1784468895000-632578958264631296-1536014660929585152,1784468895000,1784474622000,1,62.512,17.899,3.4924856137214366
1132637029964709888,1784425000000-632578958264631296-1132637029964709888,1784425000000,1784430914000,1,62.508,26.84,2.3289120715350227
1132636348465807360,1784425934000-632578958264631296-1132636348465807360,1784425934000,1784432843000,1,62.476,24.129,2.5892494508682495
944589217739046912,1784469792000-632578958264631296-944589217739046912,1784469792000,1784476362000,1,62.354,22.633,2.755003755578138
1294704486559776768,1784418941000-632578958264631296-1294704486559776768,1784418941000,1784425035000,1,62.345,20.82,2.99447646493756
997896292355014656,1784425006000-632578958264631296-997896292355014656,1784425006000,1784431060000,1,62.331,25.828,2.4133111352021066
1500145408670695424,1784425053000-632578958264631296-1500145408670695424,1784425053000,1784431086000,1,62.311,30.713,2.0288151597043598
1405177997576634368,1784432429000-632578958264631296-1405177997576634368,1784432429000,1784439172000,1,62.272,14.283,4.359868374991248
1093476797997121536,1784452980000-632578958264631296-1093476797997121536,1784452980000,1784459357000,1,62.251,13.588,4.581321754489255
780059706918961152,1784469935000-632578958264631296-780059706918961152,1784469935000,1784476291000,1,62.247,21.479,2.8980399459937614
943819597830684672,1784463140000-632578958264631296-943819597830684672,1784463140000,1784469273000,1,62.227,20.514,3.033391829969777
947104127047958528,1784470789000-632578958264631296-947104127047958528,1784470789000,1784476948000,1,62.031,19.245,3.223226812159002
1157003119578578944,1784413809000-632578958264631296-1157003119578578944,1784413809000,1784421062000,1,61.99,15.581,3.978563635196714
798991075485155328,1784440575000-632578958264631296-798991075485155328,1784440575000,1784447284000,1,61.943,21.111,2.934157548197622
1132637029964709888,1784417514000-632578958264631296-1132637029964709888,1784417514000,1784423650000,1,61.909,25.061,2.470332388970911
1362453820235317248,1784446517000-632578958264631296-1362453820235317248,1784446517000,1784455507000,1,61.841,34.038,1.8168223749926555
947093723013971968,1784465799000-632578958264631296-947093723013971968,1784465799000,1784471224000,1,61.829,19.027,3.2495401271876805
1138782810882965504,1784454236000-632578958264631296-1138782810882965504,1784454236000,1784461889000,1,61.695,37.615,1.640170144889007
922469481249243136,1784428004000-632578958264631296-922469481249243136,1784428004000,1784434076000,1,61.625,27.494,2.241398123226886
1475453376262045696,1784419197000-632578958264631296-1475453376262045696,1784419197000,1784428174000,1,61.597,21.283,2.8941878494573134
786329294770012160,1784460547000-632578958264631296-786329294770012160,1784460547000,1784465589000,1,61.572,19.577,3.1451192726158244
862677844923252736,1784421255000-632578958264631296-862677844923252736,1784421255000,1784426422000,1,61.547,18.404,3.344218648119974
1536014730089463808,1784438690000-632578958264631296-1536014730089463808,1784438690000,1784444116000,1,61.538,24.536,2.5080697750244534
1536014596580573184,1784449378000-632578958264631296-1536014596580573184,1784449378000,1784455610000,1,61.495,28.217,2.179359960307616
1428366867084345344,1784453404000-632578958264631296-1428366867084345344,1784453404000,1784459271000,1,61.391,24.169,2.540071993048947
1094588896550846464,1784437867000-632578958264631296-1094588896550846464,1784437867000,1784446947000,1,61.385,13.3,4.615413533834586
1385305434218299392,1784457043000-632578958264631296-1385305434218299392,1784457043000,1784462780000,1,61.385,11.608,5.288163335630599
1471165285556813824,1784429139000-632578958264631296-1471165285556813824,1784429139000,1784435182000,1,61.31,23.0,2.6656521739130437
1479447378401427456,1784437858000-632578958264631296-1479447378401427456,1784437858000,1784445611000,1,61.272,12.848,4.768991282689912
1073201833905750016,1784463423000-632578958264631296-1073201833905750016,1784463423000,1784470447000,1,61.103,28.283,2.1604143831983875
1182027923075366912,1784464108000-632578958264631296-1182027923075366912,1784464108000,1784469245000,1,61.076,21.688,2.816119513094799
1177288436235632640,1784419069000-632578958264631296-1177288436235632640,1784419069000,1784424314000,1,61.028,12.875,4.740038834951457
1536014577374855168,1784464128000-632578958264631296-1536014577374855168,1784464128000,1784469279000,1,60.973,20.274,3.007447962908158
951882940915122176,1784419061000-632578958264631296-951882940915122176,1784419061000,1784424092000,1,60.9,17.16,3.5489510489510487
1526262198169501696,1784439702000-632578958264631296-1526262198169501696,1784439702000,1784444869000,1,60.844,19.595,3.1050778259760143
1479440816106635264,1784460785000-632578958264631296-1479440816106635264,1784460785000,1784466655000,1,60.817,30.395,2.000888303997368
1050036987500691456,1784503603000-632578958264631296-1050036987500691456,1784503603000,1784510867000,1,60.79,35.564,1.7093127882127994
946036270407090176,1784455394000-632578958264631296-946036270407090176,1784455394000,1784461819000,1,60.567,23.265,2.603352675693101
1046752835124854784,1784455152000-632578958264631296-1046752835124854784,1784455152000,1784463651000,1,60.512,38.599,1.5677090080053888
947452563299500032,1784425377000-632578958264631296-947452563299500032,1784425377000,1784430828000,1,60.511,24.126,2.5081240155848463
780122893064339456,1784418027000-632578958264631296-780122893064339456,1784418027000,1784423083000,1,60.375,17.087,3.533387955755838
929707161364201472,1784414490000-632578958264631296-929707161364201472,1784414490000,1784423499000,1,60.296,31.188,1.9333076824419648
1083040452048846848,1784459037000-632578958264631296-1083040452048846848,1784459037000,1784465241000,1,60.09,9.57,6.278996865203762
1464269416886697984,1784435615000-632578958264631296-1464269416886697984,1784435615000,1784440840000,1,60.057,21.491,2.7945186357079708
951558414842986496,1784454751000-632578958264631296-951558414842986496,1784454751000,1784461531000,1,60.045,19.842,3.0261566374357427
866245373776101376,1784436464000-632578958264631296-866245373776101376,1784436464000,1784441727000,1,59.925,19.179,3.1245111841076176
1536014660929585152,1784504194000-632578958264631296-1536014660929585152,1784504194000,1784510292000,1,59.899,18.202,3.290792220635095
1067764901566480384,1784431593000-632578958264631296-1067764901566480384,1784431593000,1784437643000,1,59.891,11.216,5.33978245363766
1475452919183572992,1784451406000-632578958264631296-1475452919183572992,1784451406000,1784457708000,1,59.782,11.117,5.3775299091481505
1501934002158698496,1784444104000-632578958264631296-1501934002158698496,1784444104000,1784448730000,1,59.712,20.974,2.846953370840088
1536014577374855168,1784419878000-632578958264631296-1536014577374855168,1784419878000,1784424688000,1,59.442,18.849,3.1535890498169663
1545824186436419584,1784417470000-632578958264631296-1545824186436419584,1784417470000,1784423286000,1,59.429,17.065,3.482508057427483
1471165285556813824,1784421959000-632578958264631296-1471165285556813824,1784421959000,1784427160000,1,59.273,17.86,3.3187569988801795
1477629723302428672,1784427227000-632578958264631296-1477629723302428672,1784427227000,1784432424000,1,59.125,18.127,3.2617090527941746
946024601958219776,1784423418000-632578958264631296-946024601958219776,1784423418000,1784429783000,1,59.115,22.536,2.623136315228967
947092625956012032,1784459423000-632578958264631296-947092625956012032,1784459423000,1784464267000,1,59.103,12.09,4.888585607940447
836966844580495360,1784445320000-632578958264631296-836966844580495360,1784445320000,1784450556000,1,59.041,25.215,2.341503073567321
780085706063085568,1784449209000-632578958264631296-780085706063085568,1784449209000,1784455078000,1,59.007,25.145,2.346669317955856
1176582451024101376,1784423495000-632578958264631296-1176582451024101376,1784423495000,1784428865000,1,58.978,11.937,4.940772388372288
933416236518211584,1784426789000-632578958264631296-933416236518211584,1784426789000,1784433171000,1,58.915,20.689,2.8476485088694474
1422205521707925504,1784416906000-632578958264631296-1422205521707925504,1784416906000,1784422985000,1,58.892,14.399,4.090006250434058
1405141042860130304,1784416882000-632578958264631296-1405141042860130304,1784416882000,1784423038000,1,58.851,15.28,3.8515052356020942
944587945103327232,1784472923000-632578958264631296-944587945103327232,1784472923000,1784477911000,1,58.836,18.347,3.206845805853818
1046443546271285248,1784448678000-632578958264631296-1046443546271285248,1784448678000,1784453943000,1,58.713,21.618,2.715931168470719
1067775063052255232,1784444951000-632578958264631296-1067775063052255232,1784444951000,1784450449000,1,58.663,26.843,2.1854114666766007
1385588909638942720,1784443804000-632578958264631296-1385588909638942720,1784443804000,1784450682000,1,58.653,13.646,4.298182617616884
893821287409909760,1784464357000-632578958264631296-893821287409909760,1784464357000,1784470306000,1,58.649,18.343,3.197350487924549
1063501597117513728,1784460607000-632578958264631296-1063501597117513728,1784460607000,1784467792000,1,58.615,27.385,2.140405331385795
1083726930487803904,1784484285000-632578958264631296-1083726930487803904,1784484285000,1784494883000,1,58.566,27.79,2.107448722562073
931938125880492032,1784452470000-632578958264631296-931938125880492032,1784452470000,1784458033000,1,58.532,21.875,2.675748571428571
1157003119578578944,1784422470000-632578958264631296-1157003119578578944,1784422470000,1784427177000,1,58.456,13.607,4.29602410523995
1537822792169291776,1784426046000-632578958264631296-1537822792169291776,1784426046000,1784431519000,1,58.418,22.727,2.5704228450741406
940988876032311296,1784435293000-632578958264631296-940988876032311296,1784435293000,1784441049000,1,58.407,11.685,4.998459563543003
1536432469593554944,1784426113000-632578958264631296-1536432469593554944,1784426113000,1784431446000,1,58.367,22.926,2.5458867661170723
1536014517601828864,1784426109000-632578958264631296-1536014517601828864,1784426109000,1784431595000,1,58.338,21.682,2.690618946591643
1049976646406242304,1784426108000-632578958264631296-1049976646406242304,1784426108000,1784431355000,1,58.333,24.119,2.4185496911148885
789513633972355072,1784465846000-632578958264631296-789513633972355072,1784465846000,1784472183000,1,58.292,20.69,2.817399710004833
942469061864849408,1784462846000-632578958264631296-942469061864849408,1784462846000,1784468842000,1,58.264,18.377,3.1704848451869188
1182027923075366912,1784426652000-632578958264631296-1182027923075366912,1784426652000,1784431943000,1,58.221,18.137,3.210067817169322
1536014609964597248,1784471868000-632578958264631296-1536014609964597248,1784471868000,1784477950000,1,58.21,11.687,4.980747839479764
928334310946111488,1784459850000-632578958264631296-928334310946111488,1784459850000,1784464918000,1,58.156,21.06,2.7614434947768283
1132636149337030656,1784474092000-632578958264631296-1132636149337030656,1784474092000,1784479930000,1,58.147,22.701,2.5614290119378
1067793936933715968,1784443785000-632578958264631296-1067793936933715968,1784443785000,1784451652000,1,58.094,30.032,1.9344033031433139
1540361934212169728,1784471967000-632578958264631296-1540361934212169728,1784471967000,1784477055000,1,58.016,21.139,2.744500685935948
1500491887742550016,1784461642000-632578958264631296-1500491887742550016,1784461642000,1784466893000,1,57.967,20.318,2.8529874987695636
1536014681523617792,1784443658000-632578958264631296-1536014681523617792,1784443658000,1784451155000,1,57.957,27.303,2.1227337655202723
796385052366733312,1784432993000-632578958264631296-796385052366733312,1784432993000,1784439097000,1,57.746,18.009,3.20650785718252
1428366867084345344,1784460824000-632578958264631296-1428366867084345344,1784460824000,1784467528000,1,57.68,21.095,2.7342972268310026
928334310946111488,1784430546000-632578958264631296-928334310946111488,1784430546000,1784435801000,1,57.67,20.177,2.858204886752243
1076924285072703488,1784455872000-632578958264631296-1076924285072703488,1784455872000,1784461188000,1,57.562,22.631,2.543502275639609
946034616492359680,1784446630000-632578958264631296-946034616492359680,1784446630000,1784452813000,1,57.423,14.136,4.062181663837012
1536014563953082368,1784420033000-632578958264631296-1536014563953082368,1784420033000,1784428037000,1,57.407,28.725,1.9985030461270668
1093087265762050048,1784459414000-632578958264631296-1093087265762050048,1784459414000,1784465227000,1,57.277,9.176,6.242044463818657
928334310946111488,1784450511000-632578958264631296-928334310946111488,1784450511000,1784456132000,1,57.222,25.245,2.2666666666666666
1132636348465807360,1784502439000-632578958264631296-1132636348465807360,1784502439000,1784508392000,1,57.219,20.96,2.7299141221374046
1094584670655348736,1784436046000-632578958264631296-1094584670655348736,1784436046000,1784442215000,1,57.178,17.722,3.22638528382801
1083726423769743360,1784454957000-632578958264631296-1083726423769743360,1784454957000,1784461251000,1,57.15,25.706,2.2232163697191316
893821287409909760,1784436972000-632578958264631296-893821287409909760,1784436972000,1784442303000,1,57.127,17.932,3.1857573053758648
1536014667858575360,1784426571000-632578958264631296-1536014667858575360,1784426571000,1784431656000,1,56.922,19.005,2.9951065509076558
933416236518211584,1784505100000-632578958264631296-933416236518211584,1784505100000,1784510579000,1,56.877,19.077,2.9814436232111965
1536014716214706176,1784445121000-632578958264631296-1536014716214706176,1784445121000,1784450765000,1,56.802,19.625,2.8943694267515925
1157003119578578944,1784451456000-632578958264631296-1157003119578578944,1784451456000,1784456350000,1,56.786,10.912,5.203995601173021
947583451614150656,1784452723000-632578958264631296-947583451614150656,1784452723000,1784457780000,1,56.603,20.476,2.764358273100215
1049341310072258560,1784431390000-632578958264631296-1049341310072258560,1784431390000,1784437736000,1,56.408,24.783,2.2760763426542385
1475453057469775872,1784436050000-632578958264631296-1475453057469775872,1784436050000,1784440926000,1,56.389,17.028,3.3115456894526667
1545824186436419584,1784433734000-632578958264631296-1545824186436419584,1784433734000,1784438673000,1,56.314,13.966,4.032221108406129
1540361934212169728,1784503753000-632578958264631296-1540361934212169728,1784503753000,1784509230000,1,56.294,23.231,2.4232275838319484
1298646515224412160,1784446454000-632578958264631296-1298646515224412160,1784446454000,1784461006000,1,56.246,27.943,2.0128833697169237
1061350711461150720,1784414755000-632578958264631296-1061350711461150720,1784414755000,1784421092000,1,56.223,13.937,4.034081940159289
780085706063085568,1784428023000-632578958264631296-780085706063085568,1784428023000,1784432769000,1,56.123,16.627,3.3754134840921393
1050037048276156416,1784456625000-632578958264631296-1050037048276156416,1784456625000,1784460932000,1,56.051,14.173,3.9547731602342484
798991075485155328,1784456549000-632578958264631296-798991075485155328,1784456549000,1784460860000,1,56.029,15.806,3.544793116538024
1060872975626010624,1784426801000-632578958264631296-1060872975626010624,1784426801000,1784433241000,1,56.024,20.3,2.7598029556650245
1050037048276156416,1784440636000-632578958264631296-1050037048276156416,1784440636000,1784446608000,1,55.979,19.945,2.8066683379293056
848986467664396288,1784465772000-632578958264631296-848986467664396288,1784465772000,1784471582000,1,55.961,20.391,2.7443970379088816
1083726613264203776,1784466282000-632578958264631296-1083726613264203776,1784466282000,1784471300000,1,55.926,19.666,2.8437913149598293
928334310946111488,1784424966000-632578958264631296-928334310946111488,1784424966000,1784430325000,1,55.913,17.921,3.119970983762067
922469481249243136,1784439860000-632578958264631296-922469481249243136,1784439860000,1784446243000,1,55.877,19.136,2.91999372909699
862693652038680576,1784465651000-632578958264631296-862693652038680576,1784465651000,1784470530000,1,55.867,17.294,3.2304267375968543
1536014647272931328,1784475166000-632578958264631296-1536014647272931328,1784475166000,1784480803000,1,55.839,20.544,2.718019859813084
1131239137144209408,1784500512000-632578958264631296-1131239137144209408,1784500512000,1784506769000,1,55.836,12.527,4.457252334956494
943458912718290944,1784457865000-632578958264631296-943458912718290944,1784457865000,1784462873000,1,55.829,14.343,3.892421390225197
939547788868321280,1784444598000-632578958264631296-939547788868321280,1784444598000,1784453169000,1,55.792,17.569,3.175593374694064
1073994678560358400,1784488503000-632578958264631296-1073994678560358400,1784488503000,1784494009000,1,55.751,11.91,4.6810243492863135
1050036987500691456,1784467869000-632578958264631296-1050036987500691456,1784467869000,1784474233000,1,55.742,26.163,2.1305660665825785
787737136659955712,1784502287000-632578958264631296-787737136659955712,1784502287000,1784510074000,1,55.645,23.857,2.3324391164018947
1464269416886697984,1784419086000-632578958264631296-1464269416886697984,1784419086000,1784424898000,1,55.629,17.599,3.1609182339905675
1094588896550846464,1784423165000-632578958264631296-1094588896550846464,1784423165000,1784428795000,1,55.571,12.134,4.5797758364925
1135631306680434688,1784430084000-632578958264631296-1135631306680434688,1784430084000,1784434482000,1,55.486,20.705,2.6798357884568946
1479447378401427456,1784423214000-632578958264631296-1479447378401427456,1784423214000,1784428729000,1,55.454,10.209,5.431873836810658
1571542304466927616,1784431523000-632578958264631296-1571542304466927616,1784431523000,1784436236000,1,55.442,11.075,5.006049661399548
1488156307717357568,1784424698000-632578958264631296-1488156307717357568,1784424698000,1784430568000,1,55.381,21.724,2.54930031301786
1134878026966761472,1784434474000-632578958264631296-1134878026966761472,1784434474000,1784440695000,1,55.321,23.362,2.367990754216249
1083726561296777216,1784476648000-632578958264631296-1083726561296777216,1784476648000,1784481916000,1,55.3,18.2,3.0384615384615383
1083728919393206272,1784454563000-632578958264631296-1083728919393206272,1784454563000,1784460144000,1,55.205,19.429,2.841371146224716
1449735637144961024,1784428728000-632578958264631296-1449735637144961024,1784428728000,1784434771000,1,55.191,17.405,3.170985349037633
1067776196789403648,1784463552000-632578958264631296-1067776196789403648,1784463552000,1784468897000,1,55.108,19.134,2.880108707013693
908732861828300800,1784467918000-632578958264631296-908732861828300800,1784467918000,1784472678000,1,54.886,13.632,4.026261737089202
1108703058243616768,1784466798000-632578958264631296-1108703058243616768,1784466798000,1784471767000,1,54.88,11.194,4.902626407003752
1536014716214706176,1784438151000-632578958264631296-1536014716214706176,1784438151000,1784443253000,1,54.78,18.616,2.9426299957026214
1536014702105067520,1784454811000-632578958264631296-1536014702105067520,1784454811000,1784459155000,1,54.762,17.009,3.2195896290199304
862693652038680576,1784428210000-632578958264631296-862693652038680576,1784428210000,1784433373000,1,54.671,19.217,2.8449289691419057
1475452919183572992,1784431472000-632578958264631296-1475452919183572992,1784431472000,1784437498000,1,54.647,22.316,2.4487811435741174
925753337108758528,1784431964000-632578958264631296-925753337108758528,1784431964000,1784437397000,1,54.619,14.411,3.790090902782597
942469061864849408,1784443324000-632578958264631296-942469061864849408,1784443324000,1784450338000,1,54.581,30.725,1.7764361269324653
947093723013971968,1784504887000-632578958264631296-947093723013971968,1784504887000,1784510007000,1,54.491,26.163,2.082750449107518
862287863801184256,1784440635000-632578958264631296-862287863801184256,1784440635000,1784446614000,1,54.381,10.876,5.000091945568224
1536014758619119616,1784455563000-632578958264631296-1536014758619119616,1784455563000,1784459766000,1,54.306,20.338,2.670174058412823
1479440816106635264,1784429497000-632578958264631296-1479440816106635264,1784429497000,1784438104000,1,54.248,25.559,2.12246175515474
821719550704746496,1784451897000-632578958264631296-821719550704746496,1784451897000,1784457462000,1,54.18,20.578,2.6329089318689864
1083726698509238272,1784476231000-632578958264631296-1083726698509238272,1784476231000,1784482110000,1,54.105,20.242,2.6729078154332573
912747932862644224,1784456609000-632578958264631296-912747932862644224,1784456609000,1784461733000,1,54.068,18.083,2.9899905989050493
1067765133431799808,1784504302000-632578958264631296-1067765133431799808,1784504302000,1784509458000,1,54.025,22.109,2.4435750146998956
866686329780436992,1784425827000-632578958264631296-866686329780436992,1784425827000,1784430254000,1,54.025,9.733,5.550703791225726
1067765189559975936,1784460816000-632578958264631296-1067765189559975936,1784460816000,1784466962000,1,54.013,24.683,2.1882672284568327
1536014577374855168,1784457201000-632578958264631296-1536014577374855168,1784457201000,1784462575000,1,53.971,19.217,2.8085028880678564
943819597830684672,1784504193000-632578958264631296-943819597830684672,1784504193000,1784510082000,1,53.928,19.799,2.7237739279761604
1536014660929585152,1784461134000-632578958264631296-1536014660929585152,1784461134000,1784467085000,1,53.911,20.065,2.6868178420134563
1088168906306093056,1784416417000-632578958264631296-1088168906306093056,1784416417000,1784422987000,1,53.883,19.982,2.696576919227305
939140294748667904,1784414936000-632578958264631296-939140294748667904,1784414936000,1784420417000,1,53.879,20.406,2.6403508771929824
1536014550107684864,1784449598000-632578958264631296-1536014550107684864,1784449598000,1784454519000,1,53.844,13.032,4.1316758747697975
931938125880492032,1784443770000-632578958264631296-931938125880492032,1784443770000,1784450016000,1,53.782,28.094,1.9143589378514982
1536014603211767808,1784436844000-632578958264631296-1536014603211767808,1784436844000,1784443069000,1,53.776,25.657,2.0959582180301672
1132637029964709888,1784442805000-632578958264631296-1132637029964709888,1784442805000,1784448973000,1,53.768,32.59,1.6498312365756365
1064494636166283264,1784419686000-632578958264631296-1064494636166283264,1784419686000,1784424175000,1,53.761,18.737,2.869242674921279
1101157025884143616,1784466197000-632578958264631296-1101157025884143616,1784466197000,1784472648000,1,53.761,18.222,2.9503347601800023
952249131684855808,1784419518000-632578958264631296-952249131684855808,1784419518000,1784425098000,1,53.756,17.011,3.1600728940097587
927179928254808064,1784443482000-632578958264631296-927179928254808064,1784443482000,1784448454000,1,53.744,11.421,4.705717537868838
1405177997576634368,1784423249000-632578958264631296-1405177997576634368,1784423249000,1784428680000,1,53.673,11.721,4.579216790376248
1471165285556813824,1784415108000-632578958264631296-1471165285556813824,1784415108000,1784420816000,1,53.625,17.341,3.092382215558503
1172939590688833536,1784464849000-632578958264631296-1172939590688833536,1784464849000,1784471854000,1,53.547,21.526,2.487549939607916
1536014723353411584,1784434465000-632578958264631296-1536014723353411584,1784434465000,1784439821000,1,53.437,12.004,4.451599466844385
1083728047674228736,1784464814000-632578958264631296-1083728047674228736,1784464814000,1784469682000,1,53.423,18.214,2.933073459975843
794950170587430912,1784458425000-632578958264631296-794950170587430912,1784458425000,1784463799000,1,53.392,8.751,6.101245571934637
1132635162635403264,1784449751000-632578958264631296-1132635162635403264,1784449751000,1784461039000,1,53.388,29.374,1.8175257030026555
794950170587430912,1784464961000-632578958264631296-794950170587430912,1784464961000,1784471628000,1,53.328,8.677,6.145902961853175
869954569466019840,1784447753000-632578958264631296-869954569466019840,1784447753000,1784453846000,1,53.28,16.433,3.24225643522181
1176184196838719488,1784440866000-632578958264631296-1176184196838719488,1784440866000,1784445617000,1,53.247,11.391,4.674479852515144
1067771070980816896,1784419737000-632578958264631296-1067771070980816896,1784419737000,1784424937000,1,53.217,11.089,4.799080169537379
1441118393376702464,1784430281000-632578958264631296-1441118393376702464,1784430281000,1784436121000,1,53.202,20.187,2.6354584633675135
1135541524696662016,1784420134000-632578958264631296-1135541524696662016,1784420134000,1784425023000,1,53.194,10.762,4.942761568481695
1045646209449984000,1784456844000-632578958264631296-1045646209449984000,1784456844000,1784462201000,1,53.173,20.076,2.6485853755728233
1083726561296777216,1784460823000-632578958264631296-1083726561296777216,1784460823000,1784467016000,1,53.158,23.382,2.273458215721495
780085706063085568,1784436020000-632578958264631296-780085706063085568,1784436020000,1784440760000,1,53.091,18.481,2.872734159406958
926578486859005952,1784438290000-632578958264631296-926578486859005952,1784438290000,1784443631000,1,53.082,28.446,1.866062012233706
938442824968306688,1784438252000-632578958264631296-938442824968306688,1784438252000,1784443245000,1,53.077,20.674,2.567330947083293
1535700301011484672,1784446091000-632578958264631296-1535700301011484672,1784446091000,1784450744000,1,53.01,15.43,3.4355152300712897
1157003119578578944,1784458750000-632578958264631296-1157003119578578944,1784458750000,1784463644000,1,52.859,9.307,5.6794885570001075
1540361830973571072,1784458623000-632578958264631296-1540361830973571072,1784458623000,1784462845000,1,52.768,16.293,3.238691462591297
1545767666730401792,1784458605000-632578958264631296-1545767666730401792,1784458605000,1784463001000,1,52.757,15.811,3.3367275947125417
1046836268442320896,1784501993000-632578958264631296-1046836268442320896,1784501993000,1784507958000,1,52.721,28.227,1.8677507351117724
1176180359524515840,1784464482000-632578958264631296-1176180359524515840,1784464482000,1784469444000,1,52.683,11.955,4.406775407779172
1067763722711203840,1784469679000-632578958264631296-1067763722711203840,1784469679000,1784476009000,1,52.6,23.866,2.2039721779937986
1536014654021566464,1784452879000-632578958264631296-1536014654021566464,1784452879000,1784457588000,1,52.572,16.598,3.1673695625979037
1500136074981146624,1784427470000-632578958264631296-1500136074981146624,1784427470000,1784432547000,1,52.56,19.279,2.7262824835313038
1540361934212169728,1784446166000-632578958264631296-1540361934212169728,1784446166000,1784449987000,1,52.544,18.438,2.849766785985465
1501933902321680384,1784427475000-632578958264631296-1501933902321680384,1784427475000,1784432394000,1,52.51,21.0,2.5004761904761903
1441118393376702464,1784468148000-632578958264631296-1441118393376702464,1784468148000,1784474014000,1,52.473,19.426,2.7011736847523937
1094588896550846464,1784430844000-632578958264631296-1094588896550846464,1784430844000,1784436725000,1,52.454,13.136,3.993148599269184
1479447378401427456,1784430847000-632578958264631296-1479447378401427456,1784430847000,1784436656000,1,52.454,11.647,4.503649008328325
1067765189559975936,1784476661000-632578958264631296-1067765189559975936,1784476661000,1784481248000,1,52.4,18.142,2.8883254326976076
780067386190462976,1784440410000-632578958264631296-780067386190462976,1784440410000,1784448441000,1,52.395,12.316,4.254222150048717
796385052366733312,1784462078000-632578958264631296-796385052366733312,1784462078000,1784467066000,1,52.395,20.729,2.5276183125090457
642055098863718400,1784440392000-632578958264631296-642055098863718400,1784440392000,1784448287000,1,52.307,14.099,3.709979431165331
1083726561296777216,1784425268000-632578958264631296-1083726561296777216,1784425268000,1784431666000,1,52.3,26.917,1.9430099936842886
938442824968306688,1784432237000-632578958264631296-938442824968306688,1784432237000,1784437911000,1,52.245,18.522,2.8206997084548107
926578486859005952,1784432228000-632578958264631296-926578486859005952,1784432228000,1784437839000,1,52.229,23.231,2.2482458783522015
1536014660929585152,1784476631000-632578958264631296-1536014660929585152,1784476631000,1784481607000,1,52.22,15.438,3.3825625080969037
1132635162635403264,1784427574000-632578958264631296-1132635162635403264,1784427574000,1784432342000,1,52.129,18.181,2.8672240250811285
1076924285072703488,1784474187000-632578958264631296-1076924285072703488,1784474187000,1784479153000,1,52.125,16.563,3.1470748052888973
1389243594644127744,1784415491000-632578958264631296-1389243594644127744,1784415491000,1784420450000,1,51.958,18.547,2.8014234107941984
1109445504082640896,1784428502000-632578958264631296-1109445504082640896,1784428502000,1784433726000,1,51.853,19.577,2.648669356898401
942469061864849408,1784468846000-632578958264631296-942469061864849408,1784468846000,1784474478000,1,51.699,18.108,2.8550364479787937
1046752835124854784,1784465492000-632578958264631296-1046752835124854784,1784465492000,1784472487000,1,51.684,28.891,1.7889308089024263
1389243594644127744,1784446743000-632578958264631296-1389243594644127744,1784446743000,1784451127000,1,51.629,20.018,2.579128784094315
876044057397166080,1784414964000-632578958264631296-876044057397166080,1784414964000,1784420334000,1,51.612,15.583,3.3120708464352178
787687496786903040,1784429807000-632578958264631296-787687496786903040,1784429807000,1784434598000,1,51.525,17.68,2.9143099547511313
1540361293100220416,1784425354000-632578958264631296-1540361293100220416,1784425354000,1784430248000,1,51.509,10.951,4.70358871335951
1350071704793120768,1784449934000-632578958264631296-1350071704793120768,1784449934000,1784455155000,1,51.452,10.821,4.75482857406894
1535704124731949056,1784432140000-632578958264631296-1535704124731949056,1784432140000,1784436564000,1,51.449,15.372,3.346929482175384
1536004619845500928,1784432191000-632578958264631296-1536004619845500928,1784432191000,1784436570000,1,51.419,15.907,3.232476268309549
929707161364201472,1784437338000-632578958264631296-929707161364201472,1784437338000,1784443933000,1,51.344,23.794,2.1578549214087586
1067764977248501760,1784449887000-632578958264631296-1067764977248501760,1784449887000,1784455112000,1,51.331,10.596,4.84437523593809
1536014603211767808,1784453282000-632578958264631296-1536014603211767808,1784453282000,1784459263000,1,51.187,22.865,2.238661710037175
1571542304466927616,1784443469000-632578958264631296-1571542304466927616,1784443469000,1784447974000,1,51.181,9.422,5.432073869666737
1056588446363025408,1784420399000-632578958264631296-1056588446363025408,1784420399000,1784425339000,1,51.076,15.524,3.2901314094305594
1083726613264203776,1784455449000-632578958264631296-1083726613264203776,1784455449000,1784461724000,1,51.036,29.213,1.747030431657139
1385588909638942720,1784460763000-632578958264631296-1385588909638942720,1784460763000,1784466968000,1,50.942,17.363,2.9339399873293788
1536014647272931328,1784450637000-632578958264631296-1536014647272931328,1784450637000,1784455922000,1,50.935,20.913,2.4355663941089274
821719550704746496,1784457811000-632578958264631296-821719550704746496,1784457811000,1784464716000,1,50.916,26.325,1.9341310541310541
1144224275478085632,1784432129000-632578958264631296-1144224275478085632,1784432129000,1784436451000,1,50.893,17.552,2.899555606198724
1067793936933715968,1784504242000-632578958264631296-1067793936933715968,1784504242000,1784510550000,1,50.875,18.032,2.8213731144631766
1536014654021566464,1784444433000-632578958264631296-1536014654021566464,1784444433000,1784449550000,1,50.766,17.716,2.8655452698125985
787000328028422144,1784502598000-632578958264631296-787000328028422144,1784502598000,1784508044000,1,50.736,19.558,2.594130279169649
1571542304466927616,1784436527000-632578958264631296-1571542304466927616,1784436527000,1784440678000,1,50.672,8.847,5.727591273878151
1385588816730914816,1784475991000-632578958264631296-1385588816730914816,1784475991000,1784481458000,1,50.586,21.309,2.3739265099253832
1385305128772304896,1784499564000-632578958264631296-1385305128772304896,1784499564000,1784506994000,1,50.552,22.05,2.2926077097505666
862677844923252736,1784428035000-632578958264631296-862677844923252736,1784428035000,1784432246000,1,50.54,16.766,3.014433973517834
786545248472924160,1784467641000-632578958264631296-786545248472924160,1784467641000,1784472138000,1,50.501,19.0,2.6579473684210524
944589217739046912,1784426793000-632578958264631296-944589217739046912,1784426793000,1784431929000,1,50.492,16.9,2.9876923076923076
925753337108758528,1784462590000-632578958264631296-925753337108758528,1784462590000,1784469077000,1,50.452,16.426,3.0714720564957996
1536014681523617792,1784504388000-632578958264631296-1536014681523617792,1784504388000,1784509750000,1,50.414,15.688,3.213539010708822
942470042409238528,1784476863000-632578958264631296-942470042409238528,1784476863000,1784481695000,1,50.365,9.963,5.055204255746262
951557397191589888,1784475751000-632578958264631296-951557397191589888,1784475751000,1784480661000,1,50.312,16.501,3.049027331676868
1482772108667781120,1784475869000-632578958264631296-1482772108667781120,1784475869000,1784480754000,1,50.254,15.225,3.3007553366174056
1083726740557135872,1784433657000-632578958264631296-1083726740557135872,1784433657000,1784439115000,1,50.229,11.037,4.550964936123946
951558414842986496,1784476842000-632578958264631296-951558414842986496,1784476842000,1784481724000,1,50.224,21.718,2.31255180034994
1132636348465807360,1784420482000-632578958264631296-1132636348465807360,1784420482000,1784425627000,1,50.213,19.067,2.633502910788273
786246735176400896,1784425665000-632578958264631296-786246735176400896,1784425665000,1784429832000,1,50.174,16.32,3.0743872549019606
791672232936996864,1784425629000-632578958264631296-791672232936996864,1784425629000,1784429853000,1,50.161,14.0,3.5829285714285715
1488156307717357568,1784453424000-632578958264631296-1488156307717357568,1784453424000,1784457475000,1,50.125,11.931,4.201240466012908
1071018553202704384,1784421667000-632578958264631296-1071018553202704384,1784421667000,1784426067000,1,50.075,11.453,4.372216886405309
873822835015942144,1784432528000-632578958264631296-873822835015942144,1784432528000,1784437068000,1,50.038,18.884,2.649756407540775
1152269303286857728,1784453715000-632578958264631296-1152269303286857728,1784453715000,1784457839000,1,50.031,10.756,4.651450353291186
866648789010612224,1784475734000-632578958264631296-866648789010612224,1784475734000,1784480911000,1,49.865,20.886,2.3874844393373555
1540361934212169728,1784440185000-632578958264631296-1540361934212169728,1784440185000,1784444105000,1,49.714,16.881,2.9449677151827496
1131240373310455808,1784452039000-632578958264631296-1131240373310455808,1784452039000,1784459222000,1,49.648,20.107,2.469189834386035
1294723291725955072,1784428779000-632578958264631296-1294723291725955072,1784428779000,1784436952000,1,49.633,12.256,4.049689947780679
1545824482457812992,1784445305000-632578958264631296-1545824482457812992,1784445305000,1784449829000,1,49.582,21.974,2.256393920087376
1120316721542987776,1784438376000-632578958264631296-1120316721542987776,1784438376000,1784444169000,1,49.529,17.115,2.893894244814491
1385589109656911872,1784428095000-632578958264631296-1385589109656911872,1784428095000,1784432418000,1,49.405,18.028,2.7404592855558025
996809766619578368,1784432407000-632578958264631296-996809766619578368,1784432407000,1784437912000,1,49.387,21.065,2.3445051032518394
1385588816730914816,1784453688000-632578958264631296-1385588816730914816,1784453688000,1784458813000,1,49.326,17.354,2.8423418232107873
1089954932305428480,1784423771000-632578958264631296-1089954932305428480,1784423771000,1784427799000,1,49.317,11.398,4.326811721354623
1540361729291059200,1784419021000-632578958264631296-1540361729291059200,1784419021000,1784423402000,1,49.142,15.644,3.1412682178470983
922469481249243136,1784453959000-632578958264631296-922469481249243136,1784453959000,1784460617000,1,49.121,17.081,2.875768397634799
878252193440858112,1784433067000-632578958264631296-878252193440858112,1784433067000,1784437991000,1,49.066,14.458,3.393692073592475
1083726655622479872,1784433676000-632578958264631296-1083726655622479872,1784433676000,1784439374000,1,49.007,21.495,2.2799255640846705
1093476797997121536,1784466277000-632578958264631296-1093476797997121536,1784466277000,1784470962000,1,48.996,8.245,5.942510612492421
1536014625517076480,1784466256000-632578958264631296-1536014625517076480,1784466256000,1784471340000,1,48.946,24.619,1.988139242048824
1536014577374855168,1784483992000-632578958264631296-1536014577374855168,1784483992000,1784488815000,1,48.934,18.641,2.6250737621372244
1428033112889098240,1784432758000-632578958264631296-1428033112889098240,1784432758000,1784441990000,1,48.929,31.5,1.5533015873015874
780059706918961152,1784457903000-632578958264631296-780059706918961152,1784457903000,1784462025000,1,48.924,12.634,3.8724077885072026
1172939590688833536,1784428134000-632578958264631296-1172939590688833536,1784428134000,1784432747000,1,48.828,17.244,2.831593597773139
1050037424450699264,1784437259000-632578958264631296-1050037424450699264,1784437259000,1784443173000,1,48.767,18.466,2.640907613993285
1385589109656911872,1784438616000-632578958264631296-1385589109656911872,1784438616000,1784443476000,1,48.716,20.016,2.4338529176658676
1504892206538817536,1784442494000-632578958264631296-1504892206538817536,1784442494000,1784449105000,1,48.636,12.505,3.8893242702918833
1070370579279773696,1784457795000-632578958264631296-1070370579279773696,1784457795000,1784464305000,1,48.623,20.974,2.3182511681129014
942471450843938816,1784465157000-632578958264631296-942471450843938816,1784465157000,1784469717000,1,48.583,18.165,2.674538948527388
1478688867300147200,1784466741000-632578958264631296-1478688867300147200,1784466741000,1784473808000,1,48.542,27.072,1.7930703309692673
1142833661045899264,1784436668000-632578958264631296-1142833661045899264,1784436668000,1784442888000,1,48.465,11.874,4.081606872157655
1183367596062277632,1784451194000-632578958264631296-1183367596062277632,1784451194000,1784455566000,1,48.452,19.702,2.4592427164754844
642055098863718400,1784424985000-632578958264631296-642055098863718400,1784424985000,1784430316000,1,48.432,10.248,4.725995316159251
1464286808345935872,1784464646000-632578958264631296-1464286808345935872,1784464646000,1784469431000,1,48.419,19.373,2.499303153873948
1289306380670337024,1784458642000-632578958264631296-1289306380670337024,1784458642000,1784464112000,1,48.4,18.593,2.603130210294197
1109445504082640896,1784457896000-632578958264631296-1109445504082640896,1784457896000,1784463024000,1,48.399,17.056,2.83765243902439
873201356771426304,1784424969000-632578958264631296-873201356771426304,1784424969000,1784430154000,1,48.387,10.757,4.4981872269220045
933416236518211584,1784471508000-632578958264631296-933416236518211584,1784471508000,1784476384000,1,48.386,17.819,2.7154161288512264
1268615019327651840,1784505593000-632578958264631296-1268615019327651840,1784505593000,1784511364000,1,48.332,18.341,2.635188920996674
780067386190462976,1784424994000-632578958264631296-780067386190462976,1784424994000,1784429901000,1,48.331,9.876,4.8937829080599435
940246123384143872,1784440120000-632578958264631296-940246123384143872,1784440120000,1784444667000,1,48.305,16.856,2.8657451352634076
1050037424450699264,1784428570000-632578958264631296-1050037424450699264,1784428570000,1784432461000,1,48.284,15.888,3.0390231621349444
1050441880044568576,1784446647000-632578958264631296-1050441880044568576,1784446647000,1784452910000,1,48.24,22.164,2.1765024363833243
800026217909583872,1784445801000-632578958264631296-800026217909583872,1784445801000,1784451714000,1,48.145,13.678,3.5198859482380467
940246123384143872,1784422301000-632578958264631296-940246123384143872,1784422301000,1784426393000,1,48.128,17.68,2.7221719457013576
1067763772824748032,1784448471000-632578958264631296-1067763772824748032,1784448471000,1784454004000,1,48.121,21.352,2.2536998875983514
1488129049464143872,1784502367000-632578958264631296-1488129049464143872,1784502367000,1784507129000,1,48.024,15.175,3.164678747940692
786329294770012160,1784422668000-632578958264631296-786329294770012160,1784422668000,1784428200000,1,47.773,21.623,2.2093604032742915
878252193440858112,1784462448000-632578958264631296-878252193440858112,1784462448000,1784469181000,1,47.763,17.447,2.7376053189660112
1131240373310455808,1784463712000-632578958264631296-1131240373310455808,1784463712000,1784468992000,1,47.7,15.873,3.005103005103005
870275474985582592,1784474400000-632578958264631296-870275474985582592,1784474400000,1784480195000,1,47.676,21.862,2.1807702863415974
1389243940330274816,1784476199000-632578958264631296-1389243940330274816,1784476199000,1784482683000,1,47.658,19.161,2.487239705652106
946024601958219776,1784418586000-632578958264631296-946024601958219776,1784418586000,1784422400000,1,47.632,14.766,3.2257889746715427
940246123384143872,1784433757000-632578958264631296-940246123384143872,1784433757000,1784438298000,1,47.557,24.108,1.9726646756263482
1120316268595904512,1784436949000-632578958264631296-1120316268595904512,1784436949000,1784444470000,1,47.512,19.391,2.450208859780311
1083728919393206272,1784441756000-632578958264631296-1083728919393206272,1784441756000,1784447341000,1,47.423,19.442,2.4392037856187634
873201356771426304,1784440728000-632578958264631296-873201356771426304,1784440728000,1784447167000,1,47.415,10.455,4.535150645624103
946030864989421568,1784502163000-632578958264631296-946030864989421568,1784502163000,1784506417000,1,47.413,11.13,4.259928122192273
1132637029964709888,1784504206000-632578958264631296-1132637029964709888,1784504206000,1784510534000,1,47.396,24.598,1.926823318969022
1488129049464143872,1784450330000-632578958264631296-1488129049464143872,1784450330000,1784455444000,1,47.351,18.784,2.520815587734242
1094956363722784768,1784459334000-632578958264631296-1094956363722784768,1784459334000,1784463802000,1,47.346,16.16,2.929826732673267
1536014647272931328,1784467921000-632578958264631296-1536014647272931328,1784467921000,1784472993000,1,47.308,21.446,2.2059125244800892
787000328028422144,1784420792000-632578958264631296-787000328028422144,1784420792000,1784425111000,1,47.3,15.134,3.125412977401876
1536014654021566464,1784416874000-632578958264631296-1536014654021566464,1784416874000,1784421569000,1,47.284,14.918,3.1695937793269877
1157003119578578944,1784439550000-632578958264631296-1157003119578578944,1784439550000,1784444041000,1,47.278,9.873,4.788615415780411
873568577507033088,1784466279000-632578958264631296-873568577507033088,1784466279000,1784470921000,1,47.208,21.93,2.1526675786593708
1083726655622479872,1784458413000-632578958264631296-1083726655622479872,1784458413000,1784463512000,1,47.199,18.103,2.6072474175551013
1536014654021566464,1784423190000-632578958264631296-1536014654021566464,1784423190000,1784428247000,1,47.19,13.369,3.5298077642306827
1152269303286857728,1784426678000-632578958264631296-1152269303286857728,1784426678000,1784431081000,1,47.182,8.31,5.677737665463297
929707161364201472,1784455563000-632578958264631296-929707161364201472,1784455563000,1784461496000,1,47.103,24.781,1.9007707517856425
951882940915122176,1784447339000-632578958264631296-951882940915122176,1784447339000,1784452660000,1,47.023,13.428,3.501861781352398
1536004619845500928,1784459854000-632578958264631296-1536004619845500928,1784459854000,1784463835000,1,46.981,15.991,2.937965105371772
787737136659955712,1784464373000-632578958264631296-787737136659955712,1784464373000,1784469332000,1,46.963,15.059,3.1186001726542267
1536014674678513664,1784432359000-632578958264631296-1536014674678513664,1784432359000,1784436893000,1,46.957,15.886,2.9558730958076294
925753337108758528,1784442557000-632578958264631296-925753337108758528,1784442557000,1784446905000,1,46.883,11.771,3.9829241355874605
800026217909583872,1784433932000-632578958264631296-800026217909583872,1784433932000,1784441347000,1,46.856,17.734,2.642156309913161
1536014716214706176,1784432859000-632578958264631296-1536014716214706176,1784432859000,1784437363000,1,46.851,16.565,2.8283127075158463
946035487334727680,1784464024000-632578958264631296-946035487334727680,1784464024000,1784468354000,1,46.85,9.25,5.064864864864865
1067763772824748032,1784420564000-632578958264631296-1067763772824748032,1784420564000,1784426363000,1,46.842,24.179,1.9373009636461394
873916972050415616,1784446552000-632578958264631296-873916972050415616,1784446552000,1784454091000,1,46.84,11.74,3.9897785349233392
1050037048276156416,1784452532000-632578958264631296-1050037048276156416,1784452532000,1784456269000,1,46.734,13.013,3.591331745177899
1475453057469775872,1784423207000-632578958264631296-1475453057469775872,1784423207000,1784427152000,1,46.72,14.435,3.2365777623830962
798991075485155328,1784452522000-632578958264631296-798991075485155328,1784452522000,1784456274000,1,46.649,14.853,3.1407123140106377
1500484476822618112,1784492224000-632578958264631296-1500484476822618112,1784492224000,1784497924000,1,46.625,9.746,4.784013954442848
1142833661045899264,1784478692000-632578958264631296-1142833661045899264,1784478692000,1784483536000,1,46.546,9.862,4.719732305820321
1064494636166283264,1784459900000-632578958264631296-1064494636166283264,1784459900000,1784464173000,1,46.319,17.112,2.706813931743806
873568577507033088,1784428519000-632578958264631296-873568577507033088,1784428519000,1784433089000,1,46.284,11.313,4.091222487403871
878252193440858112,1784455155000-632578958264631296-878252193440858112,1784455155000,1784459486000,1,46.283,12.805,3.6144474814525576
925753337108758528,1784455148000-632578958264631296-925753337108758528,1784455148000,1784459459000,1,46.281,12.538,3.6912585739352366
1064494636166283264,1784425461000-632578958264631296-1064494636166283264,1784425461000,1784429206000,1,46.25,16.537,2.7967587833343415
1083728245179809792,1784446750000-632578958264631296-1083728245179809792,1784446750000,1784451115000,1,46.206,10.125,4.563555555555556
1068875501654769664,1784445432000-632578958264631296-1068875501654769664,1784445432000,1784449657000,1,46.185,18.61,2.481730252552391
1477689128190476288,1784462327000-632578958264631296-1477689128190476288,1784462327000,1784467741000,1,46.113,11.51,4.006342311033884
996809766619578368,1784443594000-632578958264631296-996809766619578368,1784443594000,1784448304000,1,46.056,17.643,2.610440401292297
1355523374926790656,1784470223000-632578958264631296-1355523374926790656,1784470223000,1784474489000,1,46.0,13.615,3.3786265148733015
1072872003913908224,1784441895000-632578958264631296-1072872003913908224,1784441895000,1784446922000,1,45.942,21.383,2.1485292054435767
1062738070563979264,1784463149000-632578958264631296-1062738070563979264,1784463149000,1784469755000,1,45.884,27.924,1.6431743303251685
780085706063085568,1784466211000-632578958264631296-780085706063085568,1784466211000,1784471424000,1,45.857,19.476,2.354538919696036
1152269356621627392,1784452060000-632578958264631296-1152269356621627392,1784452060000,1784457590000,1,45.825,19.247,2.3808905283940356
860146891080335360,1784415790000-632578958264631296-860146891080335360,1784415790000,1784421530000,1,45.794,20.664,2.2161246612466123
862677666426257408,1784484841000-632578958264631296-862677666426257408,1784484841000,1784488936000,1,45.747,12.289,3.7225974448693955
1540361729291059200,1784459493000-632578958264631296-1540361729291059200,1784459493000,1784464553000,1,45.731,14.762,3.097886465248611
1083727986517082112,1784475885000-632578958264631296-1083727986517082112,1784475885000,1784480056000,1,45.727,10.499,4.3553671778264595
1458037913185943552,1784443337000-632578958264631296-1458037913185943552,1784443337000,1784447157000,1,45.714,11.247,4.064550546812483
780085706063085568,1784423460000-632578958264631296-780085706063085568,1784423460000,1784427893000,1,45.677,16.141,2.8298742333188778
1135631306680434688,1784451382000-632578958264631296-1135631306680434688,1784451382000,1784458419000,1,45.646,22.011,2.0737812911725957
862677844923252736,1784501402000-632578958264631296-862677844923252736,1784501402000,1784505286000,1,45.616,11.717,3.8931467099086796
1083727852433571840,1784459843000-632578958264631296-1083727852433571840,1784459843000,1784468459000,1,45.59,13.54,3.3670605612998528
862677844923252736,1784440219000-632578958264631296-862677844923252736,1784440219000,1784444290000,1,45.574,11.107,4.103178175925092
786545248472924160,1784463951000-632578958264631296-786545248472924160,1784463951000,1784467639000,1,45.545,15.646,2.910967659465678
787687496786903040,1784504604000-632578958264631296-787687496786903040,1784504604000,1784509955000,1,45.519,15.551,2.9270786444601633
1526262198169501696,1784462391000-632578958264631296-1526262198169501696,1784462391000,1784466575000,1,45.504,14.097,3.227920834220047
1536402078727929856,1784473032000-632578958264631296-1536402078727929856,1784473032000,1784477176000,1,45.48,16.54,2.7496977025392986
1136716787434389504,1784469234000-632578958264631296-1136716787434389504,1784469234000,1784473507000,1,45.46,13.246,3.4319794654990186
952162532812914688,1784428570000-632578958264631296-952162532812914688,1784428570000,1784434556000,1,45.446,21.723,2.0920683146894996
866686329780436992,1784421104000-632578958264631296-866686329780436992,1784421104000,1784424893000,1,45.399,8.436,5.381578947368421
1362453820235317248,1784430791000-632578958264631296-1362453820235317248,1784430791000,1784437481000,1,45.385,22.964,1.9763542936770597
1536014716214706176,1784428991000-632578958264631296-1536014716214706176,1784428991000,1784432557000,1,45.108,14.94,3.0192771084337346
912747932862644224,1784443139000-632578958264631296-912747932862644224,1784443139000,1784447078000,1,44.994,10.453,4.304410217162538
952583803866447872,1784441185000-632578958264631296-952583803866447872,1784441185000,1784446092000,1,44.915,8.978,5.002784584539986
873109579045535744,1784442829000-632578958264631296-873109579045535744,1784442829000,1784447386000,1,44.886,12.61,3.5595559080095165
1397607641592627200,1784429030000-632578958264631296-1397607641592627200,1784429030000,1784434048000,1,44.855,17.841,2.5141527941258897
1422205318414204928,1784440373000-632578958264631296-1422205318414204928,1784440373000,1784444716000,1,44.756,9.111,4.912303808583031
1422205318414204928,1784475461000-632578958264631296-1422205318414204928,1784475461000,1784481107000,1,44.728,17.191,2.6018265371415277
1120316662394912768,1784469037000-632578958264631296-1120316662394912768,1784469037000,1784474081000,1,44.702,14.822,3.0159222776953176
1101524127430213632,1784474158000-632578958264631296-1101524127430213632,1784474158000,1784512658000,1,44.701,33.628,1.3292791721184727
1065671842468986880,1784436992000-632578958264631296-1065671842468986880,1784436992000,1784441378000,1,44.682,8.976,4.977941176470588
1076923642098483200,1784437508000-632578958264631296-1076923642098483200,1784437508000,1784442384000,1,44.671,19.554,2.2844942211312267
1079095522620342272,1784464806000-632578958264631296-1079095522620342272,1784464806000,1784469847000,1,44.664,8.598,5.194696441032798
1540361603277389824,1784455804000-632578958264631296-1540361603277389824,1784455804000,1784460913000,1,44.66,14.925,2.992294807370184
943857890790211584,1784436402000-632578958264631296-943857890790211584,1784436402000,1784441888000,1,44.655,19.088,2.3394279128248114
1141991039255445504,1784435259000-632578958264631296-1141991039255445504,1784435259000,1784439686000,1,44.65,14.296,3.1232512590934527
1385305128772304896,1784487926000-632578958264631296-1385305128772304896,1784487926000,1784494199000,1,44.642,16.841,2.65079270827148
1023491297677148160,1784429076000-632578958264631296-1023491297677148160,1784429076000,1784436655000,1,44.531,11.822,3.766790729149044
1385305434218299392,1784463225000-632578958264631296-1385305434218299392,1784463225000,1784467053000,1,44.513,8.991,4.950839728617506
1536014556927623168,1784423139000-632578958264631296-1536014556927623168,1784423139000,1784431543000,1,44.495,15.532,2.8647308781869687
1062738070563979264,1784476917000-632578958264631296-1062738070563979264,1784476917000,1784481668000,1,44.432,13.476,3.297120807361235
1083726789898928128,1784505195000-632578958264631296-1083726789898928128,1784505195000,1784509751000,1,44.387,15.255,2.9096689609963944
1277220593376165888,1784442396000-632578958264631296-1277220593376165888,1784442396000,1784446024000,1,44.321,14.192,3.1229565952649376
1050024168621342720,1784438683000-632578958264631296-1050024168621342720,1784438683000,1784443502000,1,44.24,8.983,4.924858065234331
1083726698509238272,1784446918000-632578958264631296-1083726698509238272,1784446918000,1784451235000,1,44.08,13.76,3.203488372093023
796706773456125952,1784424561000-632578958264631296-796706773456125952,1784424561000,1784428084000,1,44.047,13.843,3.1818969876471863
1477689128190476288,1784429933000-632578958264631296-1477689128190476288,1784429933000,1784433735000,1,44.003,9.589,4.58890395244551
939140294748667904,1784464195000-632578958264631296-939140294748667904,1784464195000,1784468336000,1,43.948,15.123,2.906037161938769
1471165285556813824,1784464070000-632578958264631296-1471165285556813824,1784464070000,1784468160000,1,43.944,14.227,3.088774864693892
942426738309201920,1784465113000-632578958264631296-942426738309201920,1784465113000,1784472309000,1,43.874,14.604,3.0042454122158317
1536014618822967296,1784468249000-632578958264631296-1536014618822967296,1784468249000,1784473050000,1,43.87,20.607,2.128888241859562
1134877765846171648,1784469878000-632578958264631296-1134877765846171648,1784469878000,1784474961000,1,43.811,19.103,2.2934094121342197
1072872003913908224,1784429948000-632578958264631296-1072872003913908224,1784429948000,1784433596000,1,43.772,18.159,2.4104851588743874
912747932862644224,1784420451000-632578958264631296-912747932862644224,1784420451000,1784424574000,1,43.709,11.835,3.6931981411068864
866686265431425024,1784465178000-632578958264631296-866686265431425024,1784465178000,1784472279000,1,43.681,16.638,2.625375646111311
873897783357079552,1784423248000-632578958264631296-873897783357079552,1784423248000,1784428663000,1,43.678,9.807,4.453757520138676
944589217739046912,1784448515000-632578958264631296-944589217739046912,1784448515000,1784452238000,1,43.648,9.938,4.3920305896558665
1211786303754993664,1784429493000-632578958264631296-1211786303754993664,1784429493000,1784433430000,1,43.622,13.123,3.324087479996952
1289306380670337024,1784468420000-632578958264631296-1289306380670337024,1784468420000,1784473315000,1,43.598,12.489,3.4909120025622546
933416236518211584,1784420448000-632578958264631296-933416236518211584,1784420448000,1784424329000,1,43.597,12.507,3.4858079475493726
791672232936996864,1784418849000-632578958264631296-791672232936996864,1784418849000,1784423486000,1,43.559,11.939,3.6484630203534634
786246735176400896,1784418891000-632578958264631296-786246735176400896,1784418891000,1784423211000,1,43.552,13.243,3.2886808125047193
944589217739046912,1784420325000-632578958264631296-944589217739046912,1784420325000,1784424194000,1,43.549,11.714,3.717688236298446
873822835015942144,1784438511000-632578958264631296-873822835015942144,1784438511000,1784442129000,1,43.509,17.459,2.4920671287015295
1076923968528580608,1784444320000-632578958264631296-1076923968528580608,1784444320000,1784449729000,1,43.5,17.341,2.508505853180324
1289306380670337024,1784431533000-632578958264631296-1289306380670337024,1784431533000,1784436613000,1,43.409,17.262,2.5147144015757155
970285003134992384,1784447610000-632578958264631296-970285003134992384,1784447610000,1784451274000,1,43.391,12.405,3.497863764611044
1540361293100220416,1784432153000-632578958264631296-1540361293100220416,1784432153000,1784435542000,1,43.253,9.701,4.4586125141737964
1067764585097854976,1784415538000-632578958264631296-1067764585097854976,1784415538000,1784420970000,1,43.187,17.856,2.418626792114695
1389243940330274816,1784462093000-632578958264631296-1389243940330274816,1784462093000,1784469932000,1,43.173,22.102,1.9533526377703376
1083728919393206272,1784449073000-632578958264631296-1083728919393206272,1784449073000,1784453968000,1,42.954,19.73,2.177090724784592
1428367002015105024,1784470312000-632578958264631296-1428367002015105024,1784470312000,1784474975000,1,42.924,15.612,2.7494235203689468
951563481520275456,1784461050000-632578958264631296-951563481520275456,1784461050000,1784466363000,1,42.865,12.592,3.404145489199492
1385305434218299392,1784469623000-632578958264631296-1385305434218299392,1784469623000,1784473665000,1,42.862,7.498,5.716457722059216
1070334753032372224,1784460921000-632578958264631296-1070334753032372224,1784460921000,1784466469000,1,42.809,22.844,1.8739712834880053
943859348893859840,1784445875000-632578958264631296-943859348893859840,1784445875000,1784449848000,1,42.759,8.971,4.766358265522238
1161574576161816576,1784442791000-632578958264631296-1161574576161816576,1784442791000,1784447711000,1,42.705,18.831,2.267803090648399
787687496786903040,1784437580000-632578958264631296-787687496786903040,1784437580000,1784441510000,1,42.658,14.738,2.894422581082915
942471450843938816,1784458163000-632578958264631296-942471450843938816,1784458163000,1784462258000,1,42.648,16.003,2.665000312441417
1475452919183572992,1784419749000-632578958264631296-1475452919183572992,1784419749000,1784424503000,1,42.624,14.011,3.0421811433873387
1385305128772304896,1784432615000-632578958264631296-1385305128772304896,1784432615000,1784437258000,1,42.562,17.948,2.3714062848228212
947092625956012032,1784441151000-632578958264631296-947092625956012032,1784441151000,1784445798000,1,42.499,8.424,5.044990503323837
800361869549240320,1784434981000-632578958264631296-800361869549240320,1784434981000,1784438946000,1,42.446,12.331,3.4422187981510013
1152269303286857728,1784420961000-632578958264631296-1152269303286857728,1784420961000,1784425320000,1,42.405,8.516,4.979450446218882
1540361603277389824,1784423495000-632578958264631296-1540361603277389824,1784423495000,1784428473000,1,42.37,16.235,2.609793655682168
792451146961649664,1784436986000-632578958264631296-792451146961649664,1784436986000,1784441285000,1,42.278,12.582,3.3601971069782226
1067763722711203840,1784454931000-632578958264631296-1067763722711203840,1784454931000,1784459907000,1,42.2,12.567,3.3580011140288057
792451146961649664,1784501283000-632578958264631296-792451146961649664,1784501283000,1784506057000,1,42.167,18.686,2.2566092261586217
1067775323560476672,1784455492000-632578958264631296-1067775323560476672,1784455492000,1784459948000,1,42.161,16.703,2.5241573370053287
1135541524696662016,1784429722000-632578958264631296-1135541524696662016,1784429722000,1784433696000,1,42.157,8.431,5.00023721978413
1083728919393206272,1784462560000-632578958264631296-1083728919393206272,1784462560000,1784468042000,1,42.1,18.274,2.3038196344533217
1486725792942522368,1784418302000-632578958264631296-1486725792942522368,1784418302000,1784423394000,1,42.054,7.66,5.490078328981723
1536014744312348672,1784435701000-632578958264631296-1536014744312348672,1784435701000,1784441234000,1,42.013,10.131,4.146974632316652
874363612666265600,1784489089000-632578958264631296-874363612666265600,1784489089000,1784493681000,1,42.006,9.144,4.593832020997375
1093087738300727296,1784455876000-632578958264631296-1093087738300727296,1784455876000,1784460566000,1,42.002,16.988,2.4724511419825763
1540361934212169728,1784453374000-632578958264631296-1540361934212169728,1784453374000,1784457620000,1,41.959,19.15,2.1910704960835514
942469061864849408,1784439220000-632578958264631296-942469061864849408,1784439220000,1784443031000,1,41.93,13.424,3.1235101311084628
1131239476161413120,1784478530000-632578958264631296-1131239476161413120,1784478530000,1784482269000,1,41.865,13.225,3.1655954631379966
1536014737035231232,1784462729000-632578958264631296-1536014737035231232,1784462729000,1784467004000,1,41.86,10.662,3.926092665541174
1070334753032372224,1784468330000-632578958264631296-1070334753032372224,1784468330000,1784472891000,1,41.853,20.075,2.084831880448319
1357047782162038784,1784424228000-632578958264631296-1357047782162038784,1784424228000,1784428328000,1,41.715,8.085,5.159554730983302
1094584670655348736,1784452678000-632578958264631296-1094584670655348736,1784452678000,1784456953000,1,41.593,12.814,3.245902918682691
1142833661045899264,1784443750000-632578958264631296-1142833661045899264,1784443750000,1784448112000,1,41.573,8.166,5.0909870193485185
1173302979768352768,1784423893000-632578958264631296-1173302979768352768,1784423893000,1784427633000,1,41.449,15.987,2.5926690435979234
1362128357327634432,1784429521000-632578958264631296-1362128357327634432,1784429521000,1784434847000,1,41.427,17.985,2.303419516263553
929707161364201472,1784425491000-632578958264631296-929707161364201472,1784425491000,1784429850000,1,41.396,19.04,2.1741596638655465
1093087738300727296,1784472943000-632578958264631296-1093087738300727296,1784472943000,1784477528000,1,41.39,14.872,2.7830823023130717
947452563299500032,1784420744000-632578958264631296-947452563299500032,1784420744000,1784424821000,1,41.367,15.896,2.6023527931555104
927189698663677952,1784465816000-632578958264631296-927189698663677952,1784465816000,1784470358000,1,41.336,14.571,2.8368677510122846
942470042409238528,1784445379000-632578958264631296-942470042409238528,1784445379000,1784449503000,1,41.331,8.954,4.61592584319857
1441118393376702464,1784497408000-632578958264631296-1441118393376702464,1784497408000,1784502296000,1,41.32,19.887,2.077739226630462
1176582451024101376,1784440502000-632578958264631296-1176582451024101376,1784440502000,1784444429000,1,41.302,9.437,4.376602733919678
1540361830973571072,1784464109000-632578958264631296-1540361830973571072,1784464109000,1784467926000,1,41.301,12.093,3.4152815678491693
1536014517601828864,1784435241000-632578958264631296-1536014517601828864,1784435241000,1784439458000,1,41.277,17.933,2.3017342329783084
1046443546271285248,1784441979000-632578958264631296-1046443546271285248,1784441979000,1784447298000,1,41.259,30.995,1.3311501855137926
1120316662394912768,1784438286000-632578958264631296-1120316662394912768,1784438286000,1784442633000,1,41.249,8.916,4.626401973979363
1537822792169291776,1784435214000-632578958264631296-1537822792169291776,1784435214000,1784439566000,1,41.235,18.264,2.257720105124836
1545767666730401792,1784464222000-632578958264631296-1545767666730401792,1784464222000,1784467879000,1,41.227,11.41,3.613234005258545
1536432469593554944,1784435187000-632578958264631296-1536432469593554944,1784435187000,1784439675000,1,41.215,18.391,2.2410418139307273
1049976646406242304,1784435244000-632578958264631296-1049976646406242304,1784435244000,1784439304000,1,41.161,19.134,2.151196822410369
1396881703661731840,1784440759000-632578958264631296-1396881703661731840,1784440759000,1784445123000,1,41.154,13.849,2.971622499819482
1120316585941139456,1784465624000-632578958264631296-1120316585941139456,1784465624000,1784472036000,1,41.126,10.002,4.111777644471105
946030864989421568,1784454194000-632578958264631296-946030864989421568,1784454194000,1784458785000,1,41.11,10.256,4.008385335413417
862677844923252736,1784467503000-632578958264631296-862677844923252736,1784467503000,1784471640000,1,41.104,13.294,3.0919211674439597
1067775323560476672,1784434502000-632578958264631296-1067775323560476672,1784434502000,1784438149000,1,41.07,13.62,3.0154185022026434
869954569466019840,1784431872000-632578958264631296-869954569466019840,1784431872000,1784436611000,1,40.959,9.93,4.124773413897281
893821287409909760,1784459246000-632578958264631296-893821287409909760,1784459246000,1784463743000,1,40.9,12.122,3.3740306880052797
940981890892955648,1784441973000-632578958264631296-940981890892955648,1784441973000,1784446636000,1,40.709,8.541,4.766303711509191
857602255610707968,1784434747000-632578958264631296-857602255610707968,1784434747000,1784439282000,1,40.688,15.335,2.6532768177372024
1067764585097854976,1784461838000-632578958264631296-1067764585097854976,1784461838000,1784465431000,1,40.671,13.132,3.0970910752360647
1088168906306093056,1784461831000-632578958264631296-1088168906306093056,1784461831000,1784465421000,1,40.592,11.986,3.3866177206741197
1156948637754851328,1784454141000-632578958264631296-1156948637754851328,1784454141000,1784458253000,1,40.542,11.153,3.6350757643683314
1482772108667781120,1784416345000-632578958264631296-1482772108667781120,1784416345000,1784421513000,1,40.5,21.0,1.9285714285714286
1064494636166283264,1784456080000-632578958264631296-1064494636166283264,1784456080000,1784459610000,1,40.454,14.968,2.702699091394976
1070334753032372224,1784477342000-632578958264631296-1070334753032372224,1784477342000,1784481456000,1,40.429,16.971,2.3822402922632726
862693652038680576,1784450642000-632578958264631296-862693652038680576,1784450642000,1784453915000,1,40.408,12.053,3.352526341989546
1389243774684626944,1784447030000-632578958264631296-1389243774684626944,1784447030000,1784451179000,1,40.392,14.673,2.7528112860355756
1067793936933715968,1784459791000-632578958264631296-1067793936933715968,1784459791000,1784465124000,1,40.375,24.25,1.6649484536082475
1540361830973571072,1784452465000-632578958264631296-1540361830973571072,1784452465000,1784455722000,1,40.321,12.297,3.2789298202813693
635414692210147328,1784448944000-632578958264631296-635414692210147328,1784448944000,1784453042000,1,40.319,7.904,5.101088056680163
786329294770012160,1784428202000-632578958264631296-786329294770012160,1784428202000,1784431485000,1,40.289,8.675,4.644265129682997
1545767666730401792,1784452444000-632578958264631296-1545767666730401792,1784452444000,1784455648000,1,40.279,11.332,3.554447582068479
1046752835124854784,1784438378000-632578958264631296-1046752835124854784,1784438378000,1784447197000,1,40.23,26.031,1.545465022473205
946030864989421568,1784449854000-632578958264631296-946030864989421568,1784449854000,1784453887000,1,40.208,9.521,4.223085810314042
996808469547843584,1784442840000-632578958264631296-996808469547843584,1784442840000,1784448479000,1,40.18,24.448,1.6434882198952878
1464260641047969792,1784424968000-632578958264631296-1464260641047969792,1784424968000,1784428397000,1,40.167,7.321,5.4865455538860814
1042868881099587584,1784424608000-632578958264631296-1042868881099587584,1784424608000,1784428436000,1,40.161,8.097,4.959985179696184
862693652038680576,1784461697000-632578958264631296-862693652038680576,1784461697000,1784464855000,1,40.01,11.413,3.505651450100762
862693652038680576,1784455478000-632578958264631296-862693652038680576,1784455478000,1784458431000,1,39.969,12.16,3.286924342105263
1385588909638942720,1784425134000-632578958264631296-1385588909638942720,1784425134000,1784430792000,1,39.966,18.288,2.1853674540682415
796706773456125952,1784417841000-632578958264631296-796706773456125952,1784417841000,1784421100000,1,39.948,13.195,3.027510420613869
1268614873160351744,1784462423000-632578958264631296-1268614873160351744,1784462423000,1784466641000,1,39.92,9.312,4.2869415807560145
996809766619578368,1784437966000-632578958264631296-996809766619578368,1784437966000,1784441697000,1,39.873,15.114,2.638150059547439
1449735637144961024,1784436353000-632578958264631296-1449735637144961024,1784436353000,1784441284000,1,39.848,11.867,3.3578832055279344
1153273376152748032,1784482342000-632578958264631296-1153273376152748032,1784482342000,1784487717000,1,39.734,8.063,4.927942453181198
929707161364201472,1784501245000-632578958264631296-929707161364201472,1784501245000,1784505664000,1,39.68,15.577,2.547345445207678
943859348893859840,1784441469000-632578958264631296-943859348893859840,1784441469000,1784445114000,1,39.52,8.272,4.777562862669246
939546232131420160,1784433937000-632578958264631296-939546232131420160,1784433937000,1784438897000,1,39.39,18.571,2.121048947283399
860146891080335360,1784433854000-632578958264631296-860146891080335360,1784433854000,1784438134000,1,39.387,17.932,2.196464421146554
1286311379313098752,1784416149000-632578958264631296-1286311379313098752,1784416149000,1784422819000,1,39.352,19.671,2.000508362564181
1073201833905750016,1784470767000-632578958264631296-1073201833905750016,1784470767000,1784474624000,1,39.349,13.106,3.002365328857012
878252193440858112,1784419423000-632578958264631296-878252193440858112,1784419423000,1784423581000,1,39.299,9.632,4.080045681063123
1501933902321680384,1784439121000-632578958264631296-1501933902321680384,1784439121000,1784442507000,1,39.261,13.319,2.9477438246114573
1536014550107684864,1784444114000-632578958264631296-1536014550107684864,1784444114000,1784447348000,1,39.239,8.916,4.400964558097801
1500136074981146624,1784439118000-632578958264631296-1500136074981146624,1784439118000,1784442407000,1,39.16,11.998,3.263877312885481
1064494636166283264,1784486961000-632578958264631296-1064494636166283264,1784486961000,1784490243000,1,39.125,11.94,3.2768006700167507
1083726561296777216,1784431824000-632578958264631296-1083726561296777216,1784431824000,1784435403000,1,39.1,11.778,3.3197486839870947
1120316721542987776,1784419679000-632578958264631296-1120316721542987776,1784419679000,1784423669000,1,39.056,15.464,2.525607863424728
1083726423769743360,1784473451000-632578958264631296-1083726423769743360,1784473451000,1784477286000,1,39.005,11.188,3.4863246335359315
780085706063085568,1784441712000-632578958264631296-780085706063085568,1784441712000,1784446596000,1,38.986,13.779,2.829378039044923
821719550704746496,1784431566000-632578958264631296-821719550704746496,1784431566000,1784436276000,1,38.983,16.656,2.3404779058597502
1138782810882965504,1784439738000-632578958264631296-1138782810882965504,1784439738000,1784444310000,1,38.96,17.929,2.1730157844832396
947452563299500032,1784431000000-632578958264631296-947452563299500032,1784431000000,1784434469000,1,38.96,17.196,2.265643172830891
1535704124731949056,1784453074000-632578958264631296-1535704124731949056,1784453074000,1784457539000,1,38.957,13.606,2.8632221078935762
943859348893859840,1784430385000-632578958264631296-943859348893859840,1784430385000,1784433969000,1,38.88,7.821,4.971231300345225
946033927888306176,1784443646000-632578958264631296-946033927888306176,1784443646000,1784447505000,1,38.856,9.399,4.13405681455474
1067763772824748032,1784432479000-632578958264631296-1067763772824748032,1784432479000,1784436318000,1,38.854,13.612,2.854393182486042
946027748999036928,1784442015000-632578958264631296-946027748999036928,1784442015000,1784445893000,1,38.823,8.379,4.633369137128536
879404563604439040,1784453315000-632578958264631296-879404563604439040,1784453315000,1784457000000,1,38.819,9.606,4.041120133250052
1525559056574447616,1784440568000-632578958264631296-1525559056574447616,1784440568000,1784443905000,1,38.767,12.843,3.0185314957564433
1525559056574447616,1784435281000-632578958264631296-1525559056574447616,1784435281000,1784438722000,1,38.755,12.95,2.992664092664093
1389243594644127744,1784443338000-632578958264631296-1389243594644127744,1784443338000,1784446626000,1,38.703,13.956,2.773215821152193
1428031634325635072,1784425717000-632578958264631296-1428031634325635072,1784425717000,1784429206000,1,38.633,6.525,5.920766283524904
942721856836730880,1784473767000-632578958264631296-942721856836730880,1784473767000,1784478337000,1,38.617,6.53,5.9137825421133225
1405177997576634368,1784442636000-632578958264631296-1405177997576634368,1784442636000,1784446612000,1,38.608,9.744,3.962233169129721
1500491887742550016,1784440766000-632578958264631296-1500491887742550016,1784440766000,1784444336000,1,38.591,10.937,3.5284813020023775
1094650284191252480,1784437746000-632578958264631296-1094650284191252480,1784437746000,1784441666000,1,38.502,7.678,5.0145871320656425
1067763772824748032,1784436912000-632578958264631296-1067763772824748032,1784436912000,1784442348000,1,38.5,17.294,2.2262056204463976
944587945103327232,1784430978000-632578958264631296-944587945103327232,1784430978000,1784434285000,1,38.485,12.338,3.119225158048306
1068875501654769664,1784436135000-632578958264631296-1068875501654769664,1784436135000,1784441011000,1,38.437,16.998,2.2612660312977995
1536014625517076480,1784438923000-632578958264631296-1536014625517076480,1784438923000,1784444062000,1,38.383,14.13,2.716418966737438
883046842797916160,1784473451000-632578958264631296-883046842797916160,1784473451000,1784481961000,1,38.358,20.129,1.9056088230910624
947102733284933632,1784437628000-632578958264631296-947102733284933632,1784437628000,1784441075000,1,38.322,14.839,2.5825190376710023
1089954932305428480,1784457597000-632578958264631296-1089954932305428480,1784457597000,1784461805000,1,38.318,9.298,4.121101312110131
1168836102002311168,1784457781000-632578958264631296-1168836102002311168,1784457781000,1784461735000,1,38.305,8.138,4.706930449741951
1536014550107684864,1784438680000-632578958264631296-1536014550107684864,1784438680000,1784442011000,1,38.281,9.258,4.134910347807302
1536014633725329408,1784426150000-632578958264631296-1536014633725329408,1784426150000,1784430586000,1,38.269,9.562,4.002196193265007
1083728870357598208,1784426064000-632578958264631296-1083728870357598208,1784426064000,1784430675000,1,38.252,8.996,4.252112049799911
1083728582527680512,1784436319000-632578958264631296-1083728582527680512,1784436319000,1784441952000,1,38.235,25.867,1.4781381683225732
1093089257012068352,1784446556000-632578958264631296-1093089257012068352,1784446556000,1784450428000,1,38.234,13.957,2.739413914164935
1397607641592627200,1784446517000-632578958264631296-1397607641592627200,1784446517000,1784450450000,1,38.173,14.691,2.5983935742971886
873568577507033088,1784438785000-632578958264631296-873568577507033088,1784438785000,1784442903000,1,38.049,12.267,3.1017363658596233
1476549765217910784,1784501801000-632578958264631296-1476549765217910784,1784501801000,1784507198000,1,37.926,22.248,1.7046925566343043
942469061864849408,1784429816000-632578958264631296-942469061864849408,1784429816000,1784433984000,1,37.919,14.281,2.6552062180519567
1152269356621627392,1784439489000-632578958264631296-1152269356621627392,1784439489000,1784447462000,1,37.896,23.542,1.6097188004417635
1067765189559975936,1784440230000-632578958264631296-1067765189559975936,1784440230000,1784445030000,1,37.862,30.547,1.239467050774217
1062738572429230080,1784458541000-632578958264631296-1062738572429230080,1784458541000,1784462204000,1,37.839,6.879,5.500654164849542
1101157025884143616,1784505173000-632578958264631296-1101157025884143616,1784505173000,1784508832000,1,37.818,11.732,3.223491305830208
970285003134992384,1784463494000-632578958264631296-970285003134992384,1784463494000,1784466921000,1,37.786,11.47,3.2943330427201394
866245317551456256,1784433867000-632578958264631296-866245317551456256,1784433867000,1784438399000,1,37.568,8.503,4.418205339292014
866648852977942528,1784434407000-632578958264631296-866648852977942528,1784434407000,1784438801000,1,37.43,12.555,2.981282357626444
1467925946630668288,1784451795000-632578958264631296-1467925946630668288,1784451795000,1784455891000,1,37.417,13.335,2.8059242594675666
1536014674678513664,1784468907000-632578958264631296-1536014674678513664,1784468907000,1784473253000,1,37.392,15.61,2.3953875720691866
1526262198169501696,1784448014000-632578958264631296-1526262198169501696,1784448014000,1784451325000,1,37.339,11.753,3.1769760912107547
1449735637144961024,1784476145000-632578958264631296-1449735637144961024,1784476145000,1784481504000,1,37.337,11.247,3.319729705699298
1046443765134262272,1784428266000-632578958264631296-1046443765134262272,1784428266000,1784433555000,1,37.332,19.625,1.902267515923567
1073994678560358400,1784460456000-632578958264631296-1073994678560358400,1784460456000,1784463670000,1,37.303,7.42,5.027358490566037
1067776196789403648,1784504475000-632578958264631296-1067776196789403648,1784504475000,1784508221000,1,37.295,11.57,3.2234226447709595
925753337108758528,1784447710000-632578958264631296-925753337108758528,1784447710000,1784450975000,1,37.191,9.09,4.091419141914192
1046752835124854784,1784450678000-632578958264631296-1046752835124854784,1784450678000,1784455086000,1,37.19,19.151,1.9419351469897133
1131240645348818944,1784433766000-632578958264631296-1131240645348818944,1784433766000,1784438212000,1,37.183,20.177,1.8428408584031324
1094584670655348736,1784444047000-632578958264631296-1094584670655348736,1784444047000,1784447603000,1,37.181,11.193,3.321808273027785
943859348893859840,1784461454000-632578958264631296-943859348893859840,1784461454000,1784464894000,1,37.116,8.074,4.596977953926183
1105915143314735104,1784427944000-632578958264631296-1105915143314735104,1784427944000,1784433658000,1,37.1,18.313,2.0258832523344075
1093088075828953088,1784478656000-632578958264631296-1093088075828953088,1784478656000,1784482278000,1,37.071,13.104,2.8289835164835164
1067765189559975936,1784431760000-632578958264631296-1067765189559975936,1784431760000,1784435120000,1,37.032,12.073,3.067340346227118
1571542304466927616,1784451986000-632578958264631296-1571542304466927616,1784451986000,1784455091000,1,36.98,6.667,5.546722663866806
1067775323560476672,1784450391000-632578958264631296-1067775323560476672,1784450391000,1784454094000,1,36.978,12.32,3.001461038961039
1141991039255445504,1784419814000-632578958264631296-1141991039255445504,1784419814000,1784423888000,1,36.963,17.32,2.1341224018475753
1177288436235632640,1784468797000-632578958264631296-1177288436235632640,1784468797000,1784472984000,1,36.944,13.753,2.686250272667782
1067775916656033792,1784422183000-632578958264631296-1067775916656033792,1784422183000,1784425995000,1,36.934,13.833,2.6699920480011565
1571542304466927616,1784465040000-632578958264631296-1571542304466927616,1784465040000,1784468782000,1,36.918,6.803,5.426723504336322
1135631306680434688,1784434879000-632578958264631296-1135631306680434688,1784434879000,1784438008000,1,36.87,11.128,3.3132638389647733
944590866851299328,1784471184000-632578958264631296-944590866851299328,1784471184000,1784475905000,1,36.836,22.275,1.653692480359147
946035487334727680,1784452098000-632578958264631296-946035487334727680,1784452098000,1784455930000,1,36.804,8.469,4.34573149132129
1070334753032372224,1784455868000-632578958264631296-1070334753032372224,1784455868000,1784460747000,1,36.746,25.325,1.4509772951628828
951563481520275456,1784455987000-632578958264631296-951563481520275456,1784455987000,1784460826000,1,36.731,11.096,3.310291997116078
1067775063052255232,1784472693000-632578958264631296-1067775063052255232,1784472693000,1784481453000,1,36.634,17.309,2.1164711999537813
1131972366507704320,1784421081000-632578958264631296-1131972366507704320,1784421081000,1784424719000,1,36.539,10.023,3.6455153147760155
1131571393566081024,1784422484000-632578958264631296-1131571393566081024,1784422484000,1784428253000,1,36.518,14.858,2.4578005115089514
870275474985582592,1784480349000-632578958264631296-870275474985582592,1784480349000,1784483828000,1,36.475,9.561,3.8149775128124674
940246123384143872,1784417676000-632578958264631296-940246123384143872,1784417676000,1784421670000,1,36.391,17.156,2.121182093728142
1362453820235317248,1784469914000-632578958264631296-1362453820235317248,1784469914000,1784473556000,1,36.364,21.638,1.6805619743044642
790970372676648960,1784505368000-632578958264631296-790970372676648960,1784505368000,1784508712000,1,36.33,13.274,2.736929335543167
1536014563953082368,1784431349000-632578958264631296-1536014563953082368,1784431349000,1784439741000,1,36.302,26.493,1.3702487449514966
796706773456125952,1784421641000-632578958264631296-796706773456125952,1784421641000,1784424536000,1,36.219,16.232,2.2313331690487925
780451558935494656,1784438279000-632578958264631296-780451558935494656,1784438279000,1784441409000,1,36.141,10.164,3.5557851239669422
866245373776101376,1784442470000-632578958264631296-866245373776101376,1784442470000,1784445547000,1,36.091,8.99,4.014571746384872
1362453820235317248,1784466209000-632578958264631296-1362453820235317248,1784466209000,1784469910000,1,36.081,12.824,2.8135527136618843
1536014681523617792,1784471605000-632578958264631296-1536014681523617792,1784471605000,1784477459000,1,36.041,12.932,2.786962573461181
1157003119578578944,1784427360000-632578958264631296-1157003119578578944,1784427360000,1784430782000,1,36.039,8.422,4.279149845642365
1050035941135089664,1784473549000-632578958264631296-1050035941135089664,1784473549000,1784478672000,1,35.932,15.826,2.270441046379376
1079095785133441024,1784425839000-632578958264631296-1079095785133441024,1784425839000,1784429853000,1,35.907,9.609,3.736809241336247
870568761881526272,1784472830000-632578958264631296-870568761881526272,1784472830000,1784476395000,1,35.761,12.12,2.950577557755776
1525559056574447616,1784462003000-632578958264631296-1525559056574447616,1784462003000,1784465594000,1,35.734,13.012,2.74623424531202
942723675356921856,1784435795000-632578958264631296-942723675356921856,1784435795000,1784441518000,1,35.722,20.623,1.7321437230276875
1406586435233906688,1784432295000-632578958264631296-1406586435233906688,1784432295000,1784437962000,1,35.688,15.551,2.294900649475918
1385588816730914816,1784442298000-632578958264631296-1385588816730914816,1784442298000,1784446273000,1,35.675,13.144,2.714166159464394
942721856836730880,1784465247000-632578958264631296-942721856836730880,1784465247000,1784468811000,1,35.666,6.417,5.558048932522985
1396881703661731840,1784468512000-632578958264631296-1396881703661731840,1784468512000,1784473249000,1,35.663,11.462,3.11141162100855
1478819140813717504,1784423945000-632578958264631296-1478819140813717504,1784423945000,1784427899000,1,35.597,15.0,2.3731333333333335
1083726930487803904,1784472558000-632578958264631296-1083726930487803904,1784472558000,1784477810000,1,35.329,17.205,2.0534147050276084
1477629723302428672,1784419657000-632578958264631296-1477629723302428672,1784419657000,1784423291000,1,35.296,16.0,2.206
1083729116835872768,1784451344000-632578958264631296-1083729116835872768,1784451344000,1784457955000,1,35.264,24.735,1.425672124519911
1172939590688833536,1784424006000-632578958264631296-1172939590688833536,1784424006000,1784427354000,1,35.206,20.432,1.7230814408770558
1161574576161816576,1784448641000-632578958264631296-1161574576161816576,1784448641000,1784452654000,1,35.204,16.232,2.168802365697388
1536014737035231232,1784455314000-632578958264631296-1536014737035231232,1784455314000,1784458348000,1,35.197,11.074,3.1783456745530074
1083726789898928128,1784423491000-632578958264631296-1083726789898928128,1784423491000,1784427542000,1,35.106,12.155,2.8881941587823943
1405141042860130304,1784475324000-632578958264631296-1405141042860130304,1784475324000,1784479236000,1,35.071,8.129,4.314306802804773
1144224275478085632,1784427457000-632578958264631296-1144224275478085632,1784427457000,1784430457000,1,34.921,12.124,2.880320026393929
873109579045535744,1784450799000-632578958264631296-873109579045535744,1784450799000,1784454480000,1,34.874,9.184,3.797256097560976
1268614873160351744,1784442957000-632578958264631296-1268614873160351744,1784442957000,1784446419000,1,34.869,7.243,4.8141654010769015
869903934959910912,1784430871000-632578958264631296-869903934959910912,1784430871000,1784434192000,1,34.848,11.157,3.123420274267276
883046842797916160,1784465817000-632578958264631296-883046842797916160,1784465817000,1784471682000,1,34.796,16.279,2.137477732047423
1540361603277389824,1784463623000-632578958264631296-1540361603277389824,1784463623000,1784467556000,1,34.74,11.89,2.9217830109335576
1170761528379441152,1784433885000-632578958264631296-1170761528379441152,1784433885000,1784438129000,1,34.728,11.478,3.025614218504966
1536014625517076480,1784430029000-632578958264631296-1536014625517076480,1784430029000,1784433497000,1,34.677,10.016,3.4621605431309903
1064494636166283264,1784430211000-632578958264631296-1064494636166283264,1784430211000,1784432888000,1,34.625,11.605,2.983627746660922
1259200800735887360,1784451483000-632578958264631296-1259200800735887360,1784451483000,1784458886000,1,34.605,24.054,1.4386380643552008
1093088075828953088,1784428546000-632578958264631296-1093088075828953088,1784428546000,1784434342000,1,34.561,19.188,1.8011778194705026
1045015172411817984,1784470424000-632578958264631296-1045015172411817984,1784470424000,1784474348000,1,34.527,15.344,2.2501955161626697
1371466234314358784,1784418396000-632578958264631296-1371466234314358784,1784418396000,1784422361000,1,34.514,14.897,2.316842317245083
951557397191589888,1784421390000-632578958264631296-951557397191589888,1784421390000,1784426105000,1,34.401,20.856,1.6494533947065593
862693652038680576,1784420647000-632578958264631296-862693652038680576,1784420647000,1784424788000,1,34.343,16.78,2.046662693682956
1046837731746906112,1784453449000-632578958264631296-1046837731746906112,1784453449000,1784458015000,1,34.338,8.058,4.261355174981385
1172939590688833536,1784478419000-632578958264631296-1172939590688833536,1784478419000,1784483397000,1,34.286,16.288,2.1049852652259333
925753337108758528,1784420717000-632578958264631296-925753337108758528,1784420717000,1784423780000,1,34.271,7.346,4.66526000544514
1405141042860130304,1784456852000-632578958264631296-1405141042860130304,1784456852000,1784460652000,1,34.23,14.669,2.3334923989365324
970285003134992384,1784435591000-632578958264631296-970285003134992384,1784435591000,1784438747000,1,34.223,9.831,3.481131115858
944574738938724352,1784415563000-632578958264631296-944574738938724352,1784415563000,1784420760000,1,34.196,14.254,2.3990458818577243
1067763772824748032,1784465608000-632578958264631296-1067763772824748032,1784465608000,1784471444000,1,34.175,14.085,2.426340078097266
1061350361924632576,1784439927000-632578958264631296-1061350361924632576,1784439927000,1784443369000,1,34.173,12.919,2.6451737750599893
1188144161019133952,1784418144000-632578958264631296-1188144161019133952,1784418144000,1784421738000,1,34.143,6.452,5.291847489150651
1458037913185943552,1784459975000-632578958264631296-1458037913185943552,1784459975000,1784463544000,1,34.14,10.95,3.1178082191780825
1061350580632420352,1784456786000-632578958264631296-1061350580632420352,1784456786000,1784459522000,1,34.139,12.583,2.713104982913455
1422205727123963904,1784445017000-632578958264631296-1422205727123963904,1784445017000,1784447923000,1,34.046,12.478,2.7284821285462413
1536014603211767808,1784427026000-632578958264631296-1536014603211767808,1784427026000,1784431119000,1,34.035,16.603,2.049930735409263
996809766619578368,1784460768000-632578958264631296-996809766619578368,1784460768000,1784464387000,1,33.996,16.657,2.040943747373477
1050035941135089664,1784478676000-632578958264631296-1050035941135089664,1784478676000,1784483508000,1,33.992,17.212,1.9749012316988146
952583803866447872,1784469958000-632578958264631296-952583803866447872,1784469958000,1784473961000,1,33.964,13.238,2.5656443571536487
1286311379313098752,1784475111000-632578958264631296-1286311379313098752,1784475111000,1784479263000,1,33.848,12.051,2.8087295660111193
1083040210243026944,1784471928000-632578958264631296-1083040210243026944,1784471928000,1784476743000,1,33.791,12.918,2.615807400526397
1461772563532218368,1784471935000-632578958264631296-1461772563532218368,1784471935000,1784476737000,1,33.782,8.276,4.081923634606089
1488156307717357568,1784473747000-632578958264631296-1488156307717357568,1784473747000,1784478755000,1,33.775,20.097,1.6805990943921976
1389243774684626944,1784432043000-632578958264631296-1389243774684626944,1784432043000,1784435609000,1,33.769,11.508,2.934393465415363
1083040452048846848,1784449181000-632578958264631296-1083040452048846848,1784449181000,1784452676000,1,33.766,5.903,5.720142300525157
1093087265762050048,1784449281000-632578958264631296-1093087265762050048,1784449281000,1784452847000,1,33.756,6.13,5.506688417618271
1083728047674228736,1784471911000-632578958264631296-1083728047674228736,1784471911000,1784476515000,1,33.729,15.633,2.157551333717137
1056588446363025408,1784472640000-632578958264631296-1056588446363025408,1784472640000,1784477589000,1,33.721,13.552,2.488267414403778
1500136074981146624,1784435209000-632578958264631296-1500136074981146624,1784435209000,1784438095000,1,33.682,9.614,3.5034324942791764
1500136074981146624,1784472292000-632578958264631296-1500136074981146624,1784472292000,1784475702000,1,33.623,11.907,2.8238011253884268
1501933902321680384,1784472273000-632578958264631296-1501933902321680384,1784472273000,1784475943000,1,33.598,13.03,2.5785111281657715
1385588816730914816,1784449075000-632578958264631296-1385588816730914816,1784449075000,1784452373000,1,33.49,10.513,3.1855797583943692
1298646515224412160,1784475191000-632578958264631296-1298646515224412160,1784475191000,1784479851000,1,33.473,11.796,2.8376568328246865
1083728047674228736,1784423514000-632578958264631296-1083728047674228736,1784423514000,1784426852000,1,33.406,15.036,2.221734503857409
1083040210243026944,1784423466000-632578958264631296-1083040210243026944,1784423466000,1784426959000,1,33.403,13.111,2.547708031423995
1067776270814674944,1784442159000-632578958264631296-1067776270814674944,1784442159000,1784446517000,1,33.254,14.944,2.2252408993576016
1373358446576926720,1784444968000-632578958264631296-1373358446576926720,1784444968000,1784448245000,1,33.115,1.923,17.220488819552784
939140294748667904,1784432362000-632578958264631296-939140294748667904,1784432362000,1784435274000,1,33.098,14.711,2.2498810413975936
1464628801508999168,1784446355000-632578958264631296-1464628801508999168,1784446355000,1784449206000,1,32.989,6.339,5.204133144029026
869918310366445568,1784422104000-632578958264631296-869918310366445568,1784422104000,1784425318000,1,32.985,9.606,3.433791380387258
1067764779667423232,1784442865000-632578958264631296-1067764779667423232,1784442865000,1784449650000,1,32.88,16.691,1.9699239110898092
792451146961649664,1784432193000-632578958264631296-792451146961649664,1784432193000,1784435129000,1,32.875,8.97,3.664994425863991
1056588446363025408,1784429094000-632578958264631296-1056588446363025408,1784429094000,1784432606000,1,32.834,12.247,2.6809830979015272
946030376206204928,1784430572000-632578958264631296-946030376206204928,1784430572000,1784433957000,1,32.74,6.334,5.168929586359331
1061351650800697344,1784432296000-632578958264631296-1061351650800697344,1784432296000,1784436617000,1,32.676,15.839,2.063009028347749
1397607641592627200,1784420262000-632578958264631296-1397607641592627200,1784420262000,1784425015000,1,32.611,14.886,2.1907161090957947
1093089257012068352,1784420810000-632578958264631296-1093089257012068352,1784420810000,1784425207000,1,32.604,14.309,2.2785659375218397
1142833661045899264,1784484122000-632578958264631296-1142833661045899264,1784484122000,1784488491000,1,32.584,6.615,4.925774754346183
1536014603211767808,1784422947000-632578958264631296-1536014603211767808,1784422947000,1784426407000,1,32.535,16.69,1.9493708807669259
1361380561528029184,1784484607000-632578958264631296-1361380561528029184,1784484607000,1784487724000,1,32.521,5.746,5.659763313609467
1136692610564358144,1784435223000-632578958264631296-1136692610564358144,1784435223000,1784438616000,1,32.451,9.255,3.506320907617504
1540361729291059200,1784428986000-632578958264631296-1540361729291059200,1784428986000,1784432257000,1,32.448,10.542,3.0779738190096757
862287863801184256,1784484224000-632578958264631296-862287863801184256,1784484224000,1784487712000,1,32.409,6.474,5.006024096385542
922469481249243136,1784449328000-632578958264631296-922469481249243136,1784449328000,1784452801000,1,32.367,11.885,2.72334875893984
1277220593376165888,1784426670000-632578958264631296-1277220593376165888,1784426670000,1784429147000,1,32.323,8.655,3.734604274985558
870286624469024768,1784464952000-632578958264631296-870286624469024768,1784464952000,1784468075000,1,32.309,9.207,3.5091777995003794
1001786725204230144,1784462022000-632578958264631296-1001786725204230144,1784462022000,1784465365000,1,32.298,16.557,1.9507157093676393
1105915143314735104,1784434044000-632578958264631296-1105915143314735104,1784434044000,1784438441000,1,32.291,18.255,1.7688852369213912
908732861828300800,1784434680000-632578958264631296-908732861828300800,1784434680000,1784439085000,1,32.247,13.11,2.459725400457666
1176180359524515840,1784484214000-632578958264631296-1176180359524515840,1784484214000,1784487729000,1,32.225,6.862,4.696152725153016
1536004619845500928,1784454225000-632578958264631296-1536004619845500928,1784454225000,1784457628000,1,32.224,11.882,2.7120013465746506
1536014702105067520,1784466079000-632578958264631296-1536014702105067520,1784466079000,1784468982000,1,32.212,13.954,2.308442023792461
1083728047674228736,1784505079000-632578958264631296-1083728047674228736,1784505079000,1784507816000,1,32.201,16.275,1.9785560675883258
1475452919183572992,1784425385000-632578958264631296-1475452919183572992,1784425385000,1784430639000,1,32.177,14.713,2.186977502888602
1536014625517076480,1784475480000-632578958264631296-1536014625517076480,1784475480000,1784478894000,1,32.175,14.512,2.217130650496141
1064550465066237952,1784477094000-632578958264631296-1064550465066237952,1784477094000,1784481910000,1,32.157,14.119,2.277569232948509
862677844923252736,1784434215000-632578958264631296-862677844923252736,1784434215000,1784436835000,1,32.138,10.212,3.1470818644731686
873568577507033088,1784475484000-632578958264631296-873568577507033088,1784475484000,1784478655000,1,32.126,12.463,2.5777100216641258
862287863801184256,1784478546000-632578958264631296-862287863801184256,1784478546000,1784481704000,1,32.019,7.559,4.235877761608678
786329294770012160,1784466785000-632578958264631296-786329294770012160,1784466785000,1784469615000,1,32.016,10.466,3.0590483470284733
1108703058243616768,1784504741000-632578958264631296-1108703058243616768,1784504741000,1784508308000,1,31.935,6.602,4.837170554377461
1535700301011484672,1784470548000-632578958264631296-1535700301011484672,1784470548000,1784474127000,1,31.845,8.105,3.9290561381863043
1176180359524515840,1784478890000-632578958264631296-1176180359524515840,1784478890000,1784481696000,1,31.788,7.494,4.241793434747798
1060872975626010624,1784433891000-632578958264631296-1060872975626010624,1784433891000,1784437661000,1,31.786,12.498,2.5432869259081454
1536014674678513664,1784462740000-632578958264631296-1536014674678513664,1784462740000,1784466239000,1,31.757,10.768,2.949201337295691
1070334753032372224,1784472895000-632578958264631296-1070334753032372224,1784472895000,1784476884000,1,31.748,14.211,2.2340440503835057
1161574576161816576,1784438210000-632578958264631296-1161574576161816576,1784438210000,1784440646000,1,31.707,10.026,3.1624775583482947
1083726740557135872,1784439455000-632578958264631296-1083726740557135872,1784439455000,1784444092000,1,31.673,8.071,3.9242968653202825
1120316481867874304,1784439424000-632578958264631296-1120316481867874304,1784439424000,1784444118000,1,31.624,6.705,4.71648023862789
1161991673035620352,1784439409000-632578958264631296-1161991673035620352,1784439409000,1784444010000,1,31.624,7.13,4.435343618513324
1132637029964709888,1784432806000-632578958264631296-1132637029964709888,1784432806000,1784436777000,1,31.619,17.28,1.8298032407407405
1050781532765028352,1784439428000-632578958264631296-1050781532765028352,1784439428000,1784444054000,1,31.602,6.841,4.619500073088729
1540361934212169728,1784430369000-632578958264631296-1540361934212169728,1784430369000,1784432935000,1,31.519,9.888,3.187601132686084
873568577507033088,1784421838000-632578958264631296-873568577507033088,1784421838000,1784428512000,1,31.494,18.491,1.7032069655508084
1172939590688833536,1784446554000-632578958264631296-1172939590688833536,1784446554000,1784448842000,1,31.384,10.851,2.8922679937332965
946025929669345280,1784428597000-632578958264631296-946025929669345280,1784428597000,1784432350000,1,31.383,10.717,2.9283381543342353
1540361293100220416,1784437267000-632578958264631296-1540361293100220416,1784437267000,1784440684000,1,31.358,6.823,4.59592554594753
1540361603277389824,1784448353000-632578958264631296-1540361603277389824,1784448353000,1784451692000,1,31.349,10.429,3.005944961165979
1050037424450699264,1784444329000-632578958264631296-1050037424450699264,1784444329000,1784447127000,1,31.347,12.061,2.599038222369621
873822835015942144,1784457668000-632578958264631296-873822835015942144,1784457668000,1784460348000,1,31.344,8.652,3.6227461858529826
1389243940330274816,1784450805000-632578958264631296-1389243940330274816,1784450805000,1784457521000,1,31.335,12.431,2.5207143431743226
1385589109656911872,1784444342000-632578958264631296-1385589109656911872,1784444342000,1784447376000,1,31.315,13.58,2.3059646539027985
796385052366733312,1784503300000-632578958264631296-796385052366733312,1784503300000,1784507293000,1,31.291,10.515,2.9758440323347597
1389243594644127744,1784464209000-632578958264631296-1389243594644127744,1784464209000,1784467193000,1,31.278,12.326,2.5375628752231054
1067763772824748032,1784426837000-632578958264631296-1067763772824748032,1784426837000,1784430038000,1,31.237,11.631,2.6856676124150973
870568761881526272,1784450932000-632578958264631296-870568761881526272,1784450932000,1784453569000,1,31.237,9.492,3.2908765276021907
1422205425331208192,1784461012000-632578958264631296-1422205425331208192,1784461012000,1784464392000,1,31.233,13.283,2.3513513513513513
1467925946630668288,1784437687000-632578958264631296-1467925946630668288,1784437687000,1784440797000,1,31.219,11.259,2.772803979038991
931939397496995840,1784469452000-632578958264631296-931939397496995840,1784469452000,1784472774000,1,31.183,8.804,3.5419127669241255
946030864989421568,1784442794000-632578958264631296-946030864989421568,1784442794000,1784447187000,1,31.156,8.961,3.476844102220734
1152269356621627392,1784469950000-632578958264631296-1152269356621627392,1784469950000,1784474210000,1,31.081,19.05,1.6315485564304462
947104127047958528,1784503641000-632578958264631296-947104127047958528,1784503641000,1784506806000,1,31.076,9.639,3.223985890652558
1050037109068398592,1784447993000-632578958264631296-1050037109068398592,1784447993000,1784451077000,1,30.966,6.699,4.622480967308554
940246123384143872,1784428054000-632578958264631296-940246123384143872,1784428054000,1784431405000,1,30.944,13.569,2.2804922986218585
1131571393566081024,1784479257000-632578958264631296-1131571393566081024,1784479257000,1784482768000,1,30.919,7.722,4.004014504014504
1289307004661137408,1784457196000-632578958264631296-1289307004661137408,1784457196000,1784462175000,1,30.847,12.632,2.4419727675744145
1079026604165824512,1784449423000-632578958264631296-1079026604165824512,1784449423000,1784453173000,1,30.612,4.974,6.1544028950542815
1067771070980816896,1784477878000-632578958264631296-1067771070980816896,1784477878000,1784481367000,1,30.611,12.634,2.4229064429317715
1045646687990710272,1784454735000-632578958264631296-1045646687990710272,1784454735000,1784457869000,1,30.597,9.886,3.0949828039652036
1536014640524296192,1784438036000-632578958264631296-1536014640524296192,1784438036000,1784443619000,1,30.489,21.156,1.441151446398185
1083726698509238272,1784421166000-632578958264631296-1083726698509238272,1784421166000,1784424205000,1,30.467,10.554,2.886772787568694
951882940915122176,1784452786000-632578958264631296-951882940915122176,1784452786000,1784455289000,1,30.446,8.543,3.5638534472667684
1120316268595904512,1784485529000-632578958264631296-1120316268595904512,1784485529000,1784487870000,1,30.283,10.439,2.9009483667017917
1152269303286857728,1784467364000-632578958264631296-1152269303286857728,1784467364000,1784470476000,1,30.267,6.985,4.333142448103078
940988876032311296,1784466189000-632578958264631296-940988876032311296,1784466189000,1784470764000,1,30.203,6.621,4.561697628756985
1073201833905750016,1784458496000-632578958264631296-1073201833905750016,1784458496000,1784462908000,1,30.196,13.225,2.2832514177693763
947104127047958528,1784478214000-632578958264631296-947104127047958528,1784478214000,1784481383000,1,30.172,9.398,3.2104703128325176
1061351650800697344,1784427511000-632578958264631296-1061351650800697344,1784427511000,1784431395000,1,30.081,14.739,2.0409118664766943
1286311379313098752,1784472311000-632578958264631296-1286311379313098752,1784472311000,1784474989000,1,30.028,8.873,3.3841992561704046
1093476797997121536,1784460997000-632578958264631296-1093476797997121536,1784460997000,1784464141000,1,29.982,5.436,5.515452538631346
927189698663677952,1784461901000-632578958264631296-927189698663677952,1784461901000,1784465628000,1,29.948,11.233,2.6660731772456154
1536004619845500928,1784427129000-632578958264631296-1536004619845500928,1784427129000,1784430272000,1,29.862,9.39,3.1801916932907344
1397607641592627200,1784425849000-632578958264631296-1397607641592627200,1784425849000,1784428873000,1,29.858,11.501,2.596122076341188
1535704124731949056,1784427088000-632578958264631296-1535704124731949056,1784427088000,1784430218000,1,29.849,10.132,2.946012633241216
922469481249243136,1784466527000-632578958264631296-922469481249243136,1784466527000,1784472183000,1,29.819,15.619,1.9091491132594915
1138782810882965504,1784465538000-632578958264631296-1138782810882965504,1784465538000,1784468943000,1,29.805,11.446,2.6039664511619782
1056588446363025408,1784425433000-632578958264631296-1056588446363025408,1784425433000,1784428595000,1,29.765,8.524,3.49190520882215
943819597830684672,1784473367000-632578958264631296-943819597830684672,1784473367000,1784477392000,1,29.75,10.371,2.8685758364670715
818154714091749376,1784419965000-632578958264631296-818154714091749376,1784419965000,1784422369000,1,29.711,5.8,5.1225862068965515
1083726698509238272,1784482988000-632578958264631296-1083726698509238272,1784482988000,1784486628000,1,29.709,11.045,2.689814395654142
1500136074981146624,1784422887000-632578958264631296-1500136074981146624,1784422887000,1784427196000,1,29.63,11.095,2.6705723298783233
1501933902321680384,1784423048000-632578958264631296-1501933902321680384,1784423048000,1784427173000,1,29.603,12.256,2.4153883812010446
1536014654021566464,1784459514000-632578958264631296-1536014654021566464,1784459514000,1784461959000,1,29.596,8.704,3.4002757352941173
893133531117518848,1784426619000-632578958264631296-893133531117518848,1784426619000,1784431360000,1,29.596,12.218,2.422327713210018
1500136074981146624,1784458962000-632578958264631296-1500136074981146624,1784458962000,1784461544000,1,29.591,10.132,2.920548756415318
1501933902321680384,1784458962000-632578958264631296-1501933902321680384,1784458962000,1784461532000,1,29.58,10.522,2.8112526135715643
1083016936570224640,1784471464000-632578958264631296-1083016936570224640,1784471464000,1784474336000,1,29.575,5.904,5.009315718157182
996809766619578368,1784452345000-632578958264631296-996809766619578368,1784452345000,1784455122000,1,29.548,13.234,2.2327338673114703
1536014730089463808,1784448780000-632578958264631296-1536014730089463808,1784448780000,1784452090000,1,29.54,11.544,2.558905058905059
929707161364201472,1784446757000-632578958264631296-929707161364201472,1784446757000,1784451525000,1,29.536,16.057,1.839446970168774
1536014556927623168,1784448738000-632578958264631296-1536014556927623168,1784448738000,1784452035000,1,29.524,10.094,2.924905884683971
1083726655622479872,1784496678000-632578958264631296-1083726655622479872,1784496678000,1784502115000,1,29.496,15.355,1.9209378052751545
1152269303286857728,1784449191000-632578958264631296-1152269303286857728,1784449191000,1784451934000,1,29.489,6.041,4.881476576725707
1061350580632420352,1784449437000-632578958264631296-1061350580632420352,1784449437000,1784452071000,1,29.458,11.592,2.5412353347135954
800361869549240320,1784455562000-632578958264631296-800361869549240320,1784455562000,1784458547000,1,29.439,8.473,3.4744482473740113
1067763772824748032,1784455175000-632578958264631296-1067763772824748032,1784455175000,1784458862000,1,29.388,14.854,1.9784569812845028
1050024168621342720,1784426748000-632578958264631296-1050024168621342720,1784426748000,1784429544000,1,29.353,5.704,5.1460378681626935
1083726655622479872,1784473151000-632578958264631296-1083726655622479872,1784473151000,1784477998000,1,29.315,14.111,2.077457302813408
940246123384143872,1784446160000-632578958264631296-940246123384143872,1784446160000,1784450698000,1,29.31,14.616,2.005336617405583
946035487334727680,1784458975000-632578958264631296-946035487334727680,1784458975000,1784463239000,1,29.281,6.387,4.584468451542195
931939397496995840,1784421920000-632578958264631296-931939397496995840,1784421920000,1784425244000,1,29.272,12.133,2.4125937525756203
792451146961649664,1784476890000-632578958264631296-792451146961649664,1784476890000,1784479950000,1,29.271,12.664,2.311355022109918
951557397191589888,1784417356000-632578958264631296-951557397191589888,1784417356000,1784421385000,1,29.212,18.383,1.5890768644943698
1294704486559776768,1784425597000-632578958264631296-1294704486559776768,1784425597000,1784428324000,1,29.183,9.213,3.167589276023011
1540361729291059200,1784464759000-632578958264631296-1540361729291059200,1784464759000,1784467443000,1,29.111,9.838,2.9590363895100635
944587945103327232,1784468661000-632578958264631296-944587945103327232,1784468661000,1784471785000,1,29.018,11.094,2.6156480980710297
1540361729291059200,1784437301000-632578958264631296-1540361729291059200,1784437301000,1784440490000,1,28.895,10.155,2.845396356474643
1046443546271285248,1784418877000-632578958264631296-1046443546271285248,1784418877000,1784422523000,1,28.836,14.236,2.0255689800505756
1268614873160351744,1784430228000-632578958264631296-1268614873160351744,1784430228000,1784432789000,1,28.832,6.192,4.656330749354005
1067765133431799808,1784467073000-632578958264631296-1067765133431799808,1784467073000,1784470732000,1,28.695,12.987,2.2095172095172093
1120316721542987776,1784445040000-632578958264631296-1120316721542987776,1784445040000,1784447707000,1,28.689,8.615,3.3301218804410913
866648789010612224,1784428567000-632578958264631296-866648789010612224,1784428567000,1784431272000,1,28.639,9.49,3.017808219178082
1132637029964709888,1784438729000-632578958264631296-1132637029964709888,1784438729000,1784441570000,1,28.638,16.925,1.69205317577548
1064494636166283264,1784434885000-632578958264631296-1064494636166283264,1784434885000,1784437234000,1,28.627,12.23,2.3407195421095666
1060872975626010624,1784420829000-632578958264631296-1060872975626010624,1784420829000,1784424369000,1,28.601,11.361,2.5174720535164155
951558414842986496,1784463214000-632578958264631296-951558414842986496,1784463214000,1784467086000,1,28.595,13.646,2.0954858566612926
1071826388769570816,1784430976000-632578958264631296-1071826388769570816,1784430976000,1784434173000,1,28.531,10.802,2.6412701351601555
1050781444223270912,1784479541000-632578958264631296-1050781444223270912,1784479541000,1784484387000,1,28.495,20.05,1.4211970074812967
1067775916656033792,1784443367000-632578958264631296-1067775916656033792,1784443367000,1784445915000,1,28.455,10.137,2.8070435039952644
942470042409238528,1784465507000-632578958264631296-942470042409238528,1784465507000,1784468992000,1,28.45,8.228,3.45770539620807
870275474985582592,1784467071000-632578958264631296-870275474985582592,1784467071000,1784470124000,1,28.385,10.462,2.7131523609252537
1083728919393206272,1784472463000-632578958264631296-1083728919393206272,1784472463000,1784475791000,1,28.319,8.209,3.449750274089414
947583451614150656,1784446823000-632578958264631296-947583451614150656,1784446823000,1784449371000,1,28.294,13.247,2.135879821846456
946029440482148352,1784436154000-632578958264631296-946029440482148352,1784436154000,1784439036000,1,28.26,9.351,3.0221366698748797
1500484476822618112,1784487090000-632578958264631296-1500484476822618112,1784487090000,1784491854000,1,28.25,6.572,4.298539257455873
1294704486559776768,1784450323000-632578958264631296-1294704486559776768,1784450323000,1784453446000,1,28.161,11.993,2.348119736512966
1079095785133441024,1784443234000-632578958264631296-1079095785133441024,1784443234000,1784446646000,1,28.12,7.349,3.826370934821064
1083726789898928128,1784430652000-632578958264631296-1083726789898928128,1784430652000,1784433575000,1,28.072,9.393,2.9886085382731817
1469693281720860672,1784446101000-632578958264631296-1469693281720860672,1784446101000,1784448533000,1,28.036,5.246,5.344262295081967
1131631502098956288,1784425874000-632578958264631296-1131631502098956288,1784425874000,1784432472000,1,27.997,16.646,1.6819055628979935
1536014603211767808,1784445914000-632578958264631296-1536014603211767808,1784445914000,1784449005000,1,27.947,11.643,2.40032637636348
1132635162635403264,1784436592000-632578958264631296-1132635162635403264,1784436592000,1784439320000,1,27.922,10.536,2.6501518602885348
1060630916881186816,1784446082000-632578958264631296-1060630916881186816,1784446082000,1784449137000,1,27.847,14.145,1.9686815129020856
1089954932305428480,1784433332000-632578958264631296-1089954932305428480,1784433332000,1784436318000,1,27.792,6.684,4.157989228007182
946025929669345280,1784466336000-632578958264631296-946025929669345280,1784466336000,1784470124000,1,27.727,10.342,2.681009475923419
1067771070980816896,1784429732000-632578958264631296-1067771070980816896,1784429732000,1784432043000,1,27.59,5.739,4.807457745251786
1144224275478085632,1784458963000-632578958264631296-1144224275478085632,1784458963000,1784461694000,1,27.525,11.199,2.457808732922582
800361869549240320,1784443164000-632578958264631296-800361869549240320,1784443164000,1784446065000,1,27.525,9.717,2.8326644025933927
929707161364201472,1784461750000-632578958264631296-929707161364201472,1784461750000,1784466541000,1,27.519,14.003,1.9652217381989572
946035487334727680,1784420330000-632578958264631296-946035487334727680,1784420330000,1784423061000,1,27.468,7.073,3.8835006362222533
940246634145513472,1784469597000-632578958264631296-940246634145513472,1784469597000,1784472990000,1,27.435,12.701,2.1600661365246827
1152269356621627392,1784421196000-632578958264631296-1152269356621627392,1784421196000,1784424703000,1,27.432,12.887,2.1286567859082797
1428366867084345344,1784469693000-632578958264631296-1428366867084345344,1784469693000,1784473067000,1,27.406,10.367,2.643580592263914
1536014702105067520,1784459666000-632578958264631296-1536014702105067520,1784459666000,1784463698000,1,27.369,11.237,2.4356144878526296
942471450843938816,1784501939000-632578958264631296-942471450843938816,1784501939000,1784505427000,1,27.171,11.374,2.3888693511517496
938817698895233024,1784426175000-632578958264631296-938817698895233024,1784426175000,1784429568000,1,27.165,10.939,2.4833165737270315
1068875501654769664,1784441746000-632578958264631296-1068875501654769664,1784441746000,1784444449000,1,27.107,10.671,2.540249273732546
787737136659955712,1784431216000-632578958264631296-787737136659955712,1784431216000,1784433174000,1,27.105,8.029,3.3758874081454726
946034616492359680,1784453499000-632578958264631296-946034616492359680,1784453499000,1784455573000,1,27.046,5.625,4.808177777777778
1152269303286857728,1784435032000-632578958264631296-1152269303286857728,1784435032000,1784437596000,1,26.957,5.51,4.892377495462795
1501933902321680384,1784436044000-632578958264631296-1501933902321680384,1784436044000,1784438274000,1,26.943,7.564,3.5620042305658384
862693652038680576,1784445522000-632578958264631296-862693652038680576,1784445522000,1784447625000,1,26.875,6.937,3.8741530921147467
800361869549240320,1784439489000-632578958264631296-800361869549240320,1784439489000,1784442543000,1,26.856,7.936,3.3840725806451615
1182027923075366912,1784452138000-632578958264631296-1182027923075366912,1784452138000,1784455071000,1,26.814,11.336,2.3653846153846154
1535704124731949056,1784468482000-632578958264631296-1535704124731949056,1784468482000,1784471019000,1,26.814,8.671,3.092376888478838
1172939590688833536,1784454185000-632578958264631296-1172939590688833536,1784454185000,1784456273000,1,26.807,8.3,3.229759036144578
893821287409909760,1784472553000-632578958264631296-893821287409909760,1784472553000,1784475629000,1,26.783,8.479,3.15874513503951
1083726613264203776,1784462032000-632578958264631296-1083726613264203776,1784462032000,1784464651000,1,26.772,10.299,2.5994756772502186
1536014577374855168,1784452456000-632578958264631296-1536014577374855168,1784452456000,1784455012000,1,26.689,10.421,2.561078591306017
1138167953473142784,1784422433000-632578958264631296-1138167953473142784,1784422433000,1784425455000,1,26.666,12.493,2.134475306171456
1062738572429230080,1784462941000-632578958264631296-1062738572429230080,1784462941000,1784465526000,1,26.664,4.655,5.728034371643394
1545824482457812992,1784439957000-632578958264631296-1545824482457812992,1784439957000,1784442947000,1,26.594,10.952,2.4282322863403945
952162532812914688,1784471940000-632578958264631296-952162532812914688,1784471940000,1784475007000,1,26.575,13.394,1.9840973570255338
1422205521707925504,1784439888000-632578958264631296-1422205521707925504,1784439888000,1784444084000,1,26.526,6.62,4.006948640483383
1540361934212169728,1784450329000-632578958264631296-1540361934212169728,1784450329000,1784453166000,1,26.506,8.544,3.1022940074906367
1536014603211767808,1784464716000-632578958264631296-1536014603211767808,1784464716000,1784470458000,1,26.445,13.131,2.013936486177747
1475453057469775872,1784441419000-632578958264631296-1475453057469775872,1784441419000,1784444656000,1,26.441,10.734,2.4632942053288613
1536014556927623168,1784416847000-632578958264631296-1536014556927623168,1784416847000,1784420048000,1,26.374,10.313,2.557354794919034
943458912718290944,1784467500000-632578958264631296-943458912718290944,1784467500000,1784470156000,1,26.37,7.087,3.720897417807253
1405141042860130304,1784440197000-632578958264631296-1405141042860130304,1784440197000,1784444390000,1,26.362,7.263,3.6296296296296293
1537822792169291776,1784504106000-632578958264631296-1537822792169291776,1784504106000,1784507409000,1,26.303,12.379,2.124808142822522
1049976646406242304,1784504089000-632578958264631296-1049976646406242304,1784504089000,1784507408000,1,26.257,13.579,1.9336475440017675
1536014603211767808,1784487695000-632578958264631296-1536014603211767808,1784487695000,1784491074000,1,26.165,10.444,2.5052661815396395
1462138214197231616,1784465732000-632578958264631296-1462138214197231616,1784465732000,1784468649000,1,26.008,8.279,3.141442203164633
1177288436235632640,1784426339000-632578958264631296-1177288436235632640,1784426339000,1784428872000,1,25.891,6.747,3.837409218912109
870568761881526272,1784457352000-632578958264631296-870568761881526272,1784457352000,1784459466000,1,25.78,8.044,3.204873197414222
926835749754503168,1784502391000-632578958264631296-926835749754503168,1784502391000,1784506091000,1,25.744,5.735,4.488927637314734
1536014667858575360,1784433922000-632578958264631296-1536014667858575360,1784433922000,1784437018000,1,25.714,14.443,1.7803780378037803
951563481520275456,1784439511000-632578958264631296-951563481520275456,1784439511000,1784442113000,1,25.678,8.173,3.1418083934907624
1176180359524515840,1784460926000-632578958264631296-1176180359524515840,1784460926000,1784464480000,1,25.663,7.191,3.568766513697678
1070370579279773696,1784448929000-632578958264631296-1070370579279773696,1784448929000,1784454299000,1,25.602,28.447,0.8999894540724858
1176180359524515840,1784471556000-632578958264631296-1176180359524515840,1784471556000,1784474691000,1,25.588,6.252,4.09277031349968
1536014744312348672,1784460926000-632578958264631296-1536014744312348672,1784460926000,1784463597000,1,25.547,13.966,1.8292281254475156
1536014660929585152,1784454630000-632578958264631296-1536014660929585152,1784454630000,1784457548000,1,25.474,8.143,3.1283310819108436
947102733284933632,1784466920000-632578958264631296-947102733284933632,1784466920000,1784469109000,1,25.458,9.092,2.800043994720633
1064494636166283264,1784464420000-632578958264631296-1064494636166283264,1784464420000,1784466931000,1,25.435,9.238,2.7533015804286642
1067765189559975936,1784455343000-632578958264631296-1067765189559975936,1784455343000,1784458135000,1,25.405,10.024,2.5344173982442144
1076924285072703488,1784424600000-632578958264631296-1076924285072703488,1784424600000,1784427188000,1,25.374,8.98,2.825612472160356
1268615353760481280,1784471583000-632578958264631296-1268615353760481280,1784471583000,1784473958000,1,25.356,8.943,2.835290171083529
1083728245179809792,1784451242000-632578958264631296-1083728245179809792,1784451242000,1784455518000,1,25.262,7.596,3.3256977356503423
800026217909583872,1784441349000-632578958264631296-800026217909583872,1784441349000,1784443821000,1,25.191,4.06,6.204679802955665
931939397496995840,1784425383000-632578958264631296-931939397496995840,1784425383000,1784427970000,1,25.139,9.652,2.604537919602155
869903934959910912,1784476314000-632578958264631296-869903934959910912,1784476314000,1784478697000,1,25.119,8.455,2.9709047900650503
1082330521322651648,1784418186000-632578958264631296-1082330521322651648,1784418186000,1784422254000,1,25.025,7.491,3.340675477239354
1289306380670337024,1784428459000-632578958264631296-1289306380670337024,1784428459000,1784431196000,1,24.967,11.48,2.1748257839721252
1083727333329731584,1784461232000-632578958264631296-1083727333329731584,1784461232000,1784464680000,1,24.957,5.852,4.264695830485304
943819597830684672,1784453184000-632578958264631296-943819597830684672,1784453184000,1784455753000,1,24.943,13.964,1.7862360355199083
1113518928358801408,1784460545000-632578958264631296-1113518928358801408,1784460545000,1784464937000,1,24.934,5.504,4.5301598837209305
1536014667858575360,1784431660000-632578958264631296-1536014667858575360,1784431660000,1784433918000,1,24.927,8.087,3.0823543959441078
1093087738300727296,1784444871000-632578958264631296-1093087738300727296,1784444871000,1784448791000,1,24.905,13.777,1.8077230166219063
1422205727123963904,1784428773000-632578958264631296-1422205727123963904,1784428773000,1784431901000,1,24.9,11.242,2.214908379291941
862677666426257408,1784449044000-632578958264631296-862677666426257408,1784449044000,1784452644000,1,24.892,10.082,2.468954572505455
1083726561296777216,1784455484000-632578958264631296-1083726561296777216,1784455484000,1784458104000,1,24.886,9.171,2.713553592847018
1083726655622479872,1784445491000-632578958264631296-1083726655622479872,1784445491000,1784449368000,1,24.783,10.309,2.404015908429528
1067763722711203840,1784464398000-632578958264631296-1067763722711203840,1784464398000,1784467408000,1,24.78,10.918,2.2696464553947613
1076923968528580608,1784440549000-632578958264631296-1076923968528580608,1784440549000,1784442913000,1,24.774,8.45,2.9318343195266277
1489984398731247616,1784423652000-632578958264631296-1489984398731247616,1784423652000,1784426061000,1,24.615,5.88,4.186224489795918
1083726517403385856,1784424968000-632578958264631296-1083726517403385856,1784424968000,1784428372000,1,24.583,5.997,4.099216274804069
1083727517765861376,1784425008000-632578958264631296-1083727517765861376,1784425008000,1784428484000,1,24.576,5.603,4.3862216669641265
1488156307717357568,1784418994000-632578958264631296-1488156307717357568,1784418994000,1784421796000,1,24.575,10.766,2.282649080438417
787000328028422144,1784458094000-632578958264631296-787000328028422144,1784458094000,1784460221000,1,24.555,7.829,3.136415889641078
1173302979768352768,1784418950000-632578958264631296-1173302979768352768,1784418950000,1784421650000,1,24.53,10.472,2.342436974789916
784445514740400128,1784423964000-632578958264631296-784445514740400128,1784423964000,1784427312000,1,24.514,9.0,2.723777777777778
1182027923075366912,1784457266000-632578958264631296-1182027923075366912,1784457266000,1784459340000,1,24.5,7.655,3.200522534291313
1482772108667781120,1784423087000-632578958264631296-1482772108667781120,1784423087000,1784426148000,1,24.5,12.71,1.9276160503540518
997896292355014656,1784418697000-632578958264631296-997896292355014656,1784418697000,1784422410000,1,24.463,10.751,2.275416240349735
786329294770012160,1784469617000-632578958264631296-786329294770012160,1784469617000,1784472217000,1,24.419,8.323,2.9339180583924067
874363612666265600,1784456909000-632578958264631296-874363612666265600,1784456909000,1784459867000,1,24.389,5.099,4.7830947244557755
1488156307717357568,1784470365000-632578958264631296-1488156307717357568,1784470365000,1784473744000,1,24.369,15.133,1.6103218132557986
931939397496995840,1784432012000-632578958264631296-931939397496995840,1784432012000,1784434441000,1,24.35,11.338,2.1476450873169872
1536014758619119616,1784446321000-632578958264631296-1536014758619119616,1784446321000,1784448319000,1,24.298,7.677,3.1650384264686724
1500145408670695424,1784420319000-632578958264631296-1500145408670695424,1784420319000,1784423147000,1,24.276,12.014,2.0206425836524056
1067793936933715968,1784472940000-632578958264631296-1067793936933715968,1784472940000,1784477364000,1,24.261,12.344,1.965408295528192
942723675356921856,1784450591000-632578958264631296-942723675356921856,1784450591000,1784454908000,1,24.242,14.319,1.6929953209022977
1134877765846171648,1784467031000-632578958264631296-1134877765846171648,1784467031000,1784469669000,1,24.187,10.051,2.406427221172023
946035487334727680,1784448397000-632578958264631296-946035487334727680,1784448397000,1784450898000,1,24.071,5.87,4.1006814310051105
1536014667858575360,1784456586000-632578958264631296-1536014667858575360,1784456586000,1784458653000,1,24.024,7.916,3.034866093986862
1478688867300147200,1784432594000-632578958264631296-1478688867300147200,1784432594000,1784434795000,1,23.961,8.091,2.9614386355209494
1389244082743672832,1784421369000-632578958264631296-1389244082743672832,1784421369000,1784423699000,1,23.95,7.727,3.0995211595703376
931939397496995840,1784428292000-632578958264631296-931939397496995840,1784428292000,1784430633000,1,23.95,9.103,2.6310007689772603
1062738572429230080,1784468535000-632578958264631296-1062738572429230080,1784468535000,1784471107000,1,23.939,5.152,4.646545031055901
862693652038680576,1784436421000-632578958264631296-862693652038680576,1784436421000,1784438418000,1,23.917,6.752,3.5422097156398107
1396880990281924608,1784431553000-632578958264631296-1396880990281924608,1784431553000,1784434693000,1,23.848,9.378,2.5429729153337597
1061350580632420352,1784459544000-632578958264631296-1061350580632420352,1784459544000,1784461377000,1,23.824,8.288,2.8745173745173744
800361869549240320,1784420251000-632578958264631296-800361869549240320,1784420251000,1784423077000,1,23.816,7.877,3.0234860987685668
1478688867300147200,1784427336000-632578958264631296-1478688867300147200,1784427336000,1784429286000,1,23.809,6.983,3.4095660890734645
1385589109656911872,1784500411000-632578958264631296-1385589109656911872,1784500411000,1784503952000,1,23.804,10.48,2.2713740458015264
1396881508228136960,1784463687000-632578958264631296-1396881508228136960,1784463687000,1784465915000,1,23.794,8.766,2.7143509012092175
943859348893859840,1784458348000-632578958264631296-943859348893859840,1784458348000,1784460704000,1,23.758,5.276,4.50303260045489
1120316481867874304,1784429390000-632578958264631296-1120316481867874304,1784429390000,1784431707000,1,23.747,4.785,4.962800417972832
642055098863718400,1784419194000-632578958264631296-642055098863718400,1784419194000,1784423904000,1,23.733,6.617,3.586670696690343
873201356771426304,1784419075000-632578958264631296-873201356771426304,1784419075000,1784423776000,1,23.723,5.291,4.483651483651483
1545824186436419584,1784443419000-632578958264631296-1545824186436419584,1784443419000,1784445692000,1,23.722,7.331,3.235847769744919
780122893064339456,1784458380000-632578958264631296-780122893064339456,1784458380000,1784460387000,1,23.718,5.695,4.164705882352941
1161991673035620352,1784429407000-632578958264631296-1161991673035620352,1784429407000,1784431730000,1,23.709,4.655,5.0932330827067664
1050781532765028352,1784429388000-632578958264631296-1050781532765028352,1784429388000,1784431679000,1,23.689,5.156,4.594453064391001
1050037537222950912,1784452564000-632578958264631296-1050037537222950912,1784452564000,1784457105000,1,23.67,16.338,1.448769739258171
1050037424450699264,1784500417000-632578958264631296-1050037424450699264,1784500417000,1784503546000,1,23.653,9.029,2.6196699523756783
1131240373310455808,1784459404000-632578958264631296-1131240373310455808,1784459404000,1784462774000,1,23.639,10.011,2.3613025671761063
1477629723302428672,1784424185000-632578958264631296-1477629723302428672,1784424185000,1784427129000,1,23.632,8.83,2.676330690826727
1067793936933715968,1784465506000-632578958264631296-1067793936933715968,1784465506000,1784468234000,1,23.5,14.25,1.6491228070175439
1083726655622479872,1784427695000-632578958264631296-1083726655622479872,1784427695000,1784430851000,1,23.484,12.215,1.9225542365943513
1109445504082640896,1784453054000-632578958264631296-1109445504082640896,1784453054000,1784456939000,1,23.367,9.266,2.5218001295057197
1182027923075366912,1784460121000-632578958264631296-1182027923075366912,1784460121000,1784462457000,1,23.351,8.164,2.8602400783929447
943859348893859840,1784456204000-632578958264631296-943859348893859840,1784456204000,1784458169000,1,23.34,5.163,4.52062754212667
1289306380670337024,1784453114000-632578958264631296-1289306380670337024,1784453114000,1784457113000,1,23.339,11.141,2.094874786823445
1050781444223270912,1784474248000-632578958264631296-1050781444223270912,1784474248000,1784479188000,1,23.276,12.999,1.7905992768674512
1076924285072703488,1784468150000-632578958264631296-1076924285072703488,1784468150000,1784471027000,1,23.263,9.726,2.391836315031873
1536014640524296192,1784432708000-632578958264631296-1536014640524296192,1784432708000,1784435917000,1,23.192,16.349,1.418557709951679
1471148657502846976,1784457054000-632578958264631296-1471148657502846976,1784457054000,1784459222000,1,23.122,6.464,3.5770420792079207
1050037336936546304,1784448853000-632578958264631296-1050037336936546304,1784448853000,1784451916000,1,23.107,9.656,2.393019884009942
1067775256489361408,1784472939000-632578958264631296-1067775256489361408,1784472939000,1784477155000,1,23.092,10.846,2.1290798451041857
800026217909583872,1784455341000-632578958264631296-800026217909583872,1784455341000,1784457815000,1,23.078,9.0,2.564222222222222
1477629515881512960,1784457253000-632578958264631296-1477629515881512960,1784457253000,1784460121000,1,23.0,4.233,5.433498700685094
1050037649940676608,1784424892000-632578958264631296-1050037649940676608,1784424892000,1784428188000,1,22.982,13.633,1.6857624880803932
1141991039255445504,1784448426000-632578958264631296-1141991039255445504,1784448426000,1784453104000,1,22.965,11.798,1.9465163587048653
1061350711461150720,1784504108000-632578958264631296-1061350711461150720,1784504108000,1784506833000,1,22.962,10.849,2.116508433957047
786329294770012160,1784437215000-632578958264631296-786329294770012160,1784437215000,1784439035000,1,22.935,7.06,3.248583569405099
1176582451024101376,1784436328000-632578958264631296-1176582451024101376,1784436328000,1784438354000,1,22.903,7.01,3.2671897289586305
1268615353760481280,1784480762000-632578958264631296-1268615353760481280,1784480762000,1784483259000,1,22.859,7.21,3.170457697642164
1093087738300727296,1784468063000-632578958264631296-1093087738300727296,1784468063000,1784470795000,1,22.858,9.618,2.376585568725307
878252193440858112,1784424598000-632578958264631296-878252193440858112,1784424598000,1784426907000,1,22.799,7.858,2.901374395520489
925753337108758528,1784469079000-632578958264631296-925753337108758528,1784469079000,1784471119000,1,22.625,4.594,4.924902046147148
927153603469115392,1784441574000-632578958264631296-927153603469115392,1784441574000,1784443960000,1,22.609,9.968,2.268158105939005
1176184196838719488,1784428559000-632578958264631296-1176184196838719488,1784428559000,1784430698000,1,22.6,5.034,4.489471593166469
786545248472924160,1784439403000-632578958264631296-786545248472924160,1784439403000,1784441438000,1,22.56,8.367,2.6963069200430256
1536014716214706176,1784453387000-632578958264631296-1536014716214706176,1784453387000,1784456221000,1,22.545,11.433,1.9719233796903701
1050037649940676608,1784420903000-632578958264631296-1050037649940676608,1784420903000,1784424520000,1,22.518,13.518,1.6657789613848202
1157003119578578944,1784434607000-632578958264631296-1157003119578578944,1784434607000,1784437361000,1,22.5,8.63,2.6071842410196986
1093476797997121536,1784447411000-632578958264631296-1093476797997121536,1784447411000,1784450001000,1,22.452,8.02,2.7995012468827936
1458037913185943552,1784493921000-632578958264631296-1458037913185943552,1784493921000,1784495834000,1,22.375,6.151,3.6376198992033815
882591537697914880,1784439257000-632578958264631296-882591537697914880,1784439257000,1784442921000,1,22.35,10.083,2.216602201725677
1050441880044568576,1784462203000-632578958264631296-1050441880044568576,1784462203000,1784464773000,1,22.23,10.135,2.193389245189936
943859348893859840,1784437644000-632578958264631296-943859348893859840,1784437644000,1784439609000,1,22.21,4.947,4.489589650293107
857602255610707968,1784467403000-632578958264631296-857602255610707968,1784467403000,1784469618000,1,22.209,7.237,3.068813044079038
1045015172411817984,1784459668000-632578958264631296-1045015172411817984,1784459668000,1784463124000,1,22.19,13.456,1.6490784780023782
1152269234303139840,1784477250000-632578958264631296-1152269234303139840,1784477250000,1784481058000,1,22.165,12.474,1.7768959435626102
1422205521707925504,1784423671000-632578958264631296-1422205521707925504,1784423671000,1784427658000,1,22.064,8.336,2.6468330134357005
1405141042860130304,1784423723000-632578958264631296-1405141042860130304,1784423723000,1784427737000,1,22.056,9.297,2.372378186511778
1500484476822618112,1784441178000-632578958264631296-1500484476822618112,1784441178000,1784443554000,1,22.028,3.847,5.726020275539381
971379691866816512,1784477575000-632578958264631296-971379691866816512,1784477575000,1784481139000,1,21.978,13.861,1.585599884568213
870568761881526272,1784459473000-632578958264631296-870568761881526272,1784459473000,1784461797000,1,21.933,6.815,3.218341892883345
780109531760820224,1784458104000-632578958264631296-780109531760820224,1784458104000,1784460580000,1,21.901,8.042,2.7233275304650584
1286311379313098752,1784424855000-632578958264631296-1286311379313098752,1784424855000,1784426915000,1,21.856,7.954,2.7477998491325124
1488156479612518400,1784504116000-632578958264631296-1488156479612518400,1784504116000,1784507032000,1,21.807,9.623,2.2661332224877895
1536014517601828864,1784504798000-632578958264631296-1536014517601828864,1784504798000,1784507680000,1,21.798,10.367,2.102633355840648
939547417898909696,1784423026000-632578958264631296-939547417898909696,1784423026000,1784425511000,1,21.796,12.212,1.7848018342613823
1396881703661731840,1784477558000-632578958264631296-1396881703661731840,1784477558000,1784481846000,1,21.707,8.698,2.495631179581513
1083726561296777216,1784422313000-632578958264631296-1083726561296777216,1784422313000,1784425148000,1,21.7,11.595,1.8714963346269942
922469481249243136,1784436234000-632578958264631296-922469481249243136,1784436234000,1784438959000,1,21.601,12.16,1.7763980263157895
1135631306680434688,1784439081000-632578958264631296-1135631306680434688,1784439081000,1784440937000,1,21.589,6.77,3.1889217134416543
1362453820235317248,1784461077000-632578958264631296-1362453820235317248,1784461077000,1784464130000,1,21.548,11.576,1.861437456807187
951558414842986496,1784452287000-632578958264631296-951558414842986496,1784452287000,1784454707000,1,21.522,8.643,2.490107601527247
1070370579279773696,1784446650000-632578958264631296-1070370579279773696,1784446650000,1784448925000,1,21.497,9.495,2.264033701948394
1070378226594873344,1784502879000-632578958264631296-1070378226594873344,1784502879000,1784506935000,1,21.477,10.955,1.9604746691008672
1067775916656033792,1784453286000-632578958264631296-1067775916656033792,1784453286000,1784455767000,1,21.475,7.744,2.7731146694214877
1172939590688833536,1784475010000-632578958264631296-1172939590688833536,1784475010000,1784478390000,1,21.451,10.106,2.12260043538492
869918310366445568,1784434561000-632578958264631296-869918310366445568,1784434561000,1784437016000,1,21.434,6.171,3.473343056230757
1312806942439112704,1784474423000-632578958264631296-1312806942439112704,1784474423000,1784477341000,1,21.384,16.5,1.296
1385305128772304896,1784494203000-632578958264631296-1385305128772304896,1784494203000,1784499231000,1,21.373,10.785,1.981733889661567
780059706918961152,1784420459000-632578958264631296-780059706918961152,1784420459000,1784423103000,1,21.329,8.714,2.4476704154234565
1067776159577538560,1784419470000-632578958264631296-1067776159577538560,1784419470000,1784421801000,1,21.322,4.73,4.507822410147991
800361869549240320,1784458648000-632578958264631296-800361869549240320,1784458648000,1784460698000,1,21.289,4.462,4.771178843567907
862677666426257408,1784434953000-632578958264631296-862677666426257408,1784434953000,1784437492000,1,21.275,8.885,2.3944850872256613
1364616390270517248,1784457202000-632578958264631296-1364616390270517248,1784457202000,1784459648000,1,21.268,8.0,2.6585
1294704486559776768,1784457225000-632578958264631296-1294704486559776768,1784457225000,1784459572000,1,21.264,7.305,2.9108829568788503
940988876032311296,1784419305000-632578958264631296-940988876032311296,1784419305000,1784421375000,1,21.247,4.782,4.443120033458804
1161574576161816576,1784440932000-632578958264631296-1161574576161816576,1784440932000,1784442787000,1,21.235,7.316,2.902542372881356
996808469547843584,1784436415000-632578958264631296-996808469547843584,1784436415000,1784438801000,1,21.217,8.838,2.4006562570717356
1046836268442320896,1784462593000-632578958264631296-1046836268442320896,1784462593000,1784464918000,1,21.207,9.796,2.1648632094732547
926835749754503168,1784456158000-632578958264631296-926835749754503168,1784456158000,1784460332000,1,21.205,10.338,2.0511704391565098
928334310946111488,1784457656000-632578958264631296-928334310946111488,1784457656000,1784459645000,1,21.199,8.533,2.484354857611626
1389244082743672832,1784437440000-632578958264631296-1389244082743672832,1784437440000,1784440296000,1,21.19,8.526,2.4853389631714755
939140294748667904,1784439730000-632578958264631296-939140294748667904,1784439730000,1784442050000,1,21.188,8.646,2.4506130002313204
780122893064339456,1784468501000-632578958264631296-780122893064339456,1784468501000,1784470722000,1,21.135,7.449,2.8372935964559005
787737136659955712,1784439322000-632578958264631296-787737136659955712,1784439322000,1784440937000,1,21.122,6.638,3.1819825248568847
1536014556927623168,1784433434000-632578958264631296-1536014556927623168,1784433434000,1784435777000,1,21.086,7.852,2.6854304635761586
1176582451024101376,1784420229000-632578958264631296-1176582451024101376,1784420229000,1784422917000,1,21.042,8.156,2.579941147621383
1061350580632420352,1784434999000-632578958264631296-1061350580632420352,1784434999000,1784437500000,1,21.038,15.928,1.3208186840783525
1385305128772304896,1784426194000-632578958264631296-1385305128772304896,1784426194000,1784430083000,1,20.978,9.785,2.143893714869699
787687496786903040,1784441600000-632578958264631296-787687496786903040,1784441600000,1784443390000,1,20.947,6.008,3.486517976031957
862677666426257408,1784444651000-632578958264631296-862677666426257408,1784444651000,1784446872000,1,20.947,6.152,3.4049089726918074
796706773456125952,1784439719000-632578958264631296-796706773456125952,1784439719000,1784442337000,1,20.821,8.284,2.5133993239980685
1050036721544069120,1784505281000-632578958264631296-1050036721544069120,1784505281000,1784508075000,1,20.816,9.77,2.130603889457523
1422205521707925504,1784458155000-632578958264631296-1422205521707925504,1784458155000,1784460714000,1,20.705,9.836,2.1050223668157786
1188144161019133952,1784451887000-632578958264631296-1188144161019133952,1784451887000,1784454100000,1,20.463,3.968,5.157006048387097
939139369715892224,1784430317000-632578958264631296-939139369715892224,1784430317000,1784432423000,1,20.449,8.161,2.505697831148144
862677844923252736,1784453145000-632578958264631296-862677844923252736,1784453145000,1784455960000,1,20.427,7.005,2.9160599571734473
946025328671719424,1784504166000-632578958264631296-946025328671719424,1784504166000,1784507469000,1,20.422,11.661,1.751307778063631
1486725792942522368,1784451954000-632578958264631296-1486725792942522368,1784451954000,1784454086000,1,20.394,3.795,5.373913043478261
873109579045535744,1784448200000-632578958264631296-873109579045535744,1784448200000,1784449879000,1,20.392,5.103,3.9960807368214777
780059706918961152,1784454772000-632578958264631296-780059706918961152,1784454772000,1784456999000,1,20.39,6.589,3.0945515252693885
1056588446363025408,1784466383000-632578958264631296-1056588446363025408,1784466383000,1784468557000,1,20.387,8.96,2.2753348214285714
1083726789898928128,1784479755000-632578958264631296-1083726789898928128,1784479755000,1784482340000,1,20.383,9.279,2.1966806767970684
870286624469024768,1784474009000-632578958264631296-870286624469024768,1784474009000,1784476685000,1,20.373,7.447,2.735732509735464
1083726517403385856,1784436420000-632578958264631296-1083726517403385856,1784436420000,1784439811000,1,20.357,5.173,3.935240672723758
1168836102002311168,1784437804000-632578958264631296-1168836102002311168,1784437804000,1784440311000,1,20.351,3.954,5.14693980778958
1373358446576926720,1784449602000-632578958264631296-1373358446576926720,1784449602000,1784452866000,1,20.337,1.419,14.331923890063424
1536014625517076480,1784422068000-632578958264631296-1536014625517076480,1784422068000,1784423950000,1,20.337,7.793,2.6096496856152958
866648789010612224,1784459396000-632578958264631296-866648789010612224,1784459396000,1784461450000,1,20.316,6.823,2.9775758464018756
1067765446171688960,1784444051000-632578958264631296-1067765446171688960,1784444051000,1784445785000,1,20.3,5.314,3.820097854723372
635414692210147328,1784453043000-632578958264631296-635414692210147328,1784453043000,1784454966000,1,20.261,3.718,5.449435180204411
1083727517765861376,1784436444000-632578958264631296-1083727517765861376,1784436444000,1784439427000,1,20.254,4.852,4.174361088211047
939138676678459392,1784445189000-632578958264631296-939138676678459392,1784445189000,1784448666000,1,20.176,13.414,1.5041001938273444
942469061864849408,1784474483000-632578958264631296-942469061864849408,1784474483000,1784476682000,1,20.17,6.513,3.0968831567633965
1396881703661731840,1784450944000-632578958264631296-1396881703661731840,1784450944000,1784454831000,1,20.13,7.39,2.7239512855209744
1105915143314735104,1784423639000-632578958264631296-1105915143314735104,1784423639000,1784427416000,1,20.127,10.936,1.8404352596927578
1464269416886697984,1784441305000-632578958264631296-1464269416886697984,1784441305000,1784443411000,1,20.118,7.887,2.5507797641688854
1046836268442320896,1784447533000-632578958264631296-1046836268442320896,1784447533000,1784451418000,1,20.094,10.167,1.976394216583063
1488156479612518400,1784420324000-632578958264631296-1488156479612518400,1784420324000,1784423404000,1,20.094,7.386,2.72055239642567
942469061864849408,1784479181000-632578958264631296-942469061864849408,1784479181000,1784481656000,1,20.072,7.65,2.6237908496732025
1422205521707925504,1784476971000-632578958264631296-1422205521707925504,1784476971000,1784479223000,1,20.031,4.909,4.080464453045427
1362452416535986176,1784493245000-632578958264631296-1362452416535986176,1784493245000,1784496922000,1,20.027,11.121,1.8008272637352756
1536014702105067520,1784443975000-632578958264631296-1536014702105067520,1784443975000,1784446194000,1,20.004,6.892,2.902495647127104
1536014737035231232,1784442858000-632578958264631296-1536014737035231232,1784442858000,1784444914000,1,19.996,5.0,3.9991999999999996
780122893064339456,1784433450000-632578958264631296-780122893064339456,1784433450000,1784435160000,1,19.971,5.32,3.7539473684210525
1268614873160351744,1784428237000-632578958264631296-1268614873160351744,1784428237000,1784430071000,1,19.968,4.976,4.012861736334405
943859348893859840,1784427528000-632578958264631296-943859348893859840,1784427528000,1784429828000,1,19.967,4.402,4.535892776010904
1082303861131051008,1784425760000-632578958264631296-1082303861131051008,1784425760000,1784428424000,1,19.961,5.23,3.8166347992351812
1083726789898928128,1784501940000-632578958264631296-1083726789898928128,1784501940000,1784504899000,1,19.956,8.397,2.376563058235084
883046842797916160,1784460699000-632578958264631296-883046842797916160,1784460699000,1784464802000,1,19.928,9.976,1.9975942261427424
931855689733636096,1784423291000-632578958264631296-931855689733636096,1784423291000,1784426215000,1,19.922,4.751,4.193222479478004
1050037336936546304,1784416438000-632578958264631296-1050037336936546304,1784416438000,1784427926000,1,19.889,11.596,1.7151604001379785
1132635162635403264,1784424254000-632578958264631296-1132635162635403264,1784424254000,1784427092000,1,19.857,9.062,2.1912381372765393
1389243774684626944,1784423355000-632578958264631296-1389243774684626944,1784423355000,1784425445000,1,19.807,4.657,4.253167275069787
1157003119578578944,1784432648000-632578958264631296-1157003119578578944,1784432648000,1784434603000,1,19.768,4.989,3.962317097614753
1127222273418199040,1784450707000-632578958264631296-1127222273418199040,1784450707000,1784452603000,1,19.767,6.348,3.1138941398865785
787737136659955712,1784436104000-632578958264631296-787737136659955712,1784436104000,1784437705000,1,19.741,6.023,3.277602523659306
1134877765846171648,1784464119000-632578958264631296-1134877765846171648,1784464119000,1784466567000,1,19.736,10.246,1.92621510833496
1076924285072703488,1784420516000-632578958264631296-1076924285072703488,1784420516000,1784422772000,1,19.703,8.399,2.3458745088701036
996809766619578368,1784455126000-632578958264631296-996809766619578368,1784455126000,1784458092000,1,19.699,18.092,1.0888237895202302
939547018001383424,1784463989000-632578958264631296-939547018001383424,1784463989000,1784467677000,1,19.651,11.969,1.6418247138440973
1362453820235317248,1784456357000-632578958264631296-1362453820235317248,1784456357000,1784460553000,1,19.554,12.24,1.597549019607843
943859348893859840,1784467190000-632578958264631296-943859348893859840,1784467190000,1784468984000,1,19.456,4.317,4.506833449154505
951557843473924096,1784421759000-632578958264631296-951557843473924096,1784421759000,1784424936000,1,19.439,8.578,2.266145954768011
1428367002015105024,1784480844000-632578958264631296-1428367002015105024,1784480844000,1784483379000,1,19.438,8.436,2.304172593646278
1071826388769570816,1784438682000-632578958264631296-1071826388769570816,1784438682000,1784441335000,1,19.414,7.812,2.485151049667179
1061350580632420352,1784453009000-632578958264631296-1061350580632420352,1784453009000,1784454832000,1,19.391,6.761,2.868066854015678
1355523374926790656,1784480796000-632578958264631296-1355523374926790656,1784480796000,1784483197000,1,19.388,7.721,2.511073695117213
1289307004661137408,1784452810000-632578958264631296-1289307004661137408,1784452810000,1784456971000,1,19.355,9.037,2.1417505809450037
1397607641592627200,1784467925000-632578958264631296-1397607641592627200,1784467925000,1784470263000,1,19.256,5.277,3.6490430168656434
929707161364201472,1784430475000-632578958264631296-929707161364201472,1784430475000,1784432599000,1,19.249,5.852,3.2893028024606967
1488160320575766528,1784421439000-632578958264631296-1488160320575766528,1784421439000,1784423920000,1,19.212,3.559,5.398145546501826
1136716787434389504,1784467268000-632578958264631296-1136716787434389504,1784467268000,1784469098000,1,19.19,5.669,3.3850767331098965
940988876032311296,1784441270000-632578958264631296-940988876032311296,1784441270000,1784443352000,1,19.183,4.742,4.0453395191902155
1094956363722784768,1784479804000-632578958264631296-1094956363722784768,1784479804000,1784483598000,1,19.173,12.871,1.4896278455442467
925753337108758528,1784425068000-632578958264631296-925753337108758528,1784425068000,1784427135000,1,19.136,5.54,3.4541516245487363
1056588446363025408,1784470108000-632578958264631296-1056588446363025408,1784470108000,1784472331000,1,19.094,6.454,2.9584753641152775
873897783357079552,1784420176000-632578958264631296-873897783357079552,1784420176000,1784422350000,1,19.061,4.885,3.901944728761515
789852612550721536,1784477750000-632578958264631296-789852612550721536,1784477750000,1784479205000,1,18.978,3.854,4.9242345614945515
1113518928358801408,1784447255000-632578958264631296-1113518928358801408,1784447255000,1784449816000,1,18.865,4.685,4.026680896478122
1131240645348818944,1784451162000-632578958264631296-1131240645348818944,1784451162000,1784453299000,1,18.795,11.201,1.6779751807874297
1501934002158698496,1784440391000-632578958264631296-1501934002158698496,1784440391000,1784442030000,1,18.787,7.994,2.350137603202402
862677844923252736,1784437187000-632578958264631296-862677844923252736,1784437187000,1784438759000,1,18.784,5.195,3.6157844080846964
1046752835124854784,1784473777000-632578958264631296-1046752835124854784,1784473777000,1784476667000,1,18.766,8.628,2.1750115901715343
952162532812914688,1784451215000-632578958264631296-952162532812914688,1784451215000,1784453262000,1,18.761,9.118,2.057578416319368
1406586435233906688,1784461075000-632578958264631296-1406586435233906688,1784461075000,1784463705000,1,18.758,8.044,2.331924415713575
1471165285556813824,1784440597000-632578958264631296-1471165285556813824,1784440597000,1784444509000,1,18.75,7.0,2.6785714285714284
1536014674678513664,1784426969000-632578958264631296-1536014674678513664,1784426969000,1784431669000,1,18.745,10.985,1.7064178425125172
1093087738300727296,1784435063000-632578958264631296-1093087738300727296,1784435063000,1784438186000,1,18.744,11.19,1.6750670241286865
1501934002158698496,1784449111000-632578958264631296-1501934002158698496,1784449111000,1784450972000,1,18.737,7.086,2.6442280553203497
866648852977942528,1784455386000-632578958264631296-866648852977942528,1784455386000,1784459250000,1,18.725,8.363,2.2390290565586515
796385052366733312,1784418992000-632578958264631296-796385052366733312,1784418992000,1784421267000,1,18.72,7.382,2.5358981305879165
1486725792942522368,1784467619000-632578958264631296-1486725792942522368,1784467619000,1784469887000,1,18.687,3.445,5.424383164005806
862693652038680576,1784442008000-632578958264631296-862693652038680576,1784442008000,1784443600000,1,18.677,5.324,3.508076634109692
1536014556927623168,1784420052000-632578958264631296-1536014556927623168,1784420052000,1784422245000,1,18.675,5.035,3.7090367428003974
1385589109656911872,1784425341000-632578958264631296-1385589109656911872,1784425341000,1784427384000,1,18.664,7.245,2.576121463077985
1050037424450699264,1784425365000-632578958264631296-1050037424450699264,1784425365000,1784427438000,1,18.652,6.863,2.7177619117004226
1067775063052255232,1784440153000-632578958264631296-1067775063052255232,1784440153000,1784441932000,1,18.623,6.181,3.012942889500081
946035487334727680,1784446020000-632578958264631296-946035487334727680,1784446020000,1784447990000,1,18.611,4.753,3.915632232274353
1065671842468986880,1784450224000-632578958264631296-1065671842468986880,1784450224000,1784452428000,1,18.599,4.114,4.520904229460379
1083727333329731584,1784447339000-632578958264631296-1083727333329731584,1784447339000,1784449642000,1,18.546,4.635,4.001294498381877
863411203819438080,1784419537000-632578958264631296-863411203819438080,1784419537000,1784421816000,1,18.536,4.326,4.284789644012946
1083726345994764288,1784464826000-632578958264631296-1083726345994764288,1784464826000,1784466694000,1,18.505,6.776,2.730962219598583
1476549765217910784,1784457193000-632578958264631296-1476549765217910784,1784457193000,1784458901000,1,18.491,9.0,2.0545555555555555
1397607242391355392,1784437857000-632578958264631296-1397607242391355392,1784437857000,1784439571000,1,18.454,5.862,3.148072330262709
1065671842468986880,1784452687000-632578958264631296-1065671842468986880,1784452687000,1784454963000,1,18.4,4.005,4.594257178526841
1536014674678513664,1784474769000-632578958264631296-1536014674678513664,1784474769000,1784476718000,1,18.367,7.522,2.4417708056367986
947104127047958528,1784466967000-632578958264631296-947104127047958528,1784466967000,1784469259000,1,18.354,5.545,3.310009017132552
1471148657502846976,1784472529000-632578958264631296-1471148657502846976,1784472529000,1784476036000,1,18.303,7.791,2.3492491336157104
1277220593376165888,1784425255000-632578958264631296-1277220593376165888,1784425255000,1784426664000,1,18.275,5.821,3.1394949321422434
1061351650800697344,1784459220000-632578958264631296-1061351650800697344,1784459220000,1784461325000,1,18.223,4.915,3.70762970498474
1113518928358801408,1784451418000-632578958264631296-1113518928358801408,1784451418000,1784453401000,1,18.148,4.459,4.06997084548105
939138676678459392,1784421494000-632578958264631296-939138676678459392,1784421494000,1784423442000,1,18.107,10.178,1.7790332088819019
792451146961649664,1784471797000-632578958264631296-792451146961649664,1784471797000,1784474426000,1,18.101,6.105,2.9649467649467645
1068875501654769664,1784449953000-632578958264631296-1068875501654769664,1784449953000,1784451613000,1,18.072,7.359,2.4557684467998366
1046442858321543168,1784465895000-632578958264631296-1046442858321543168,1784465895000,1784467968000,1,18.055,3.818,4.728915662650603
1398705978894974976,1784448435000-632578958264631296-1398705978894974976,1784448435000,1784451449000,1,18.045,8.681,2.078677571708329
1478688867300147200,1784448715000-632578958264631296-1478688867300147200,1784448715000,1784451665000,1,18.0,5.769,3.1201248049921997
862677558196436992,1784436722000-632578958264631296-862677558196436992,1784436722000,1784439142000,1,17.98,4.651,3.8658353042356484
1500484476822618112,1784479705000-632578958264631296-1500484476822618112,1784479705000,1784483023000,1,17.96,4.24,4.235849056603773
1083727333329731584,1784451484000-632578958264631296-1083727333329731584,1784451484000,1784453479000,1,17.948,3.873,4.6341337464497805
1536014633725329408,1784437093000-632578958264631296-1536014633725329408,1784437093000,1784439795000,1,17.894,5.208,3.4358678955453144
1067765189559975936,1784437602000-632578958264631296-1067765189559975936,1784437602000,1784439619000,1,17.869,7.081,2.5235136280186414
780109531760820224,1784464207000-632578958264631296-780109531760820224,1784464207000,1784466474000,1,17.837,7.082,2.518638802598136
1488160320575766528,1784424246000-632578958264631296-1488160320575766528,1784424246000,1784427055000,1,17.824,3.6,4.9511111111111115
1289306380670337024,1784465776000-632578958264631296-1289306380670337024,1784465776000,1784468417000,1,17.823,7.441,2.3952425749227255
1536014577374855168,1784479785000-632578958264631296-1536014577374855168,1784479785000,1784481588000,1,17.809,6.977,2.552529740576179
1536014535985463296,1784435153000-632578958264631296-1536014535985463296,1784435153000,1784436766000,1,17.791,5.473,3.2506851818015714
1083728870357598208,1784437577000-632578958264631296-1083728870357598208,1784437577000,1784439879000,1,17.782,4.463,3.9843154828590635
862287863801184256,1784435572000-632578958264631296-862287863801184256,1784435572000,1784438086000,1,17.756,5.309,3.344509323789791
947581389623001088,1784473363000-632578958264631296-947581389623001088,1784473363000,1784475324000,1,17.75,3.835,4.6284224250325945
1362452416535986176,1784426949000-632578958264631296-1362452416535986176,1784426949000,1784429657000,1,17.72,4.119,4.302015052197135
1094584670655348736,1784457497000-632578958264631296-1094584670655348736,1784457497000,1784459397000,1,17.698,6.287,2.8150151105455703
1111626569580806144,1784436909000-632578958264631296-1111626569580806144,1784436909000,1784439659000,1,17.645,4.098,4.305758906783797
1428366867084345344,1784421299000-632578958264631296-1428366867084345344,1784421299000,1784423074000,1,17.616,6.669,2.641475483580747
1482772108667781120,1784461329000-632578958264631296-1482772108667781120,1784461329000,1784463035000,1,17.614,5.329,3.305310564833928
939138676678459392,1784438611000-632578958264631296-939138676678459392,1784438611000,1784442242000,1,17.612,15.888,1.1085095669687814
882591537697914880,1784443708000-632578958264631296-882591537697914880,1784443708000,1784445876000,1,17.586,7.184,2.44793986636971
1067765389137543168,1784420467000-632578958264631296-1067765389137543168,1784420467000,1784422566000,1,17.562,8.018,2.190321776003991
1138782810882965504,1784445051000-632578958264631296-1138782810882965504,1784445051000,1784448926000,1,17.55,29.053,0.6040684266685024
1105915143314735104,1784458826000-632578958264631296-1105915143314735104,1784458826000,1784461673000,1,17.503,12.342,1.4181656133527791
1094956363722784768,1784429669000-632578958264631296-1094956363722784768,1784429669000,1784431902000,1,17.497,7.73,2.2635187580853815
1152269356621627392,1784435820000-632578958264631296-1152269356621627392,1784435820000,1784438050000,1,17.493,8.495,2.059211300765156
1083726789898928128,1784457531000-632578958264631296-1083726789898928128,1784457531000,1784459618000,1,17.43,6.89,2.5297532656023223
866245317551456256,1784475405000-632578958264631296-866245317551456256,1784475405000,1784477661000,1,17.394,5.777,3.010905314176908
1422205521707925504,1784456311000-632578958264631296-1422205521707925504,1784456311000,1784458154000,1,17.371,6.826,2.544828596542631
1050035879038418944,1784426712000-632578958264631296-1050035879038418944,1784426712000,1784429868000,1,17.354,10.812,1.6050684424713282
927153603469115392,1784446889000-632578958264631296-927153603469115392,1784446889000,1784449520000,1,17.338,8.972,1.9324565314311193
780067386190462976,1784421552000-632578958264631296-780067386190462976,1784421552000,1784423993000,1,17.33,4.356,3.97842056932966
862677666426257408,1784490153000-632578958264631296-862677666426257408,1784490153000,1784492231000,1,17.328,5.295,3.2725212464589233
1406228892573761536,1784465204000-632578958264631296-1406228892573761536,1784465204000,1784468140000,1,17.319,4.446,3.895411605937922
1138782810882965504,1784450580000-632578958264631296-1138782810882965504,1784450580000,1784453098000,1,17.257,9.005,1.9163797890061076
1093087738300727296,1784465615000-632578958264631296-1093087738300727296,1784465615000,1784467876000,1,17.218,8.064,2.1351686507936507
1406229042385911808,1784419410000-632578958264631296-1406229042385911808,1784419410000,1784421670000,1,17.204,6.039,2.848816029143898
1484590862305329152,1784484003000-632578958264631296-1484590862305329152,1784484003000,1784486543000,1,17.14,4.017,4.266865820263878
1076104369969037312,1784484025000-632578958264631296-1076104369969037312,1784484025000,1784486499000,1,17.135,4.135,4.143893591293834
1385304935976927232,1784484003000-632578958264631296-1385304935976927232,1784484003000,1784486391000,1,17.132,4.123,4.155226776618967
1385305128772304896,1784417765000-632578958264631296-1385305128772304896,1784417765000,1784420661000,1,17.043,8.091,2.1064145346681498
1138782810882965504,1784505090000-632578958264631296-1138782810882965504,1784505090000,1784508896000,1,16.999,18.677,0.9101568774428441
1141991039255445504,1784432835000-632578958264631296-1141991039255445504,1784432835000,1784435158000,1,16.979,8.236,2.0615590092277802
1478819140813717504,1784468641000-632578958264631296-1478819140813717504,1784468641000,1784470544000,1,16.874,6.462,2.6112658619622406
1477629515881512960,1784447862000-632578958264631296-1477629515881512960,1784447862000,1784449985000,1,16.851,3.201,5.264292408622305
951557397191589888,1784461537000-632578958264631296-951557397191589888,1784461537000,1784463153000,1,16.826,5.044,3.3358445678033313
1083728047674228736,1784462904000-632578958264631296-1083728047674228736,1784462904000,1784464622000,1,16.724,5.88,2.84421768707483
1144224275478085632,1784424934000-632578958264631296-1144224275478085632,1784424934000,1784426382000,1,16.682,5.455,3.058111824014665
947092625956012032,1784464528000-632578958264631296-947092625956012032,1784464528000,1784465914000,1,16.668,3.564,4.6767676767676765
946035487334727680,1784470429000-632578958264631296-946035487334727680,1784470429000,1784472661000,1,16.657,3.287,5.067538789169456
1545823503347875840,1784479112000-632578958264631296-1545823503347875840,1784479112000,1784481654000,1,16.623,4.404,3.7745231607629433
1132637029964709888,1784436782000-632578958264631296-1132637029964709888,1784436782000,1784438724000,1,16.618,11.383,1.4598963366423614
1406586435233906688,1784478940000-632578958264631296-1406586435233906688,1784478940000,1784481931000,1,16.566,10.332,1.603368176538908
1364616390270517248,1784453067000-632578958264631296-1364616390270517248,1784453067000,1784454819000,1,16.547,6.37,2.597645211930926
1535704124731949056,1784421496000-632578958264631296-1535704124731949056,1784421496000,1784424845000,1,16.547,6.161,2.6857652978412596
1362453820235317248,1784478490000-632578958264631296-1362453820235317248,1784478490000,1784481558000,1,16.545,11.258,1.46962160241606
922469481249243136,1784474222000-632578958264631296-922469481249243136,1784474222000,1784476436000,1,16.525,12.724,1.298726815466834
1536004619845500928,1784421505000-632578958264631296-1536004619845500928,1784421505000,1784424988000,1,16.518,6.282,2.629417382999045
893133531117518848,1784463039000-632578958264631296-893133531117518848,1784463039000,1784465642000,1,16.493,3.46,4.766763005780346
1109445504082640896,1784434132000-632578958264631296-1109445504082640896,1784434132000,1784436346000,1,16.465,7.668,2.1472352634324463
780109531760820224,1784452825000-632578958264631296-780109531760820224,1784452825000,1784454613000,1,16.463,6.199,2.655750927568963
1093089257012068352,1784464047000-632578958264631296-1093089257012068352,1784464047000,1784466395000,1,16.442,7.393,2.2239956715812257
1389244197004902400,1784440714000-632578958264631296-1389244197004902400,1784440714000,1784443030000,1,16.41,3.363,4.8795718108831405
1537822792169291776,1784419384000-632578958264631296-1537822792169291776,1784419384000,1784421789000,1,16.341,7.506,2.177058353317346
1536014517601828864,1784419813000-632578958264631296-1536014517601828864,1784419813000,1784423372000,1,16.328,7.296,2.2379385964912277
1067763772824748032,1784442837000-632578958264631296-1067763772824748032,1784442837000,1784444985000,1,16.326,6.333,2.5779251539554715
1071826388769570816,1784435372000-632578958264631296-1071826388769570816,1784435372000,1784437026000,1,16.312,6.957,2.3446888026448183
1050035879038418944,1784432582000-632578958264631296-1050035879038418944,1784432582000,1784435888000,1,16.311,9.058,1.8007286376683596
1079444806125486080,1784437552000-632578958264631296-1079444806125486080,1784437552000,1784439105000,1,16.303,3.057,5.333006215243703
1049976646406242304,1784419312000-632578958264631296-1049976646406242304,1784419312000,1784421669000,1,16.235,7.886,2.0587116408825765
943819597830684672,1784430872000-632578958264631296-943819597830684672,1784430872000,1784433434000,1,16.234,8.479,1.9146125722372924
944587945103327232,1784467161000-632578958264631296-944587945103327232,1784467161000,1784468656000,1,16.166,8.24,1.961893203883495
786246735176400896,1784435451000-632578958264631296-786246735176400896,1784435451000,1784436823000,1,16.097,4.707,3.419800297429361
951558414842986496,1784471158000-632578958264631296-951558414842986496,1784471158000,1784473148000,1,16.025,12.606,1.2712200539425669
1540361729291059200,1784443079000-632578958264631296-1540361729291059200,1784443079000,1784444414000,1,15.98,5.07,3.1518737672583828
1536432469593554944,1784420982000-632578958264631296-1536432469593554944,1784420982000,1784423249000,1,15.954,7.191,2.2186065915727995
787737136659955712,1784437960000-632578958264631296-787737136659955712,1784437960000,1784439297000,1,15.939,5.696,2.798279494382023
1545824186436419584,1784438917000-632578958264631296-1545824186436419584,1784438917000,1784441170000,1,15.922,4.891,3.2553670006133717
1083728047674228736,1784430240000-632578958264631296-1083728047674228736,1784430240000,1784432754000,1,15.884,14.947,1.0626881648491338
1083040210243026944,1784430273000-632578958264631296-1083040210243026944,1784430273000,1784432852000,1,15.855,13.032,1.2166206261510129
869954569466019840,1784441143000-632578958264631296-869954569466019840,1784441143000,1784443188000,1,15.809,4.228,3.739120151371807
1397607641592627200,1784461302000-632578958264631296-1397607641592627200,1784461302000,1784463053000,1,15.783,3.887,4.060457936712117
1070370579279773696,1784431693000-632578958264631296-1070370579279773696,1784431693000,1784433273000,1,15.771,7.628,2.067514420555847
1050024168621342720,1784481981000-632578958264631296-1050024168621342720,1784481981000,1784485248000,1,15.633,3.004,5.204061251664447
877447567619653632,1784469164000-632578958264631296-877447567619653632,1784469164000,1784472433000,1,15.614,7.999,1.9519939992499065
1093089257012068352,1784461721000-632578958264631296-1093089257012068352,1784461721000,1784463433000,1,15.613,4.73,3.3008456659619445
870568761881526272,1784447264000-632578958264631296-870568761881526272,1784447264000,1784449444000,1,15.596,6.593,2.3655392082511755
1072872003913908224,1784447517000-632578958264631296-1072872003913908224,1784447517000,1784451877000,1,15.531,10.193,1.5236927303051115
873822835015942144,1784466907000-632578958264631296-873822835015942144,1784466907000,1784468419000,1,15.524,4.39,3.53621867881549
1120316721542987776,1784449581000-632578958264631296-1120316721542987776,1784449581000,1784451140000,1,15.523,4.505,3.4457269700332964
1079095785133441024,1784430671000-632578958264631296-1079095785133441024,1784430671000,1784432370000,1,15.445,4.548,3.3959982409850484
1477629723302428672,1784449559000-632578958264631296-1477629723302428672,1784449559000,1784451179000,1,15.403,4.284,3.5954715219421103
1062738572429230080,1784456239000-632578958264631296-1062738572429230080,1784456239000,1784457635000,1,15.38,2.785,5.522441651705566
1286311379313098752,1784456803000-632578958264631296-1286311379313098752,1784456803000,1784459956000,1,15.296,6.386,2.395239586595678
1277220593376165888,1784423482000-632578958264631296-1277220593376165888,1784423482000,1784425249000,1,15.289,3.402,4.494121105232216
1083726740557135872,1784429511000-632578958264631296-1083726740557135872,1784429511000,1784430771000,1,15.287,3.132,4.880906768837804
780059706918961152,1784466485000-632578958264631296-780059706918961152,1784466485000,1784468970000,1,15.287,5.612,2.7239843193157522
1181299462874595328,1784504508000-632578958264631296-1181299462874595328,1784504508000,1784506450000,1,15.275,4.874,3.1339762002462046
942470042409238528,1784471122000-632578958264631296-942470042409238528,1784471122000,1784473017000,1,15.275,6.072,2.5156455862977603
1479440816106635264,1784456534000-632578958264631296-1479440816106635264,1784456534000,1784458987000,1,15.251,7.5,2.0334666666666665
1067793936933715968,1784453435000-632578958264631296-1067793936933715968,1784453435000,1784455541000,1,15.25,5.704,2.673562412342216
1536014535985463296,1784436916000-632578958264631296-1536014535985463296,1784436916000,1784438406000,1,15.228,4.905,3.1045871559633027
943819597830684672,1784434726000-632578958264631296-943819597830684672,1784434726000,1784436632000,1,15.19,8.421,1.803823773898587
1536014674678513664,1784421843000-632578958264631296-1536014674678513664,1784421843000,1784425332000,1,15.163,8.928,1.6983646953405016
1083726887294861312,1784447422000-632578958264631296-1083726887294861312,1784447422000,1784450151000,1,15.144,7.682,1.971361624576933
1079795397515280384,1784441149000-632578958264631296-1079795397515280384,1784441149000,1784442680000,1,15.1,2.72,5.5514705882352935
1536014681523617792,1784453248000-632578958264631296-1536014681523617792,1784453248000,1784455004000,1,15.084,4.531,3.3290664312513796
1061350580632420352,1784437522000-632578958264631296-1061350580632420352,1784437522000,1784439137000,1,15.031,5.712,2.6314775910364148
947102733284933632,1784452475000-632578958264631296-947102733284933632,1784452475000,1784453725000,1,15.009,5.572,2.6936468054558507
1406586435233906688,1784429565000-632578958264631296-1406586435233906688,1784429565000,1784432289000,1,14.984,9.8,1.5289795918367346
1101157025884143616,1784503356000-632578958264631296-1101157025884143616,1784503356000,1784505078000,1,14.859,5.138,2.8919813156870378
1540361603277389824,1784461450000-632578958264631296-1540361603277389824,1784461450000,1784462867000,1,14.859,5.003,2.970017989206476
1172939590688833536,1784432802000-632578958264631296-1172939590688833536,1784432802000,1784435367000,1,14.818,6.017,2.462689047698188
1079796452147855360,1784428368000-632578958264631296-1079796452147855360,1784428368000,1784430325000,1,14.798,2.86,5.174125874125874
1188144161019133952,1784467960000-632578958264631296-1188144161019133952,1784467960000,1784469826000,1,14.765,2.866,5.151779483600837
1385588816730914816,1784425727000-632578958264631296-1385588816730914816,1784425727000,1784427562000,1,14.748,6.915,2.132754880694143
939139369715892224,1784432667000-632578958264631296-939139369715892224,1784432667000,1784434974000,1,14.736,5.697,2.5866245392311744
1500136074981146624,1784444102000-632578958264631296-1500136074981146624,1784444102000,1784445659000,1,14.734,5.91,2.4930626057529612
1501933902321680384,1784444099000-632578958264631296-1501933902321680384,1784444099000,1784445639000,1,14.725,6.502,2.2646877883728083
1176180359524515840,1784481697000-632578958264631296-1176180359524515840,1784481697000,1784483350000,1,14.649,3.381,4.332741792369122
1067775974323519488,1784434722000-632578958264631296-1067775974323519488,1784434722000,1784436370000,1,14.63,4.975,2.94070351758794
1083726887294861312,1784470501000-632578958264631296-1083726887294861312,1784470501000,1784473155000,1,14.617,9.001,1.6239306743695148
1536014505966829568,1784433727000-632578958264631296-1536014505966829568,1784433727000,1784435229000,1,14.599,5.409,2.6990201515991865
1177288436235632640,1784463850000-632578958264631296-1177288436235632640,1784463850000,1784465211000,1,14.59,3.403,4.287393476344402
862287863801184256,1784481706000-632578958264631296-862287863801184256,1784481706000,1784483571000,1,14.531,3.472,4.185195852534562
952162532812914688,1784425776000-632578958264631296-952162532812914688,1784425776000,1784427741000,1,14.525,6.554,2.2162038449801647
1134878026966761472,1784454292000-632578958264631296-1134878026966761472,1784454292000,1784455677000,1,14.497,4.392,3.3007741347905277
931938125880492032,1784458985000-632578958264631296-931938125880492032,1784458985000,1784460445000,1,14.435,5.174,2.7899110939311944
1405177997576634368,1784428942000-632578958264631296-1405177997576634368,1784428942000,1784430466000,1,14.404,3.699,3.894025412273588
789852612550721536,1784474067000-632578958264631296-789852612550721536,1784474067000,1784475378000,1,14.395,2.393,6.015461763476807
1177288436235632640,1784465449000-632578958264631296-1177288436235632640,1784465449000,1784466877000,1,14.374,3.623,3.9674303063759315
1172939590688833536,1784473723000-632578958264631296-1172939590688833536,1784473723000,1784474993000,1,14.35,5.822,2.464788732394366
1073994678560358400,1784464345000-632578958264631296-1073994678560358400,1784464345000,1784465801000,1,14.305,2.757,5.188610808850199
1067771070980816896,1784432285000-632578958264631296-1067771070980816896,1784432285000,1784433551000,1,14.295,2.917,4.900582790538224
1061351650800697344,1784476768000-632578958264631296-1061351650800697344,1784476768000,1784479223000,1,14.293,5.789,2.4689929176023493
925753337108758528,1784440686000-632578958264631296-925753337108758528,1784440686000,1784442284000,1,14.254,4.476,3.184539767649687
1064494636166283264,1784424292000-632578958264631296-1064494636166283264,1784424292000,1784425315000,1,14.25,3.405,4.185022026431718
940988876032311296,1784453451000-632578958264631296-940988876032311296,1784453451000,1784455002000,1,14.229,3.068,4.637874837027379
1536014751404916736,1784446069000-632578958264631296-1536014751404916736,1784446069000,1784448253000,1,14.163,7.908,1.7909711684370258
1134877765846171648,1784461809000-632578958264631296-1134877765846171648,1784461809000,1784464070000,1,14.117,7.385,1.9115775220040625
866245317551456256,1784439057000-632578958264631296-866245317551456256,1784439057000,1784441222000,1,14.116,3.166,4.458622867972204
965194336809517056,1784452734000-632578958264631296-965194336809517056,1784452734000,1784454222000,1,14.064,4.036,3.484638255698712
939138676678459392,1784431169000-632578958264631296-939138676678459392,1784431169000,1784432964000,1,14.058,7.96,1.7660804020100502
847126508215468032,1784434465000-632578958264631296-847126508215468032,1784434465000,1784436795000,1,14.056,4.289,3.2772207973886687
931855689733636096,1784470091000-632578958264631296-931855689733636096,1784470091000,1784473193000,1,14.019,7.021,1.9967241133741633
1477629515881512960,1784453678000-632578958264631296-1477629515881512960,1784453678000,1784456857000,1,14.0,4.198,3.334921391138637
1142833661045899264,1784448330000-632578958264631296-1142833661045899264,1784448330000,1784450175000,1,13.987,3.163,4.422067657287386
1082303861131051008,1784469401000-632578958264631296-1082303861131051008,1784469401000,1784472524000,1,13.963,7.188,1.9425431274346132
870286624469024768,1784437273000-632578958264631296-870286624469024768,1784437273000,1784439620000,1,13.953,5.7,2.447894736842105
933416236518211584,1784469780000-632578958264631296-933416236518211584,1784469780000,1784471411000,1,13.942,5.123,2.721452274058169
1176582767303983104,1784459108000-632578958264631296-1176582767303983104,1784459108000,1784461140000,1,13.923,3.475,4.006618705035971
780109531760820224,1784460945000-632578958264631296-780109531760820224,1784460945000,1784462199000,1,13.853,4.896,2.829452614379085
939547788868321280,1784458377000-632578958264631296-939547788868321280,1784458377000,1784461199000,1,13.816,4.356,3.171717171717172
1540361603277389824,1784470235000-632578958264631296-1540361603277389824,1784470235000,1784471934000,1,13.781,4.75,2.901263157894737
1500491887742550016,1784418571000-632578958264631296-1500491887742550016,1784418571000,1784420768000,1,13.78,5.826,2.3652591829728804
946032113314955264,1784437634000-632578958264631296-946032113314955264,1784437634000,1784439310000,1,13.759,2.626,5.23952779893374
1060630916881186816,1784452472000-632578958264631296-1060630916881186816,1784452472000,1784453944000,1,13.7,5.941,2.3060090893788923
1389243594644127744,1784439511000-632578958264631296-1389243594644127744,1784439511000,1784440899000,1,13.691,5.277,2.5944665529657005
1079026604165824512,1784453187000-632578958264631296-1079026604165824512,1784453187000,1784454993000,1,13.67,2.45,5.579591836734694
1259200800735887360,1784447490000-632578958264631296-1259200800735887360,1784447490000,1784451479000,1,13.62,11.055,1.2320217096336499
1131571393566081024,1784419111000-632578958264631296-1131571393566081024,1784419111000,1784421101000,1,13.602,3.976,3.42102615694165
925753337108758528,1784473611000-632578958264631296-925753337108758528,1784473611000,1784475730000,1,13.598,3.658,3.717331875341717
1067764585097854976,1784424950000-632578958264631296-1067764585097854976,1784424950000,1784427035000,1,13.576,6.959,1.9508550079034346
1088168906306093056,1784424836000-632578958264631296-1088168906306093056,1784424836000,1784426767000,1,13.576,6.952,1.952819332566168
1093088075828953088,1784425624000-632578958264631296-1093088075828953088,1784425624000,1784427602000,1,13.568,5.046,2.6888624653190645
879404563604439040,1784423363000-632578958264631296-879404563604439040,1784423363000,1784425269000,1,13.554,5.475,2.4756164383561647
1046837731746906112,1784442849000-632578958264631296-1046837731746906112,1784442849000,1784444376000,1,13.55,3.367,4.024354024354024
1067775974323519488,1784438729000-632578958264631296-1067775974323519488,1784438729000,1784439992000,1,13.54,3.135,4.318979266347688
862287863801184256,1784448314000-632578958264631296-862287863801184256,1784448314000,1784450288000,1,13.455,2.674,5.031787584143605
870568761881526272,1784455892000-632578958264631296-870568761881526272,1784455892000,1784457133000,1,13.228,4.315,3.0655851680185395
1050037048276156416,1784475115000-632578958264631296-1050037048276156416,1784475115000,1784478199000,1,13.169,5.434,2.423444976076555
1373358446576926720,1784453082000-632578958264631296-1373358446576926720,1784453082000,1784454113000,1,13.163,0.753,17.48074369189907
1540361729291059200,1784441340000-632578958264631296-1540361729291059200,1784441340000,1784443045000,1,13.154,4.831,2.722831711860898
1067775063052255232,1784426099000-632578958264631296-1067775063052255232,1784426099000,1784427617000,1,13.151,4.586,2.8676406454426515
1389244082743672832,1784447968000-632578958264631296-1389244082743672832,1784447968000,1784449347000,1,13.137,6.036,2.176441351888668
927153603469115392,1784451151000-632578958264631296-927153603469115392,1784451151000,1784453001000,1,13.118,5.974,2.195848677602946
870568761881526272,1784505399000-632578958264631296-870568761881526272,1784505399000,1784507190000,1,13.112,6.14,2.1355048859934853
1536014660929585152,1784502966000-632578958264631296-1536014660929585152,1784502966000,1784504190000,1,13.034,4.16,3.133173076923077
798991075485155328,1784475111000-632578958264631296-798991075485155328,1784475111000,1784478916000,1,13.033,5.521,2.3606230755297952
784445514740400128,1784467027000-632578958264631296-784445514740400128,1784467027000,1784469264000,1,12.988,2.989,4.345265975242556
1067764901566480384,1784453712000-632578958264631296-1067764901566480384,1784453712000,1784456746000,1,12.944,4.224,3.0643939393939394
943859348893859840,1784451127000-632578958264631296-943859348893859840,1784451127000,1784452526000,1,12.932,2.649,4.881842204605512
1138783076164304896,1784434243000-632578958264631296-1138783076164304896,1784434243000,1784436338000,1,12.915,5.32,2.427631578947368
1286311379313098752,1784454442000-632578958264631296-1286311379313098752,1784454442000,1784456694000,1,12.914,5.429,2.3787069441886164
800026217909583872,1784452481000-632578958264631296-800026217909583872,1784452481000,1784454566000,1,12.914,4.118,3.1359883438562406
1482772108667781120,1784464534000-632578958264631296-1482772108667781120,1784464534000,1784466031000,1,12.897,4.0,3.22425
1170761528379441152,1784448652000-632578958264631296-1170761528379441152,1784448652000,1784450496000,1,12.896,2.503,5.152217339192968
952249131684855808,1784427051000-632578958264631296-952249131684855808,1784427051000,1784428844000,1,12.895,4.102,3.1435884934178446
780109531760820224,1784438487000-632578958264631296-780109531760820224,1784438487000,1784439791000,1,12.869,3.399,3.786113562812592
870568761881526272,1784437487000-632578958264631296-870568761881526272,1784437487000,1784438721000,1,12.858,4.797,2.68042526579112
951557397191589888,1784464519000-632578958264631296-951557397191589888,1784464519000,1784466012000,1,12.838,3.936,3.2616869918699187
1067771070980816896,1784444599000-632578958264631296-1067771070980816896,1784444599000,1784446486000,1,12.796,2.715,4.713075506445672
1536014751404916736,1784427331000-632578958264631296-1536014751404916736,1784427331000,1784428594000,1,12.782,4.443,2.876884987620977
1079095785133441024,1784441445000-632578958264631296-1079095785133441024,1784441445000,1784442898000,1,12.697,3.935,3.2266836086404065
946025929669345280,1784421156000-632578958264631296-946025929669345280,1784421156000,1784424146000,1,12.687,7.485,1.6949899799599197
997896292355014656,1784443245000-632578958264631296-997896292355014656,1784443245000,1784444626000,1,12.685,4.606,2.754016500217108
1500145408670695424,1784443228000-632578958264631296-1500145408670695424,1784443228000,1784444685000,1,12.662,4.912,2.577768729641694
1071018553202704384,1784462431000-632578958264631296-1071018553202704384,1784462431000,1784464031000,1,12.646,2.846,4.443429374560787
1046837731746906112,1784464832000-632578958264631296-1046837731746906112,1784464832000,1784466215000,1,12.619,2.675,4.717383177570094
1046837731746906112,1784461230000-632578958264631296-1046837731746906112,1784461230000,1784464378000,1,12.56,3.496,3.5926773455377576
780059706918961152,1784423329000-632578958264631296-780059706918961152,1784423329000,1784425401000,1,12.541,4.848,2.5868399339933994
942469061864849408,1784438032000-632578958264631296-942469061864849408,1784438032000,1784439119000,1,12.521,4.569,2.7404246005690527
943819597830684672,1784429306000-632578958264631296-943819597830684672,1784429306000,1784430461000,1,12.486,4.961,2.5168312840153195
1161574576161816576,1784452893000-632578958264631296-1161574576161816576,1784452893000,1784455496000,1,12.477,7.798,1.6000256476019492
1131972366507704320,1784426792000-632578958264631296-1131972366507704320,1784426792000,1784427967000,1,12.471,3.485,3.5784791965566716
1132637029964709888,1784450808000-632578958264631296-1132637029964709888,1784450808000,1784452888000,1,12.45,9.51,1.309148264984227
1172939590688833536,1784456368000-632578958264631296-1172939590688833536,1784456368000,1784457241000,1,12.428,3.865,3.215523932729625
1061350580632420352,1784452093000-632578958264631296-1061350580632420352,1784452093000,1784452987000,1,12.427,3.919,3.1709619800969633
947583451614150656,1784445083000-632578958264631296-947583451614150656,1784445083000,1784446110000,1,12.285,5.086,2.415454187966968
1094956363722784768,1784433148000-632578958264631296-1094956363722784768,1784433148000,1784434892000,1,12.263,7.345,1.6695711368277741
1501934002158698496,1784439236000-632578958264631296-1501934002158698496,1784439236000,1784440384000,1,12.247,4.415,2.773952434881087
1268615353760481280,1784479654000-632578958264631296-1268615353760481280,1784479654000,1784480749000,1,12.225,4.359,2.8045423262216103
1083726561296777216,1784437568000-632578958264631296-1083726561296777216,1784437568000,1784438967000,1,12.133,4.706,2.5781980450488735
1536014660929585152,1784437571000-632578958264631296-1536014660929585152,1784437571000,1784438915000,1,12.128,4.269,2.8409463574607634
869954569466019840,1784453995000-632578958264631296-869954569466019840,1784453995000,1784455795000,1,12.059,3.498,3.447398513436249
1067776270814674944,1784500953000-632578958264631296-1067776270814674944,1784500953000,1784502778000,1,12.043,5.029,2.3947106780672103
1067771070980816896,1784427871000-632578958264631296-1067771070980816896,1784427871000,1784429016000,1,12.017,2.58,4.657751937984496
947452563299500032,1784469569000-632578958264631296-947452563299500032,1784469569000,1784471313000,1,12.011,6.569,1.8284365961333535
1135541524696662016,1784427896000-632578958264631296-1135541524696662016,1784427896000,1784429265000,1,12.001,2.448,4.902369281045751
1362453820235317248,1784473560000-632578958264631296-1362453820235317248,1784473560000,1784477535000,1,12.0,15.944,0.7526342197691921
1449735637144961024,1784442065000-632578958264631296-1449735637144961024,1784442065000,1784443504000,1,11.985,3.443,3.480975893116468
869918310366445568,1784449497000-632578958264631296-869918310366445568,1784449497000,1784451082000,1,11.979,2.602,4.6037663335895465
1540361603277389824,1784451911000-632578958264631296-1540361603277389824,1784451911000,1784453236000,1,11.954,4.051,2.950876326832881
1268615353760481280,1784473967000-632578958264631296-1268615353760481280,1784473967000,1784474976000,1,11.914,4.126,2.8875424139602517
873822835015942144,1784469643000-632578958264631296-873822835015942144,1784469643000,1784470682000,1,11.908,3.709,3.210568886492316
780452749606125568,1784464983000-632578958264631296-780452749606125568,1784464983000,1784466237000,1,11.901,4.396,2.707233848953594
873916972050415616,1784437410000-632578958264631296-873916972050415616,1784437410000,1784439626000,1,11.898,3.828,3.1081504702194356
1061350361924632576,1784466172000-632578958264631296-1061350361924632576,1784466172000,1784467388000,1,11.897,4.104,2.8988791423001947
1061350580632420352,1784433826000-632578958264631296-1061350580632420352,1784433826000,1784434997000,1,11.887,6.713,1.7707433338298824
944591832124227584,1784438670000-632578958264631296-944591832124227584,1784438670000,1784440092000,1,11.845,5.957,1.9884169884169887
1461772563532218368,1784436507000-632578958264631296-1461772563532218368,1784436507000,1784438724000,1,11.813,4.85,2.4356701030927836
1478819140813717504,1784474892000-632578958264631296-1478819140813717504,1784474892000,1784477136000,1,11.806,6.308,1.871591629676601
942471450843938816,1784446431000-632578958264631296-942471450843938816,1784446431000,1784447721000,1,11.797,4.165,2.8324129651860743
1131240645348818944,1784455387000-632578958264631296-1131240645348818944,1784455387000,1784456745000,1,11.796,4.807,2.4539213646765132
1067793936933715968,1784471291000-632578958264631296-1067793936933715968,1784471291000,1784472839000,1,11.76,3.645,3.2263374485596708
787687496786903040,1784443979000-632578958264631296-787687496786903040,1784443979000,1784445351000,1,11.754,3.858,3.0466562986003107
970285003134992384,1784442375000-632578958264631296-970285003134992384,1784442375000,1784443589000,1,11.752,3.601,3.2635379061371843
944587945103327232,1784466115000-632578958264631296-944587945103327232,1784466115000,1784467156000,1,11.709,6.038,1.939218284200066
1397607242391355392,1784440676000-632578958264631296-1397607242391355392,1784440676000,1784441981000,1,11.704,3.9,3.0010256410256413
1050037109068398592,1784452797000-632578958264631296-1050037109068398592,1784452797000,1784454122000,1,11.671,2.371,4.92239561366512
1067775916656033792,1784426956000-632578958264631296-1067775916656033792,1784426956000,1784428474000,1,11.653,3.538,3.2936687394007915
862693652038680576,1784438425000-632578958264631296-862693652038680576,1784438425000,1784439474000,1,11.642,3.204,3.6335830212234703
1076924285072703488,1784462469000-632578958264631296-1076924285072703488,1784462469000,1784463801000,1,11.625,5.093,2.2825446691537405
1046443546271285248,1784455958000-632578958264631296-1046443546271285248,1784455958000,1784457069000,1,11.624,4.197,2.76959733142721
1187402009754468352,1784422004000-632578958264631296-1187402009754468352,1784422004000,1784424198000,1,11.584,3.12,3.7128205128205125
1134878026966761472,1784471051000-632578958264631296-1134878026966761472,1784471051000,1784472408000,1,11.569,5.396,2.143995552260934
862693652038680576,1784439483000-632578958264631296-862693652038680576,1784439483000,1784440545000,1,11.522,2.619,4.399389079801451
946035487334727680,1784443371000-632578958264631296-946035487334727680,1784443371000,1784444444000,1,11.513,2.27,5.071806167400881
869954569466019840,1784455891000-632578958264631296-869954569466019840,1784455891000,1784457635000,1,11.511,3.555,3.2379746835443033
862677844923252736,1784438948000-632578958264631296-862677844923252736,1784438948000,1784440213000,1,11.507,4.305,2.672938443670151
1396881703661731840,1784456141000-632578958264631296-1396881703661731840,1784456141000,1784457849000,1,11.505,4.765,2.4144805876180486
1120316268595904512,1784429453000-632578958264631296-1120316268595904512,1784429453000,1784431287000,1,11.5,6.578,1.7482517482517481
1094956363722784768,1784423067000-632578958264631296-1094956363722784768,1784423067000,1784424518000,1,11.482,5.221,2.1991955564068184
1277220593376165888,1784457429000-632578958264631296-1277220593376165888,1784457429000,1784458586000,1,11.478,3.149,3.6449666560812957
927189698663677952,1784476567000-632578958264631296-927189698663677952,1784476567000,1784478204000,1,11.468,4.029,2.8463638620004965
1396881382210273280,1784453688000-632578958264631296-1396881382210273280,1784453688000,1784456390000,1,11.429,3.597,3.1773700305810397
1294704486559776768,1784453449000-632578958264631296-1294704486559776768,1784453449000,1784454871000,1,11.417,4.561,2.5031791273843456
1136716787434389504,1784504895000-632578958264631296-1136716787434389504,1784504895000,1784506295000,1,11.356,4.787,2.372258199289743
939547018001383424,1784461559000-632578958264631296-939547018001383424,1784461559000,1784463269000,1,11.304,6.468,1.7476808905380334
1050024168621342720,1784446831000-632578958264631296-1050024168621342720,1784446831000,1784448973000,1,11.29,2.286,4.938757655293088
1061351650800697344,1784479224000-632578958264631296-1061351650800697344,1784479224000,1784480497000,1,11.2,3.053,3.6685227644939404
946035487334727680,1784426218000-632578958264631296-946035487334727680,1784426218000,1784427403000,1,11.185,2.394,4.6720969089390145
943859348893859840,1784435216000-632578958264631296-943859348893859840,1784435216000,1784436269000,1,11.166,2.386,4.679798826487846
1536014625517076480,1784423954000-632578958264631296-1536014625517076480,1784423954000,1784425174000,1,11.142,4.601,2.4216474679417517
943859348893859840,1784454459000-632578958264631296-943859348893859840,1784454459000,1784455585000,1,11.118,2.38,4.671428571428572
1076924285072703488,1784418195000-632578958264631296-1076924285072703488,1784418195000,1784420127000,1,11.103,4.817,2.304961594353332
1067776196789403648,1784469371000-632578958264631296-1067776196789403648,1784469371000,1784470626000,1,11.101,3.235,3.4315301391035553
1093087738300727296,1784461857000-632578958264631296-1093087738300727296,1784461857000,1784463663000,1,11.09,5.516,2.010514865844815
1486725792942522368,1784471992000-632578958264631296-1486725792942522368,1784471992000,1784473437000,1,11.083,2.027,5.467686235816477
1157003119578578944,1784456354000-632578958264631296-1157003119578578944,1784456354000,1784458146000,1,11.082,2.086,5.3125599232981795
1406586435233906688,1784475163000-632578958264631296-1406586435233906688,1784475163000,1784477410000,1,11.08,11.089,0.999188384885923
1001786725204230144,1784444773000-632578958264631296-1001786725204230144,1784444773000,1784445889000,1,11.019,4.245,2.5957597173144875
1108703058243616768,1784480576000-632578958264631296-1108703058243616768,1784480576000,1784481782000,1,11.008,2.715,4.05451197053407
1083040210243026944,1784505110000-632578958264631296-1083040210243026944,1784505110000,1784506732000,1,10.999,5.029,2.18711473453967
1083726740557135872,1784432009000-632578958264631296-1083726740557135872,1784432009000,1784433072000,1,10.971,2.57,4.268871595330739
1050036568242257920,1784423133000-632578958264631296-1050036568242257920,1784423133000,1784424564000,1,10.97,2.899,3.784063470162125
951563481520275456,1784452745000-632578958264631296-951563481520275456,1784452745000,1784454024000,1,10.934,3.2,3.4168749999999997
940988876032311296,1784433965000-632578958264631296-940988876032311296,1784433965000,1784435151000,1,10.932,2.335,4.681798715203426
869903761768710144,1784463579000-632578958264631296-869903761768710144,1784463579000,1784464745000,1,10.908,3.795,2.8743083003952568
1067775323560476672,1784454099000-632578958264631296-1067775323560476672,1784454099000,1784455309000,1,10.902,3.853,2.8294835193355823
1536014758619119616,1784424791000-632578958264631296-1536014758619119616,1784424791000,1784425845000,1,10.864,4.223,2.572578735496093
1188144161019133952,1784471944000-632578958264631296-1188144161019133952,1784471944000,1784473096000,1,10.856,2.21,4.912217194570136
1396880990281924608,1784460389000-632578958264631296-1396880990281924608,1784460389000,1784462260000,1,10.818,3.016,3.5868700265251987
1545824482457812992,1784460058000-632578958264631296-1545824482457812992,1784460058000,1784461634000,1,10.804,4.293,2.516655019799674
1389244082743672832,1784468753000-632578958264631296-1389244082743672832,1784468753000,1784469868000,1,10.766,5.568,1.9335488505747127
1286311379313098752,1784452647000-632578958264631296-1286311379313098752,1784452647000,1784454413000,1,10.755,2.975,3.615126050420168
1067765446171688960,1784480211000-632578958264631296-1067765446171688960,1784480211000,1784482135000,1,10.742,6.632,1.6197225572979495
1478688867300147200,1784429470000-632578958264631296-1478688867300147200,1784429470000,1784430752000,1,10.74,3.204,3.352059925093633
964169792938311680,1784468825000-632578958264631296-964169792938311680,1784468825000,1784470461000,1,10.735,2.053,5.228933268387725
1067764585097854976,1784423050000-632578958264631296-1067764585097854976,1784423050000,1784424316000,1,10.729,3.008,3.566821808510638
1428033112889098240,1784445063000-632578958264631296-1428033112889098240,1784445063000,1784448519000,1,10.707,10.0,1.0707
862693652038680576,1784425744000-632578958264631296-862693652038680576,1784425744000,1784426906000,1,10.691,4.571,2.338875519579961
1093088075828953088,1784437848000-632578958264631296-1093088075828953088,1784437848000,1784439214000,1,10.685,4.976,2.147307073954984
952583803866447872,1784474362000-632578958264631296-952583803866447872,1784474362000,1784476334000,1,10.682,4.438,2.406940063091483
1079795397515280384,1784446003000-632578958264631296-1079795397515280384,1784446003000,1784447213000,1,10.613,1.927,5.507524649714582
1093087738300727296,1784450173000-632578958264631296-1093087738300727296,1784450173000,1784451678000,1,10.599,6.162,1.7200584225900681
1083728582527680512,1784445066000-632578958264631296-1083728582527680512,1784445066000,1784447680000,1,10.573,9.287,1.1384731344890706
939138676678459392,1784435749000-632578958264631296-939138676678459392,1784435749000,1784437502000,1,10.568,6.461,1.6356601145333538
946035487334727680,1784424435000-632578958264631296-946035487334727680,1784424435000,1784425489000,1,10.489,2.085,5.030695443645085
1067775323560476672,1784461945000-632578958264631296-1067775323560476672,1784461945000,1784463496000,1,10.473,5.12,2.0455078125
1056588446363025408,1784418320000-632578958264631296-1056588446363025408,1784418320000,1784420097000,1,10.415,3.934,2.647432638535841
1501934002158698496,1784442440000-632578958264631296-1501934002158698496,1784442440000,1784443481000,1,10.394,4.649,2.2357496235749625
794950170587430912,1784453169000-632578958264631296-794950170587430912,1784453169000,1784454969000,1,10.381,2.252,4.60968028419183
780109531760820224,1784435744000-632578958264631296-780109531760820224,1784435744000,1784437060000,1,10.334,2.672,3.86751497005988
1094584670655348736,1784448973000-632578958264631296-1094584670655348736,1784448973000,1784450205000,1,10.327,3.432,3.009032634032634
1536014618822967296,1784452894000-632578958264631296-1536014618822967296,1784452894000,1784454135000,1,10.3,5.57,1.8491921005385996
1385588816730914816,1784428972000-632578958264631296-1385588816730914816,1784428972000,1784430238000,1,10.285,3.745,2.746328437917223
1396881508228136960,1784505225000-632578958264631296-1396881508228136960,1784505225000,1784506589000,1,10.267,5.057,2.0302550919517497
906488270454521856,1784464187000-632578958264631296-906488270454521856,1784464187000,1784465859000,1,10.25,2.0,5.125
1268614873160351744,1784447739000-632578958264631296-1268614873160351744,1784447739000,1784448968000,1,10.244,2.611,3.923400995787054
1067765133431799808,1784472069000-632578958264631296-1067765133431799808,1784472069000,1784473142000,1,10.227,3.87,2.642635658914729
869905949161160704,1784422613000-632578958264631296-869905949161160704,1784422613000,1784423856000,1,10.227,3.206,3.1899563318777293
939545725614686208,1784489591000-632578958264631296-939545725614686208,1784489591000,1784491119000,1,10.196,3.281,3.1075891496494967
1067765389137543168,1784468171000-632578958264631296-1067765389137543168,1784468171000,1784469347000,1,10.188,1.863,5.468599033816425
952162532812914688,1784469610000-632578958264631296-952162532812914688,1784469610000,1784471001000,1,10.172,4.644,2.190353143841516
1073983957575401472,1784489515000-632578958264631296-1073983957575401472,1784489515000,1784491119000,1,10.167,3.16,3.217405063291139
1188144161019133952,1784449013000-632578958264631296-1188144161019133952,1784449013000,1784450361000,1,10.147,1.849,5.4878312601406165
996809766619578368,1784441701000-632578958264631296-996809766619578368,1784441701000,1784442949000,1,10.139,2.697,3.7593622543566925
1152269356621627392,1784438054000-632578958264631296-1152269356621627392,1784438054000,1784439413000,1,10.121,3.3,3.0669696969696973
944587945103327232,1784450935000-632578958264631296-944587945103327232,1784450935000,1784451819000,1,10.105,3.332,3.0327130852340938
1132637029964709888,1784441668000-632578958264631296-1132637029964709888,1784441668000,1784442801000,1,10.089,4.957,2.035303611055074
1536014535985463296,1784439027000-632578958264631296-1536014535985463296,1784439027000,1784440015000,1,10.083,3.78,2.6674603174603178
1389243594644127744,1784421517000-632578958264631296-1389243594644127744,1784421517000,1784422413000,1,10.068,3.604,2.7935627081021086
893821287409909760,1784442492000-632578958264631296-893821287409909760,1784442492000,1784443620000,1,10.059,2.99,3.364214046822742
944587945103327232,1784449716000-632578958264631296-944587945103327232,1784449716000,1784450926000,1,9.936,3.813,2.6058221872541303
943819597830684672,1784455758000-632578958264631296-943819597830684672,1784455758000,1784457743000,1,9.875,11.479,0.8602665737433575
1050037537222950912,1784435840000-632578958264631296-1050037537222950912,1784435840000,1784437757000,1,9.854,3.686,2.6733586543678785
1083727448777949184,1784444939000-632578958264631296-1083727448777949184,1784444939000,1784446884000,1,9.83,3.026,3.2485128883013883
877447567619653632,1784421535000-632578958264631296-877447567619653632,1784421535000,1784422712000,1,9.818,3.082,3.1855937702790396
866245373776101376,1784435166000-632578958264631296-866245373776101376,1784435166000,1784436121000,1,9.78,3.714,2.6332794830371564
1083728677599969280,1784444957000-632578958264631296-1083728677599969280,1784444957000,1784446933000,1,9.765,2.736,3.569078947368421
1536014603211767808,1784431292000-632578958264631296-1536014603211767808,1784431292000,1784432432000,1,9.738,4.872,1.998768472906404
1046752835124854784,1784434169000-632578958264631296-1046752835124854784,1784434169000,1784435815000,1,9.654,6.186,1.5606207565470418
912747932862644224,1784447316000-632578958264631296-912747932862644224,1784447316000,1784448301000,1,9.637,2.383,4.044062106588334
1176184196838719488,1784464817000-632578958264631296-1176184196838719488,1784464817000,1784466437000,1,9.533,2.497,3.817781337605126
1396881703661731840,1784457853000-632578958264631296-1396881703661731840,1784457853000,1784459578000,1,9.508,3.079,3.0880155894771026
1064494636166283264,1784467439000-632578958264631296-1064494636166283264,1784467439000,1784468570000,1,9.504,3.726,2.550724637681159
1050035879038418944,1784435990000-632578958264631296-1050035879038418944,1784435990000,1784437508000,1,9.473,4.068,2.3286627335299905
1001786725204230144,1784434337000-632578958264631296-1001786725204230144,1784434337000,1784435719000,1,9.472,5.044,1.8778747026169706
1161574576161816576,1784460816000-632578958264631296-1161574576161816576,1784460816000,1784462171000,1,9.439,4.277,2.2069207388356324
1385588909638942720,1784441221000-632578958264631296-1385588909638942720,1784441221000,1784442676000,1,9.385,3.92,2.3941326530612246
1161574576161816576,1784457269000-632578958264631296-1161574576161816576,1784457269000,1784459315000,1,9.383,6.044,1.5524487094639312
947102733284933632,1784436572000-632578958264631296-947102733284933632,1784436572000,1784437302000,1,9.382,3.257,2.880564937058643
970285003134992384,1784440052000-632578958264631296-970285003134992384,1784440052000,1784441002000,1,9.295,3.01,3.088039867109635
1050035879038418944,1784425400000-632578958264631296-1050035879038418944,1784425400000,1784426683000,1,9.261,5.949,1.556732223903177
1176582767303983104,1784482688000-632578958264631296-1176582767303983104,1784482688000,1784484429000,1,9.234,3.571,2.585830299635956
1083726930487803904,1784466468000-632578958264631296-1083726930487803904,1784466468000,1784468303000,1,9.21,5.642,1.63239985820631
1083726887294861312,1784444741000-632578958264631296-1083726887294861312,1784444741000,1784446816000,1,9.163,5.385,1.7015784586815228
1080454515951403008,1784430848000-632578958264631296-1080454515951403008,1784430848000,1784432524000,1,9.084,4.072,2.230844793713163
947102733284933632,1784420270000-632578958264631296-947102733284933632,1784420270000,1784420968000,1,9.034,3.666,2.4642662302236773
1060872975626010624,1784439822000-632578958264631296-1060872975626010624,1784439822000,1784441094000,1,9.032,3.561,2.5363661892726763
780059706918961152,1784457150000-632578958264631296-780059706918961152,1784457150000,1784457902000,1,8.986,3.517,2.555018481660506
1211786303754993664,1784426877000-632578958264631296-1211786303754993664,1784426877000,1784428241000,1,8.985,4.113,2.184536834427425
1050037537222950912,1784464916000-632578958264631296-1050037537222950912,1784464916000,1784466157000,1,8.983,2.5,3.5932000000000004
1076924285072703488,1784493012000-632578958264631296-1076924285072703488,1784493012000,1784495955000,1,8.964,4.718,1.8999576091564223
787687496786903040,1784419543000-632578958264631296-787687496786903040,1784419543000,1784421264000,1,8.944,4.299,2.0804838334496396
1083726789898928128,1784455550000-632578958264631296-1083726789898928128,1784455550000,1784456546000,1,8.942,4.078,2.192741539970574
1464286463544786944,1784444527000-632578958264631296-1464286463544786944,1784444527000,1784448396000,1,8.904,3.113,2.8602634115001604
1093089257012068352,1784458480000-632578958264631296-1093089257012068352,1784458480000,1784459470000,1,8.894,2.159,4.119499768411302
874363612666265600,1784459868000-632578958264631296-874363612666265600,1784459868000,1784460835000,1,8.812,1.83,4.8153005464480865
1464628801508999168,1784422332000-632578958264631296-1464628801508999168,1784422332000,1784423488000,1,8.784,1.778,4.940382452193476
1083729116835872768,1784449594000-632578958264631296-1083729116835872768,1784449594000,1784451340000,1,8.704,6.483,1.3425883078821534
1083726789898928128,1784456550000-632578958264631296-1083726789898928128,1784456550000,1784457525000,1,8.7,5.623,1.5472167881913568
1396881232180019200,1784467666000-632578958264631296-1396881232180019200,1784467666000,1784468539000,1,8.692,1.571,5.532781667727562
1294723291725955072,1784419191000-632578958264631296-1294723291725955072,1784419191000,1784419896000,1,8.682,1.742,4.983926521239955
1067775916656033792,1784471846000-632578958264631296-1067775916656033792,1784471846000,1784473265000,1,8.633,3.512,2.458143507972665
1131571393566081024,1784430852000-632578958264631296-1131571393566081024,1784430852000,1784432150000,1,8.629,2.463,3.50345107592367
1083726345994764288,1784457989000-632578958264631296-1083726345994764288,1784457989000,1784459359000,1,8.624,4.42,1.9511312217194572
1082330521322651648,1784441274000-632578958264631296-1082330521322651648,1784441274000,1784444978000,1,8.6,4.02,2.139303482587065
893821287409909760,1784419014000-632578958264631296-893821287409909760,1784419014000,1784420164000,1,8.572,2.619,3.2730049637266125
1050441880044568576,1784464777000-632578958264631296-1050441880044568576,1784464777000,1784468072000,1,8.564,7.058,1.2133748937376028
873897783357079552,1784429257000-632578958264631296-873897783357079552,1784429257000,1784430444000,1,8.564,1.982,4.320887991927346
1176184196838719488,1784421095000-632578958264631296-1176184196838719488,1784421095000,1784422161000,1,8.553,2.106,4.061253561253562
1064532839803912192,1784442963000-632578958264631296-1064532839803912192,1784442963000,1784446173000,1,8.547,1.732,4.934757505773672
1088511709141794816,1784457531000-632578958264631296-1088511709141794816,1784457531000,1784460924000,1,8.514,4.728,1.8007614213197969
1540361729291059200,1784455002000-632578958264631296-1540361729291059200,1784455002000,1784456220000,1,8.478,3.624,2.3394039735099335
1355523374926790656,1784460351000-632578958264631296-1355523374926790656,1784460351000,1784462824000,1,8.475,5.083,1.6673224473735981
912747932862644224,1784462489000-632578958264631296-912747932862644224,1784462489000,1784463512000,1,8.463,3.313,2.5544823422879563
943859348893859840,1784453301000-632578958264631296-943859348893859840,1784453301000,1784454445000,1,8.441,1.732,4.8735565819861435
944589217739046912,1784432017000-632578958264631296-944589217739046912,1784432017000,1784433084000,1,8.425,3.215,2.620528771384137
1277220593376165888,1784502287000-632578958264631296-1277220593376165888,1784502287000,1784503558000,1,8.382,3.596,2.3309232480533923
1428367002015105024,1784460403000-632578958264631296-1428367002015105024,1784460403000,1784463182000,1,8.379,5.17,1.620696324951644
873568577507033088,1784456091000-632578958264631296-873568577507033088,1784456091000,1784457248000,1,8.36,3.712,2.2521551724137927
1357047782162038784,1784444518000-632578958264631296-1357047782162038784,1784444518000,1784447824000,1,8.353,2.903,2.8773682397519806
1138167953473142784,1784425510000-632578958264631296-1138167953473142784,1784425510000,1784426335000,1,8.343,2.699,3.091144868469804
873821465244336128,1784422862000-632578958264631296-873821465244336128,1784422862000,1784424238000,1,8.3,2.415,3.436853002070394
1268615353760481280,1784469799000-632578958264631296-1268615353760481280,1784469799000,1784470980000,1,8.238,4.386,1.8782489740082078
942470042409238528,1784473019000-632578958264631296-942470042409238528,1784473019000,1784474751000,1,8.172,5.461,1.4964292254165903
1131239476161413120,1784429037000-632578958264631296-1131239476161413120,1784429037000,1784430793000,1,8.144,3.995,2.0385481852315395
1172939590688833536,1784453603000-632578958264631296-1172939590688833536,1784453603000,1784454166000,1,8.105,2.028,3.9965483234714005
1068875501654769664,1784431021000-632578958264631296-1068875501654769664,1784431021000,1784432372000,1,8.089,3.937,2.0546101092202185
1478688867300147200,1784465118000-632578958264631296-1478688867300147200,1784465118000,1784466444000,1,8.069,4.322,1.8669597408607128
946034616492359680,1784452817000-632578958264631296-946034616492359680,1784452817000,1784453408000,1,8.058,2.51,3.210358565737052
1545824186436419584,1784464936000-632578958264631296-1545824186436419584,1784464936000,1784466976000,1,7.943,3.453,2.3003185635679118
1067763772824748032,1784447229000-632578958264631296-1067763772824748032,1784447229000,1784448297000,1,7.941,3.369,2.3570792520035617
912747932862644224,1784461734000-632578958264631296-912747932862644224,1784461734000,1784462487000,1,7.909,3.756,2.1056975505857296
1289307004661137408,1784449692000-632578958264631296-1289307004661137408,1784449692000,1784452805000,1,7.908,4.993,1.5838173442819947
1045646209449984000,1784427001000-632578958264631296-1045646209449984000,1784427001000,1784428684000,1,7.901,2.539,3.111855061047656
1161991673035620352,1784418946000-632578958264631296-1161991673035620352,1784418946000,1784419729000,1,7.89,1.597,4.940513462742643
1120316481867874304,1784418935000-632578958264631296-1120316481867874304,1784418935000,1784419762000,1,7.881,1.656,4.759057971014493
1406586595699589120,1784429832000-632578958264631296-1406586595699589120,1784429832000,1784430802000,1,7.872,3.592,2.191536748329621
1127222273418199040,1784473075000-632578958264631296-1127222273418199040,1784473075000,1784474281000,1,7.866,3.334,2.359328134373125
939547417898909696,1784426521000-632578958264631296-939547417898909696,1784426521000,1784427726000,1,7.866,4.006,1.9635546679980027
873822835015942144,1784460451000-632578958264631296-873822835015942144,1784460451000,1784461147000,1,7.838,2.913,2.6906968760727774
1536014618822967296,1784440562000-632578958264631296-1536014618822967296,1784440562000,1784441623000,1,7.787,4.378,1.7786660575605298
874363612666265600,1784466155000-632578958264631296-874363612666265600,1784466155000,1784467073000,1,7.722,1.595,4.841379310344828
952162532812914688,1784471005000-632578958264631296-952162532812914688,1784471005000,1784471936000,1,7.718,3.151,2.449381148841638
927179928254808064,1784450642000-632578958264631296-927179928254808064,1784450642000,1784452110000,1,7.701,2.334,3.299485861182519
1464628801508999168,1784450891000-632578958264631296-1464628801508999168,1784450891000,1784452057000,1,7.625,1.74,4.3821839080459775
1067775916656033792,1784426235000-632578958264631296-1067775916656033792,1784426235000,1784426943000,1,7.61,2.382,3.1947942905121747
1050036987500691456,1784465284000-632578958264631296-1050036987500691456,1784465284000,1784467406000,1,7.609,5.048,1.5073296354992076
789852692640956416,1784475205000-632578958264631296-789852692640956416,1784475205000,1784476354000,1,7.599,2.979,2.5508559919436053
1385305434218299392,1784453361000-632578958264631296-1385305434218299392,1784453361000,1784454848000,1,7.509,1.837,4.0876428960261295
929707161364201472,1784433919000-632578958264631296-929707161364201472,1784433919000,1784434982000,1,7.437,3.392,2.19251179245283
635414692210147328,1784455417000-632578958264631296-635414692210147328,1784455417000,1784456224000,1,7.425,1.443,5.145530145530145
1067775916656033792,1784459817000-632578958264631296-1067775916656033792,1784459817000,1784460464000,1,7.403,2.002,3.697802197802198
796706773456125952,1784421127000-632578958264631296-796706773456125952,1784421127000,1784421616000,1,7.378,2.523,2.9242964724534284
1361380561528029184,1784482303000-632578958264631296-1361380561528029184,1784482303000,1784484179000,1,7.375,2.01,3.6691542288557217
1050024168621342720,1784445208000-632578958264631296-1050024168621342720,1784445208000,1784446598000,1,7.367,1.431,5.148148148148148
1373358446576926720,1784462270000-632578958264631296-1373358446576926720,1784462270000,1784462952000,1,7.36,0.385,19.116883116883116
1545823503347875840,1784482007000-632578958264631296-1545823503347875840,1784482007000,1784484367000,1,7.353,3.114,2.361271676300578
1067775916656033792,1784421466000-632578958264631296-1067775916656033792,1784421466000,1784422136000,1,7.312,2.082,3.512007684918348
1083726517403385856,1784450405000-632578958264631296-1083726517403385856,1784450405000,1784452067000,1,7.299,2.482,2.9407735697018533
1050035879038418944,1784430157000-632578958264631296-1050035879038418944,1784430157000,1784431356000,1,7.283,2.887,2.5226879113266367
1050036987500691456,1784432784000-632578958264631296-1050036987500691456,1784432784000,1784433765000,1,7.283,3.955,1.8414664981036664
1079796452147855360,1784442615000-632578958264631296-1079796452147855360,1784442615000,1784443616000,1,7.28,1.474,4.938941655359566
1046442858321543168,1784463493000-632578958264631296-1046442858321543168,1784463493000,1784464845000,1,7.271,1.41,5.156737588652483
1406586435233906688,1784443977000-632578958264631296-1406586435233906688,1784443977000,1784444966000,1,7.271,3.019,2.4084133819145412
1182027923075366912,1784462741000-632578958264631296-1182027923075366912,1784462741000,1784463784000,1,7.254,3.29,2.2048632218844983
947102733284933632,1784431453000-632578958264631296-947102733284933632,1784431453000,1784432603000,1,7.244,4.012,1.8055832502492524
1067775916656033792,1784460683000-632578958264631296-1067775916656033792,1784460683000,1784461478000,1,7.238,2.767,2.615829418142393
1471164933021368320,1784462123000-632578958264631296-1471164933021368320,1784462123000,1784463009000,1,7.236,1.51,4.79205298013245
1079795397515280384,1784452627000-632578958264631296-1079795397515280384,1784452627000,1784453503000,1,7.2,1.252,5.7507987220447285
1464628801508999168,1784420498000-632578958264631296-1464628801508999168,1784420498000,1784421761000,1,7.176,1.669,4.29958058717795
1475452919183572992,1784466261000-632578958264631296-1475452919183572992,1784466261000,1784467255000,1,7.165,1.469,4.877467665078284
1093087738300727296,1784443007000-632578958264631296-1093087738300727296,1784443007000,1784444799000,1,7.088,4.73,1.498520084566596
1479447378401427456,1784421449000-632578958264631296-1479447378401427456,1784421449000,1784422776000,1,7.057,1.62,4.356172839506173
870286624469024768,1784462629000-632578958264631296-870286624469024768,1784462629000,1784463343000,1,7.049,3.352,2.1029236276849645
926835749754503168,1784451513000-632578958264631296-926835749754503168,1784451513000,1784453133000,1,7.022,3.689,1.9034968826240173
1094588896550846464,1784421760000-632578958264631296-1094588896550846464,1784421760000,1784422836000,1,7.009,1.561,4.490070467648944
1070370579279773696,1784454777000-632578958264631296-1070370579279773696,1784454777000,1784455884000,1,6.983,3.699,1.8878075155447418
836966844580495360,1784443356000-632578958264631296-836966844580495360,1784443356000,1784444450000,1,6.975,3.499,1.9934266933409543
1500491887742550016,1784421060000-632578958264631296-1500491887742550016,1784421060000,1784424454000,1,6.954,6.483,1.072651550208237
925753337108758528,1784473025000-632578958264631296-925753337108758528,1784473025000,1784473610000,1,6.94,2.023,3.4305486900642608
1362453820235317248,1784444017000-632578958264631296-1362453820235317248,1784444017000,1784444955000,1,6.89,3.423,2.0128542214431784
1062738572429230080,1784453421000-632578958264631296-1062738572429230080,1784453421000,1784454414000,1,6.883,1.413,4.871196036801132
818154714091749376,1784425105000-632578958264631296-818154714091749376,1784425105000,1784425862000,1,6.878,1.225,5.61469387755102
1471165126924042240,1784432990000-632578958264631296-1471165126924042240,1784432990000,1784434331000,1,6.877,1.418,4.849788434414669
1500484476822618112,1784475921000-632578958264631296-1500484476822618112,1784475921000,1784477170000,1,6.875,1.738,3.9556962025316458
784445514740400128,1784469480000-632578958264631296-784445514740400128,1784469480000,1784470472000,1,6.863,1.409,4.8708303761533
1536004619845500928,1784453177000-632578958264631296-1536004619845500928,1784453177000,1784454197000,1,6.86,2.79,2.4587813620071683
1080454515951403008,1784472333000-632578958264631296-1080454515951403008,1784472333000,1784473900000,1,6.857,3.707,1.849743728082007
789852612550721536,1784472134000-632578958264631296-789852612550721536,1784472134000,1784473131000,1,6.828,1.862,3.6670247046186897
940246123384143872,1784444769000-632578958264631296-940246123384143872,1784444769000,1784445658000,1,6.818,2.881,2.3665393960430405
1108703058243616768,1784460375000-632578958264631296-1108703058243616768,1784460375000,1784462132000,1,6.812,1.735,3.9262247838616715
943859348893859840,1784465565000-632578958264631296-943859348893859840,1784465565000,1784466270000,1,6.807,1.52,4.478289473684211
1268615353760481280,1784478943000-632578958264631296-1268615353760481280,1784478943000,1784479581000,1,6.802,2.091,3.2529890004782396
1136252936335130624,1784456962000-632578958264631296-1136252936335130624,1784456962000,1784458272000,1,6.8,1.896,3.586497890295359
1083727986517082112,1784471624000-632578958264631296-1083727986517082112,1784471624000,1784472572000,1,6.798,1.873,3.629471436198612
927189698663677952,1784481354000-632578958264631296-927189698663677952,1784481354000,1784483532000,1,6.779,3.448,1.9660672853828307
1083016936570224640,1784469369000-632578958264631296-1083016936570224640,1784469369000,1784470189000,1,6.775,1.565,4.329073482428115
1569317625765298176,1784456719000-632578958264631296-1569317625765298176,1784456719000,1784458152000,1,6.775,2.33,2.907725321888412
1060630916881186816,1784441000000-632578958264631296-1060630916881186816,1784441000000,1784442261000,1,6.771,4.253,1.5920526687044438
1067775063052255232,1784438770000-632578958264631296-1067775063052255232,1784438770000,1784439908000,1,6.758,3.066,2.204174820613177
1536014596580573184,1784446893000-632578958264631296-1536014596580573184,1784446893000,1784448709000,1,6.753,3.686,1.832067281606077
1396881232180019200,1784466284000-632578958264631296-1396881232180019200,1784466284000,1784467062000,1,6.746,1.164,5.795532646048111
791672232936996864,1784431346000-632578958264631296-791672232936996864,1784431346000,1784432051000,1,6.729,2.318,2.9029335634167386
1067765309810671616,1784472784000-632578958264631296-1067765309810671616,1784472784000,1784473560000,1,6.723,1.487,4.521183591123066
1501933902321680384,1784435213000-632578958264631296-1501933902321680384,1784435213000,1784435959000,1,6.714,2.812,2.387624466571835
786246735176400896,1784431363000-632578958264631296-786246735176400896,1784431363000,1784432061000,1,6.714,2.495,2.6909819639278556
786545248472924160,1784441810000-632578958264631296-786545248472924160,1784441810000,1784442389000,1,6.701,2.226,3.0103324348607368
869954569466019840,1784423239000-632578958264631296-869954569466019840,1784423239000,1784424464000,1,6.676,2.096,3.1851145038167936
873822835015942144,1784430883000-632578958264631296-873822835015942144,1784430883000,1784431694000,1,6.664,2.666,2.4996249062265568
869903761768710144,1784440591000-632578958264631296-869903761768710144,1784440591000,1784441539000,1,6.623,2.514,2.634447096260939
946035487334727680,1784457999000-632578958264631296-946035487334727680,1784457999000,1784458677000,1,6.594,1.813,3.6370656370656373
1268614873160351744,1784451510000-632578958264631296-1268614873160351744,1784451510000,1784453022000,1,6.588,1.802,3.655937846836848
1536014744312348672,1784472814000-632578958264631296-1536014744312348672,1784472814000,1784474185000,1,6.569,4.436,1.4808385933273218
794950170587430912,1784456719000-632578958264631296-794950170587430912,1784456719000,1784457743000,1,6.521,1.144,5.700174825174826
1067765389137543168,1784439799000-632578958264631296-1067765389137543168,1784439799000,1784441069000,1,6.515,2.886,2.2574497574497574
869903934959910912,1784479127000-632578958264631296-869903934959910912,1784479127000,1784479746000,1,6.489,2.503,2.5924890131841787
1135631306680434688,1784428203000-632578958264631296-1135631306680434688,1784428203000,1784429824000,1,6.466,3.606,1.7931225734886302
1475452919183572992,1784468498000-632578958264631296-1475452919183572992,1784468498000,1784469183000,1,6.45,1.117,5.7743957027752915
942721856836730880,1784462354000-632578958264631296-942721856836730880,1784462354000,1784463814000,1,6.442,1.967,3.275038129130656
1536014647272931328,1784437068000-632578958264631296-1536014647272931328,1784437068000,1784439499000,1,6.422,3.783,1.697594501718213
947102733284933632,1784454165000-632578958264631296-947102733284933632,1784454165000,1784454661000,1,6.422,1.416,4.535310734463277
1536014535985463296,1784485562000-632578958264631296-1536014535985463296,1784485562000,1784486439000,1,6.389,2.237,2.856057219490389
1081223436249858048,1784462381000-632578958264631296-1081223436249858048,1784462381000,1784463685000,1,6.385,1.601,3.9881324172392256
1093476797997121536,1784450007000-632578958264631296-1093476797997121536,1784450007000,1784450583000,1,6.372,1.054,6.045540796963946
1120316268595904512,1784421153000-632578958264631296-1120316268595904512,1784421153000,1784422473000,1,6.358,2.87,2.2153310104529615
1209168031477923840,1784426625000-632578958264631296-1209168031477923840,1784426625000,1784428283000,1,6.349,3.927,1.6167557932263814
879404563604439040,1784421059000-632578958264631296-879404563604439040,1784421059000,1784421935000,1,6.339,1.963,3.229240957717779
1175796663680237568,1784436883000-632578958264631296-1175796663680237568,1784436883000,1784437905000,1,6.338,1.735,3.6530259365994233
1070334753032372224,1784440792000-632578958264631296-1070334753032372224,1784440792000,1784441594000,1,6.256,3.098,2.019367333763719
1134878026966761472,1784468155000-632578958264631296-1134878026966761472,1784468155000,1784468946000,1,6.241,5.135,1.2153846153846153
1083726740557135872,1784433076000-632578958264631296-1083726740557135872,1784433076000,1784433653000,1,6.215,1.422,4.370604781997187
780067386190462976,1784420267000-632578958264631296-780067386190462976,1784420267000,1784421280000,1,6.208,1.571,3.9516231699554427
1067763772824748032,1784445167000-632578958264631296-1067763772824748032,1784445167000,1784446031000,1,6.207,2.159,2.8749421028253823
1536014625517076480,1784428937000-632578958264631296-1536014625517076480,1784428937000,1784429696000,1,6.196,1.316,4.708206686930091
800361869549240320,1784432471000-632578958264631296-800361869549240320,1784432471000,1784433061000,1,6.173,1.36,4.538970588235294
1094650284191252480,1784454904000-632578958264631296-1094650284191252480,1784454904000,1784455963000,1,6.16,1.256,4.904458598726115
1385588909638942720,1784468628000-632578958264631296-1385588909638942720,1784468628000,1784469707000,1,6.156,2.311,2.6637819125919515
1405177997576634368,1784421862000-632578958264631296-1405177997576634368,1784421862000,1784422657000,1,6.146,2.189,2.8076747373229782
947102733284933632,1784421538000-632578958264631296-947102733284933632,1784421538000,1784422002000,1,6.111,1.473,4.14867617107943
1477629515881512960,1784461523000-632578958264631296-1477629515881512960,1784461523000,1784462581000,1,6.106,1.246,4.900481540930979
1083726517403385856,1784468612000-632578958264631296-1083726517403385856,1784468612000,1784469695000,1,6.102,1.873,3.2578750667378538
1170761528379441152,1784438781000-632578958264631296-1170761528379441152,1784438781000,1784440509000,1,6.096,2.694,2.2628062360801784
1373358446576926720,1784463384000-632578958264631296-1373358446576926720,1784463384000,1784464276000,1,6.094,0.424,14.372641509433963
1083728582527680512,1784434041000-632578958264631296-1083728582527680512,1784434041000,1784435393000,1,6.089,4.101,1.4847598146793466
878252193440858112,1784431474000-632578958264631296-878252193440858112,1784431474000,1784432124000,1,6.049,2.143,2.822678488100794
1476549765217910784,1784430890000-632578958264631296-1476549765217910784,1784430890000,1784431659000,1,6.046,3.5,1.7274285714285715
947452563299500032,1784437371000-632578958264631296-947452563299500032,1784437371000,1784438507000,1,6.02,2.491,2.4167001204335605
870568761881526272,1784449545000-632578958264631296-870568761881526272,1784449545000,1784450272000,1,6.016,2.148,2.800744878957169
1172939590688833536,1784448857000-632578958264631296-1172939590688833536,1784448857000,1784449261000,1,6.003,1.405,4.2725978647686835
1067793936933715968,1784457098000-632578958264631296-1067793936933715968,1784457098000,1784458487000,1,6.0,4.111,1.459498905375821
1211337321434054656,1784442929000-632578958264631296-1211337321434054656,1784442929000,1784444439000,1,5.98,1.885,3.1724137931034484
1405177997576634368,1784458583000-632578958264631296-1405177997576634368,1784458583000,1784459269000,1,5.973,1.426,4.188639551192146
635414442816888832,1784420322000-632578958264631296-635414442816888832,1784420322000,1784421370000,1,5.957,2.962,2.0111411208642807
1093087738300727296,1784438355000-632578958264631296-1093087738300727296,1784438355000,1784439697000,1,5.942,3.978,1.4937154348919055
1050037048276156416,1784447049000-632578958264631296-1050037048276156416,1784447049000,1784447895000,1,5.921,2.037,2.90672557682867
1389244082743672832,1784435982000-632578958264631296-1389244082743672832,1784435982000,1784436788000,1,5.913,2.724,2.170704845814978
1070370579279773696,1784433277000-632578958264631296-1070370579279773696,1784433277000,1784434527000,1,5.911,7.477,0.7905577103116223
939547788868321280,1784456203000-632578958264631296-939547788868321280,1784456203000,1784457934000,1,5.909,1.702,3.471797884841363
942723675356921856,1784447717000-632578958264631296-942723675356921856,1784447717000,1784448534000,1,5.896,2.438,2.418375717801476
943819597830684672,1784472674000-632578958264631296-943819597830684672,1784472674000,1784473363000,1,5.882,1.927,3.0524130773222624
794226357327364096,1784452602000-632578958264631296-794226357327364096,1784452602000,1784453810000,1,5.88,1.731,3.3968804159445405
944590866851299328,1784475910000-632578958264631296-944590866851299328,1784475910000,1784476853000,1,5.864,4.066,1.442203639940974
946030864989421568,1784441619000-632578958264631296-946030864989421568,1784441619000,1784442593000,1,5.846,1.959,2.984175599795814
1050037336936546304,1784447629000-632578958264631296-1050037336936546304,1784447629000,1784448835000,1,5.83,2.732,2.1339677891654465
1083726740557135872,1784430872000-632578958264631296-1083726740557135872,1784430872000,1784431757000,1,5.811,1.286,4.518662519440125
1067764779667423232,1784438158000-632578958264631296-1067764779667423232,1784438158000,1784440050000,1,5.798,4.006,1.4473290064902646
1477689128190476288,1784434059000-632578958264631296-1477689128190476288,1784434059000,1784434873000,1,5.793,1.449,3.9979296066252585
1362453820235317248,1784429413000-632578958264631296-1362453820235317248,1784429413000,1784430786000,1,5.724,5.969,0.9589545987602613
780109531760820224,1784462226000-632578958264631296-780109531760820224,1784462226000,1784463013000,1,5.672,2.201,2.577010449795547
1536014640524296192,1784435920000-632578958264631296-1536014640524296192,1784435920000,1784436908000,1,5.671,5.066,1.1194236083695224
1070334753032372224,1784439757000-632578958264631296-1070334753032372224,1784439757000,1784440554000,1,5.64,2.98,1.8926174496644295
1464286463544786944,1784484239000-632578958264631296-1464286463544786944,1784484239000,1784486783000,1,5.59,4.678,1.1949551090209491
1536014744312348672,1784455843000-632578958264631296-1536014744312348672,1784455843000,1784457033000,1,5.581,3.587,1.5558962921661557
1050036987500691456,1784461896000-632578958264631296-1050036987500691456,1784461896000,1784463157000,1,5.572,2.778,2.0057595392368612
1135529735623802880,1784423500000-632578958264631296-1135529735623802880,1784423500000,1784424502000,1,5.547,2.722,2.0378398236590742
908732861828300800,1784482968000-632578958264631296-908732861828300800,1784482968000,1784484162000,1,5.54,2.725,2.0330275229357797
927189698663677952,1784483729000-632578958264631296-927189698663677952,1784483729000,1784485849000,1,5.519,2.6,2.122692307692308
1175796663680237568,1784438694000-632578958264631296-1175796663680237568,1784438694000,1784439581000,1,5.517,1.639,3.3660768761439903
919290820798971904,1784470978000-632578958264631296-919290820798971904,1784470978000,1784472510000,1,5.504,1.83,3.0076502732240433
947093723013971968,1784471548000-632578958264631296-947093723013971968,1784471548000,1784472880000,1,5.443,2.352,2.314200680272109
873109579045535744,1784468070000-632578958264631296-873109579045535744,1784468070000,1784468605000,1,5.397,1.414,3.816831683168317
902974583798235136,1784471222000-632578958264631296-902974583798235136,1784471222000,1784472359000,1,5.39,1.346,4.0044576523031195
1526262198169501696,1784430612000-632578958264631296-1526262198169501696,1784430612000,1784431516000,1,5.386,2.271,2.3716424482606784
1062738070563979264,1784469760000-632578958264631296-1062738070563979264,1784469760000,1784471497000,1,5.375,8.508,0.631758345086977
1385589109656911872,1784464550000-632578958264631296-1385589109656911872,1784464550000,1784466442000,1,5.372,3.355,1.6011922503725782
1422205425331208192,1784448540000-632578958264631296-1422205425331208192,1784448540000,1784449877000,1,5.368,2.293,2.3410379415612734
1050037424450699264,1784464529000-632578958264631296-1050037424450699264,1784464529000,1784465886000,1,5.364,2.859,1.8761804826862538
1105915143314735104,1784440725000-632578958264631296-1105915143314735104,1784440725000,1784441750000,1,5.338,3.387,1.576025981694715
878252193440858112,1784469418000-632578958264631296-878252193440858112,1784469418000,1784470064000,1,5.338,2.12,2.5179245283018865
1535695002116554752,1784453686000-632578958264631296-1535695002116554752,1784453686000,1784454594000,1,5.323,1.71,3.1128654970760237
1060872975626010624,1784471775000-632578958264631296-1060872975626010624,1784471775000,1784472904000,1,5.309,1.897,2.7986294148655775
1488129049464143872,1784444753000-632578958264631296-1488129049464143872,1784444753000,1784446635000,1,5.303,3.577,1.4825272574783337
1067765309810671616,1784477037000-632578958264631296-1067765309810671616,1784477037000,1784477814000,1,5.302,1.506,3.520584329349269
1478819140813717504,1784444137000-632578958264631296-1478819140813717504,1784444137000,1784444757000,1,5.302,2.281,2.324419114423498
874363612666265600,1784455310000-632578958264631296-874363612666265600,1784455310000,1784456039000,1,5.301,1.128,4.699468085106384
942723675356921856,1784454956000-632578958264631296-942723675356921856,1784454956000,1784457081000,1,5.284,6.534,0.8086929905111723
784445514740400128,1784444707000-632578958264631296-784445514740400128,1784444707000,1784446411000,1,5.274,2.816,1.8728693181818183
1050037537222950912,1784449035000-632578958264631296-1050037537222950912,1784449035000,1784450650000,1,5.272,7.549,0.6983706451185587
1161991673035620352,1784456366000-632578958264631296-1161991673035620352,1784456366000,1784457538000,1,5.27,1.65,3.193939393939394
873109579045535744,1784450062000-632578958264631296-873109579045535744,1784450062000,1784450691000,1,5.266,1.169,4.504704875962361
1363836271826305024,1784444644000-632578958264631296-1363836271826305024,1784444644000,1784445674000,1,5.265,1.567,3.359923420548819
939140294748667904,1784446347000-632578958264631296-939140294748667904,1784446347000,1784447164000,1,5.25,2.084,2.519193857965451
869954569466019840,1784425956000-632578958264631296-869954569466019840,1784425956000,1784428578000,1,5.236,2.001,2.6166916541729135
1070334753032372224,1784453435000-632578958264631296-1070334753032372224,1784453435000,1784454017000,1,5.231,2.475,2.1135353535353536
1294723291725955072,1784444003000-632578958264631296-1294723291725955072,1784444003000,1784445196000,1,5.22,1.358,3.843888070692194
961238953837461504,1784457275000-632578958264631296-961238953837461504,1784457275000,1784459565000,1,5.195,4.288,1.2115205223880596
1050035879038418944,1784431532000-632578958264631296-1050035879038418944,1784431532000,1784432329000,1,5.193,2.985,1.7396984924623116
947583451614150656,1784446387000-632578958264631296-947583451614150656,1784446387000,1784446795000,1,5.18,1.69,3.06508875739645
1083726740557135872,1784456529000-632578958264631296-1083726740557135872,1784456529000,1784457507000,1,5.163,1.541,3.350421804023362
938442824968306688,1784469557000-632578958264631296-938442824968306688,1784469557000,1784470351000,1,5.13,2.24,2.290178571428571
1478688867300147200,1784430832000-632578958264631296-1478688867300147200,1784430832000,1784431488000,1,5.129,2.928,1.7517076502732238
1357047782162038784,1784429168000-632578958264631296-1357047782162038784,1784429168000,1784430539000,1,5.125,1.57,3.2643312101910826
1064494636166283264,1784418966000-632578958264631296-1064494636166283264,1784418966000,1784419676000,1,5.121,2.252,2.2739786856127893
1088511709141794816,1784480928000-632578958264631296-1088511709141794816,1784480928000,1784484469000,1,5.119,5.948,0.8606254203093476
1064532839803912192,1784478298000-632578958264631296-1064532839803912192,1784478298000,1784480703000,1,5.117,3.982,1.2850326469111
912747932862644224,1784465901000-632578958264631296-912747932862644224,1784465901000,1784466735000,1,5.106,1.133,4.506619593998234
1188192864341852160,1784504837000-632578958264631296-1188192864341852160,1784504837000,1784507760000,1,5.095,4.998,1.019407763105242
1389244197004902400,1784431000000-632578958264631296-1389244197004902400,1784431000000,1784432151000,1,5.095,1.599,3.186366479049406
1120316481867874304,1784456793000-632578958264631296-1120316481867874304,1784456793000,1784457666000,1,5.077,1.352,3.755177514792899
1050781532765028352,1784456826000-632578958264631296-1050781532765028352,1784456826000,1784457819000,1,5.069,1.264,4.010284810126582
862287863801184256,1784446654000-632578958264631296-862287863801184256,1784446654000,1784447361000,1,5.053,1.069,4.726847521047708
1389244302743306240,1784442191000-632578958264631296-1389244302743306240,1784442191000,1784443208000,1,5.042,1.326,3.802413273001508
947092625956012032,1784467839000-632578958264631296-947092625956012032,1784467839000,1784468426000,1,4.999,0.986,5.06997971602434
1067765389137543168,1784422763000-632578958264631296-1067765389137543168,1784422763000,1784423636000,1,4.982,2.379,2.0941572089113074
873201356771426304,1784447298000-632578958264631296-873201356771426304,1784447298000,1784448523000,1,4.972,1.111,4.475247524752476
940988876032311296,1784505002000-632578958264631296-940988876032311296,1784505002000,1784506157000,1,4.957,1.902,2.6062039957939014
1469693281720860672,1784444823000-632578958264631296-1469693281720860672,1784444823000,1784445824000,1,4.944,1.49,3.3181208053691273
1046836268442320896,1784443421000-632578958264631296-1046836268442320896,1784443421000,1784446186000,1,4.935,5.465,0.9030192131747483
1398705978894974976,1784439311000-632578958264631296-1398705978894974976,1784439311000,1784443240000,1,4.933,5.715,0.8631671041119859
1082330521322651648,1784477128000-632578958264631296-1082330521322651648,1784477128000,1784479993000,1,4.923,5.587,0.8811526758546626
944591832124227584,1784440096000-632578958264631296-944591832124227584,1784440096000,1784440517000,1,4.923,2.511,1.960573476702509
1067765189559975936,1784431096000-632578958264631296-1067765189559975936,1784431096000,1784431673000,1,4.916,2.118,2.3210576015108595
1536014744312348672,1784469089000-632578958264631296-1536014744312348672,1784469089000,1784471004000,1,4.914,3.572,1.375699888017917
1488160320575766528,1784473582000-632578958264631296-1488160320575766528,1784473582000,1784474787000,1,4.909,1.239,3.962066182405165
1385588909638942720,1784470469000-632578958264631296-1385588909638942720,1784470469000,1784471796000,1,4.902,2.266,2.1632833186231246
944590866851299328,1784436256000-632578958264631296-944590866851299328,1784436256000,1784438259000,1,4.862,3.019,1.6104670420669096
1187402009754468352,1784429036000-632578958264631296-1187402009754468352,1784429036000,1784430616000,1,4.857,1.993,2.437029603612644
1385588816730914816,1784421967000-632578958264631296-1385588816730914816,1784421967000,1784423121000,1,4.851,2.479,1.9568374344493746
1105915143314735104,1784443498000-632578958264631296-1105915143314735104,1784443498000,1784444785000,1,4.848,3.892,1.2456320657759508
1486725792942522368,1784475061000-632578958264631296-1486725792942522368,1784475061000,1784476298000,1,4.827,0.834,5.787769784172662
1536014618822967296,1784438674000-632578958264631296-1536014618822967296,1784438674000,1784440023000,1,4.825,2.998,1.6094062708472314
1067765389137543168,1784465707000-632578958264631296-1067765389137543168,1784465707000,1784466479000,1,4.804,1.11,4.327927927927928
942723675356921856,1784444142000-632578958264631296-942723675356921856,1784444142000,1784445279000,1,4.8,3.639,1.3190436933223413
1536014716214706176,1784456594000-632578958264631296-1536014716214706176,1784456594000,1784457456000,1,4.788,2.578,1.857253685027153
1536014625517076480,1784428559000-632578958264631296-1536014625517076480,1784428559000,1784428933000,1,4.786,1.472,3.251358695652174
1188144161019133952,1784475001000-632578958264631296-1188144161019133952,1784475001000,1784475831000,1,4.773,0.882,5.41156462585034
1081223436249858048,1784465322000-632578958264631296-1081223436249858048,1784465322000,1784466152000,1,4.772,1.055,4.523222748815166
942471450843938816,1784431437000-632578958264631296-942471450843938816,1784431437000,1784432131000,1,4.771,3.667,1.301063539678211
1067775916656033792,1784461514000-632578958264631296-1067775916656033792,1784461514000,1784462047000,1,4.743,1.362,3.4823788546255505
1132636490090676224,1784460356000-632578958264631296-1132636490090676224,1784460356000,1784461230000,1,4.737,1.22,3.8827868852459018
1094956363722784768,1784476281000-632578958264631296-1094956363722784768,1784476281000,1784477177000,1,4.719,2.905,1.6244406196213428
1161574576161816576,1784436565000-632578958264631296-1161574576161816576,1784436565000,1784437058000,1,4.716,2.067,2.281567489114659
1188144161019133952,1784467502000-632578958264631296-1188144161019133952,1784467502000,1784467959000,1,4.715,0.873,5.400916380297823
1070334753032372224,1784452744000-632578958264631296-1070334753032372224,1784452744000,1784453328000,1,4.701,3.417,1.3757682177348551
1067765133431799808,1784481834000-632578958264631296-1067765133431799808,1784481834000,1784482968000,1,4.685,3.267,1.434037343128252
1093089257012068352,1784466503000-632578958264631296-1093089257012068352,1784466503000,1784467406000,1,4.682,1.782,2.6273849607182944
1422205634715058176,1784430757000-632578958264631296-1422205634715058176,1784430757000,1784431931000,1,4.682,1.438,3.2559109874826153
1046443546271285248,1784470063000-632578958264631296-1046443546271285248,1784470063000,1784470663000,1,4.651,2.663,1.7465264739016149
787687496786903040,1784468610000-632578958264631296-787687496786903040,1784468610000,1784469168000,1,4.641,1.973,2.352255448555499
1083728582527680512,1784435396000-632578958264631296-1083728582527680512,1784435396000,1784436083000,1,4.632,2.073,2.2344428364688858
878252193440858112,1784470746000-632578958264631296-878252193440858112,1784470746000,1784471194000,1,4.628,1.382,3.3487698986975403
1536014577374855168,1784418648000-632578958264631296-1536014577374855168,1784418648000,1784419729000,1,4.621,2.231,2.071268489466607
1536014647272931328,1784445559000-632578958264631296-1536014647272931328,1784445559000,1784446513000,1,4.612,2.646,1.743008314436886
862693652038680576,1784427384000-632578958264631296-862693652038680576,1784427384000,1784428019000,1,4.575,2.007,2.279521674140508
942721856836730880,1784470717000-632578958264631296-942721856836730880,1784470717000,1784471275000,1,4.564,0.95,4.8042105263157895
862287863801184256,1784429016000-632578958264631296-862287863801184256,1784429016000,1784429706000,1,4.561,0.894,5.10178970917226
1093476797997121536,1784459692000-632578958264631296-1093476797997121536,1784459692000,1784460730000,1,4.555,1.424,3.1987359550561796
1080454515951403008,1784474756000-632578958264631296-1080454515951403008,1784474756000,1784475610000,1,4.543,1.971,2.3049213597158804
869954569466019840,1784439627000-632578958264631296-869954569466019840,1784439627000,1784440573000,1,4.472,1.349,3.315048183839882
1540361729291059200,1784424257000-632578958264631296-1540361729291059200,1784424257000,1784425540000,1,4.44,1.908,2.327044025157233
1536014517601828864,1784504137000-632578958264631296-1536014517601828864,1784504137000,1784504794000,1,4.438,2.387,1.8592375366568914
866245317551456256,1784433036000-632578958264631296-866245317551456256,1784433036000,1784433859000,1,4.433,1.36,3.2595588235294115
1132636149337030656,1784471565000-632578958264631296-1132636149337030656,1784471565000,1784472142000,1,4.429,1.636,2.7072127139364306
1536014603211767808,1784470462000-632578958264631296-1536014603211767808,1784470462000,1784471080000,1,4.424,1.557,2.8413615928066798
922469481249243136,1784425893000-632578958264631296-922469481249243136,1784425893000,1784427197000,1,4.382,2.585,1.695164410058027
1170761528379441152,1784432519000-632578958264631296-1170761528379441152,1784432519000,1784433873000,1,4.378,2.021,2.1662543295398318
1023491297677148160,1784426913000-632578958264631296-1023491297677148160,1784426913000,1784428286000,1,4.363,1.616,2.6998762376237626
787687496786903040,1784436560000-632578958264631296-787687496786903040,1784436560000,1784437037000,1,4.349,2.009,2.164758586361374
1479440816106635264,1784428292000-632578958264631296-1479440816106635264,1784428292000,1784429491000,1,4.326,4.513,0.9585641480168402
951563481520275456,1784437858000-632578958264631296-951563481520275456,1784437858000,1784438548000,1,4.32,1.318,3.2776934749620636
1286311379313098752,1784445622000-632578958264631296-1286311379313098752,1784445622000,1784447051000,1,4.308,2.685,1.6044692737430166
1536014603211767808,1784450862000-632578958264631296-1536014603211767808,1784450862000,1784451625000,1,4.271,2.476,1.7249596122778674
1536014730089463808,1784437476000-632578958264631296-1536014730089463808,1784437476000,1784438435000,1,4.25,2.215,1.9187358916478556
1406586435233906688,1784426562000-632578958264631296-1406586435233906688,1784426562000,1784428553000,1,4.249,3.354,1.2668455575432318
873570129613422592,1784469307000-632578958264631296-873570129613422592,1784469307000,1784469935000,1,4.19,1.172,3.5750853242320826
965194336809517056,1784437561000-632578958264631296-965194336809517056,1784437561000,1784437860000,1,4.182,1.107,3.777777777777778
1176582451024101376,1784444896000-632578958264631296-1176582451024101376,1784444896000,1784445729000,1,4.122,1.754,2.3500570125427593
1067775974323519488,1784448284000-632578958264631296-1067775974323519488,1784448284000,1784448766000,1,4.119,1.398,2.9463519313304722
1050035879038418944,1784421859000-632578958264631296-1050035879038418944,1784421859000,1784423862000,1,4.072,3.159,1.2890155112377335
1286311379313098752,1784447067000-632578958264631296-1286311379313098752,1784447067000,1784448355000,1,4.064,2.488,1.6334405144694535
1536014681523617792,1784457566000-632578958264631296-1536014681523617792,1784457566000,1784458769000,1,4.064,2.818,1.4421575585521647
1268615353760481280,1784478016000-632578958264631296-1268615353760481280,1784478016000,1784478375000,1,4.045,1.823,2.2188699945145367
1067763772824748032,1784446354000-632578958264631296-1067763772824748032,1784446354000,1784447123000,1,4.027,1.911,2.10727367870225
1136692610564358144,1784478099000-632578958264631296-1136692610564358144,1784478099000,1784479445000,1,4.025,1.819,2.212754260582738
1083727448777949184,1784441473000-632578958264631296-1083727448777949184,1784441473000,1784442730000,1,4.024,1.711,2.351841028638223
873109579045535744,1784470673000-632578958264631296-873109579045535744,1784470673000,1784471194000,1,4.021,1.128,3.564716312056738
870568761881526272,1784430130000-632578958264631296-870568761881526272,1784430130000,1784431291000,1,4.001,2.481,1.6126561870213625
792451146961649664,1784463200000-632578958264631296-792451146961649664,1784463200000,1784463751000,1,3.969,1.697,2.338833235120801
1083728677599969280,1784441471000-632578958264631296-1083728677599969280,1784441471000,1784442705000,1,3.968,1.493,2.6577361018084393
946035487334727680,1784444547000-632578958264631296-946035487334727680,1784444547000,1784445198000,1,3.908,0.81,4.824691358024691
1065671842468986880,1784434284000-632578958264631296-1065671842468986880,1784434284000,1784434893000,1,3.9,1.131,3.4482758620689653
1067775916656033792,1784447162000-632578958264631296-1067775916656033792,1784447162000,1784447507000,1,3.9,0.941,4.1445270988310305
862693652038680576,1784433570000-632578958264631296-862693652038680576,1784433570000,1784433986000,1,3.9,1.587,2.4574669187145557
1067775916656033792,1784456002000-632578958264631296-1067775916656033792,1784456002000,1784456418000,1,3.897,1.238,3.1478190630048464
1385588909638942720,1784442896000-632578958264631296-1385588909638942720,1784442896000,1784443687000,1,3.871,3.722,1.0400322407307898
943859348893859840,1784469594000-632578958264631296-943859348893859840,1784469594000,1784470626000,1,3.867,1.061,3.644674835061263
1389244082743672832,1784432062000-632578958264631296-1389244082743672832,1784432062000,1784432763000,1,3.843,1.801,2.1338145474736256
1536014737035231232,1784458352000-632578958264631296-1536014737035231232,1784458352000,1784458994000,1,3.843,0.936,4.105769230769231
1093087738300727296,1784464562000-632578958264631296-1093087738300727296,1784464562000,1784465291000,1,3.84,2.076,1.8497109826589595
780109531760820224,1784437657000-632578958264631296-780109531760820224,1784437657000,1784438142000,1,3.821,1.293,2.955143078112916
1083729116835872768,1784447461000-632578958264631296-1083729116835872768,1784447461000,1784449590000,1,3.82,4.434,0.8615245827695083
862287863801184256,1784427222000-632578958264631296-862287863801184256,1784427222000,1784428544000,1,3.814,1.364,2.796187683284457
946029440482148352,1784439359000-632578958264631296-946029440482148352,1784439359000,1784440038000,1,3.811,1.278,2.9820031298904537
797458881650360320,1784458234000-632578958264631296-797458881650360320,1784458234000,1784459099000,1,3.805,1.106,3.4403254972875223
1067775916656033792,1784459452000-632578958264631296-1067775916656033792,1784459452000,1784459806000,1,3.789,1.287,2.944055944055944
1083726988146900992,1784428960000-632578958264631296-1083726988146900992,1784428960000,1784429542000,1,3.768,1.159,3.251078515962036
942723675356921856,1784445304000-632578958264631296-942723675356921856,1784445304000,1784446152000,1,3.765,2.59,1.4536679536679538
1385588705250508800,1784453020000-632578958264631296-1385588705250508800,1784453020000,1784453927000,1,3.756,1.094,3.4332723948811696
1046837731746906112,1784451996000-632578958264631296-1046837731746906112,1784451996000,1784452538000,1,3.736,1.045,3.575119617224881
947092625956012032,1784437776000-632578958264631296-947092625956012032,1784437776000,1784439287000,1,3.734,1.021,3.657198824681685
1064550465066237952,1784475964000-632578958264631296-1064550465066237952,1784475964000,1784476532000,1,3.714,1.516,2.449868073878628
1488129049464143872,1784443210000-632578958264631296-1488129049464143872,1784443210000,1784444179000,1,3.709,2.215,1.6744920993227992
866648789010612224,1784461458000-632578958264631296-866648789010612224,1784461458000,1784461890000,1,3.699,0.758,4.879947229551451
1064494636166283264,1784468848000-632578958264631296-1064494636166283264,1784468848000,1784469360000,1,3.664,1.568,2.336734693877551
1067763722711203840,1784460838000-632578958264631296-1067763722711203840,1784460838000,1784461377000,1,3.656,1.502,2.4340878828229027
1488129049464143872,1784455505000-632578958264631296-1488129049464143872,1784455505000,1784455919000,1,3.651,1.802,2.0260821309655936
951563481520275456,1784451604000-632578958264631296-951563481520275456,1784451604000,1784452125000,1,3.651,1.143,3.1942257217847767
1135631306680434688,1784460923000-632578958264631296-1135631306680434688,1784460923000,1784462096000,1,3.636,3.073,1.1832085909534658
1471165285556813824,1784436272000-632578958264631296-1471165285556813824,1784436272000,1784436606000,1,3.625,1.599,2.2670419011882426
1385588586753032192,1784452941000-632578958264631296-1385588586753032192,1784452941000,1784453644000,1,3.617,0.966,3.7443064182194616
1083727852433571840,1784472832000-632578958264631296-1083727852433571840,1784472832000,1784473620000,1,3.612,1.221,2.958230958230958
1082330521322651648,1784422622000-632578958264631296-1082330521322651648,1784422622000,1784424274000,1,3.602,2.034,1.7708947885939037
925753337108758528,1784424599000-632578958264631296-925753337108758528,1784424599000,1784425066000,1,3.602,0.949,3.7955742887249735
952162532812914688,1784437368000-632578958264631296-952162532812914688,1784437368000,1784438095000,1,3.575,1.859,1.9230769230769231
1131239476161413120,1784446176000-632578958264631296-1131239476161413120,1784446176000,1784446878000,1,3.571,1.871,1.9086050240513095
1138782810882965504,1784453199000-632578958264631296-1138782810882965504,1784453199000,1784453729000,1,3.555,1.75,2.0314285714285716
1298646515224412160,1784481382000-632578958264631296-1298646515224412160,1784481382000,1784482119000,1,3.549,1.546,2.295601552393273
946035487334727680,1784458681000-632578958264631296-946035487334727680,1784458681000,1784458970000,1,3.546,0.736,4.817934782608695
1504876024033181696,1784467465000-632578958264631296-1504876024033181696,1784467465000,1784468622000,1,3.544,2.73,1.2981684981684982
873897783357079552,1784450569000-632578958264631296-873897783357079552,1784450569000,1784451431000,1,3.502,1.389,2.521238300935925
1079095522620342272,1784436433000-632578958264631296-1079095522620342272,1784436433000,1784437440000,1,3.5,1.297,2.6985350809560527
1462138214197231616,1784453678000-632578958264631296-1462138214197231616,1784453678000,1784454293000,1,3.5,1.638,2.1367521367521367
1536014603211767808,1784473689000-632578958264631296-1536014603211767808,1784473689000,1784474205000,1,3.478,1.622,2.1442663378545004
878252193440858112,1784471683000-632578958264631296-878252193440858112,1784471683000,1784472219000,1,3.469,1.192,2.910234899328859
928334310946111488,1784456136000-632578958264631296-928334310946111488,1784456136000,1784456635000,1,3.448,1.104,3.123188405797101
926578486859005952,1784428081000-632578958264631296-926578486859005952,1784428081000,1784429785000,1,3.446,1.88,1.8329787234042556
1120316662394912768,1784442747000-632578958264631296-1120316662394912768,1784442747000,1784443349000,1,3.445,0.735,4.687074829931973
1173302979768352768,1784441379000-632578958264631296-1173302979768352768,1784441379000,1784441854000,1,3.442,1.395,2.467383512544803
1389244082743672832,1784460471000-632578958264631296-1389244082743672832,1784460471000,1784460889000,1,3.433,2.136,1.6072097378277153
1093476797997121536,1784446865000-632578958264631296-1093476797997121536,1784446865000,1784447405000,1,3.43,1.471,2.3317471108089736
1500136074981146624,1784454918000-632578958264631296-1500136074981146624,1784454918000,1784455307000,1,3.429,0.897,3.822742474916388
874363612666265600,1784452025000-632578958264631296-874363612666265600,1784452025000,1784452826000,1,3.417,0.964,3.5446058091286305
938442824968306688,1784428378000-632578958264631296-938442824968306688,1784428378000,1784430131000,1,3.412,3.089,1.1045645840077696
1449735637144961024,1784504718000-632578958264631296-1449735637144961024,1784504718000,1784505540000,1,3.403,1.075,3.165581395348837
1286311379313098752,1784451343000-632578958264631296-1286311379313098752,1784451343000,1784452123000,1,3.392,2.625,1.2921904761904761
1536014660929585152,1784475674000-632578958264631296-1536014660929585152,1784475674000,1784476164000,1,3.372,1.378,2.447024673439768
1536014625517076480,1784464413000-632578958264631296-1536014625517076480,1784464413000,1784465574000,1,3.371,2.16,1.560648148148148
947092625956012032,1784439361000-632578958264631296-947092625956012032,1784439361000,1784440215000,1,3.364,0.829,4.057901085645356
1286311379313098752,1784481441000-632578958264631296-1286311379313098752,1784481441000,1784482555000,1,3.359,1.557,2.157353885677585
947102733284933632,1784469117000-632578958264631296-947102733284933632,1784469117000,1784469741000,1,3.358,1.559,2.1539448364336113
939140294748667904,1784435281000-632578958264631296-939140294748667904,1784435281000,1784435844000,1,3.349,1.182,2.8333333333333335
1175796546902425600,1784474470000-632578958264631296-1175796546902425600,1784474470000,1784475052000,1,3.348,0.928,3.607758620689655
947092625956012032,1784423308000-632578958264631296-947092625956012032,1784423308000,1784424194000,1,3.346,1.264,2.6471518987341773
1049341310072258560,1784451372000-632578958264631296-1049341310072258560,1784451372000,1784451953000,1,3.344,0.74,4.518918918918919
1138782810882965504,1784449221000-632578958264631296-1138782810882965504,1784449221000,1784450300000,1,3.338,2.601,1.283352556708958
1268615353760481280,1784475515000-632578958264631296-1268615353760481280,1784475515000,1784475801000,1,3.321,1.248,2.6610576923076925
1083726561296777216,1784475718000-632578958264631296-1083726561296777216,1784475718000,1784476327000,1,3.313,1.746,1.8974799541809853
1067765189559975936,1784475887000-632578958264631296-1067765189559975936,1784475887000,1784476282000,1,3.308,1.507,2.1950895819508958
1049976646406242304,1784502669000-632578958264631296-1049976646406242304,1784502669000,1784503308000,1,3.299,2.015,1.6372208436724565
965194336809517056,1784434374000-632578958264631296-965194336809517056,1784434374000,1784434924000,1,3.297,1.157,2.8496110630942093
1536014517601828864,1784502698000-632578958264631296-1536014517601828864,1784502698000,1784503347000,1,3.296,1.983,1.6621280887544123
1537822792169291776,1784502679000-632578958264631296-1537822792169291776,1784502679000,1784503381000,1,3.286,2.027,1.6211149481993092
1536397466075660288,1784469967000-632578958264631296-1536397466075660288,1784469967000,1784472000000,1,3.278,1.869,1.7538790797217765
925753337108758528,1784420117000-632578958264631296-925753337108758528,1784420117000,1784420584000,1,3.271,1.49,2.1953020134228187
970288452387995648,1784422288000-632578958264631296-970288452387995648,1784422288000,1784422906000,1,3.241,1.57,2.064331210191083
947581389623001088,1784455758000-632578958264631296-947581389623001088,1784455758000,1784456446000,1,3.228,1.017,3.1740412979351036
1462138214197231616,1784469532000-632578958264631296-1462138214197231616,1784469532000,1784470610000,1,3.211,1.399,2.2952108649035026
1268615353760481280,1784475861000-632578958264631296-1268615353760481280,1784475861000,1784476134000,1,3.208,1.439,2.2293259207783183
939547018001383424,1784449902000-632578958264631296-939547018001383424,1784449902000,1784450730000,1,3.193,2.377,1.3432898611695416
1083726789898928128,1784448819000-632578958264631296-1083726789898928128,1784448819000,1784449604000,1,3.186,1.536,2.07421875
1061350711461150720,1784435085000-632578958264631296-1061350711461150720,1784435085000,1784436329000,1,3.16,1.163,2.717110920034394
1170761528379441152,1784446412000-632578958264631296-1170761528379441152,1784446412000,1784447383000,1,3.142,0.997,3.1514543630892677
970288452387995648,1784474646000-632578958264631296-970288452387995648,1784474646000,1784475865000,1,3.137,1.246,2.5176565008025684
946032113314955264,1784435874000-632578958264631296-946032113314955264,1784435874000,1784436889000,1,3.115,0.714,4.362745098039216
1545824482457812992,1784461669000-632578958264631296-1545824482457812992,1784461669000,1784462270000,1,3.082,2.306,1.3365134431916739
908732861828300800,1784439086000-632578958264631296-908732861828300800,1784439086000,1784442222000,1,3.06,2.297,1.3321723987810186
942723675356921856,1784446863000-632578958264631296-942723675356921856,1784446863000,1784447421000,1,3.042,1.716,1.7727272727272727
1476549765217910784,1784458905000-632578958264631296-1476549765217910784,1784458905000,1784459291000,1,3.036,1.467,2.069529652351738
800361869549240320,1784463771000-632578958264631296-800361869549240320,1784463771000,1784465382000,1,3.033,1.99,1.5241206030150753
1479440816106635264,1784426254000-632578958264631296-1479440816106635264,1784426254000,1784426960000,1,3.03,1.792,1.6908482142857142
1144224275478085632,1784423921000-632578958264631296-1144224275478085632,1784423921000,1784424367000,1,3.016,0.664,4.542168674698795
1428064485414797312,1784444738000-632578958264631296-1428064485414797312,1784444738000,1784445671000,1,2.996,1.071,2.797385620915033
1389243594644127744,1784451131000-632578958264631296-1389243594644127744,1784451131000,1784451584000,1,2.962,2.142,1.3828197945845007
1464628801508999168,1784444525000-632578958264631296-1464628801508999168,1784444525000,1784444877000,1,2.945,0.699,4.213161659513591
818154714091749376,1784429199000-632578958264631296-818154714091749376,1784429199000,1784430018000,1,2.943,1.086,2.709944751381215
1176582767303983104,1784452209000-632578958264631296-1176582767303983104,1784452209000,1784453546000,1,2.938,1.728,1.7002314814814816
1464286463544786944,1784479540000-632578958264631296-1464286463544786944,1784479540000,1784480853000,1,2.927,1.508,1.9409814323607428
1268615353760481280,1784475280000-632578958264631296-1268615353760481280,1784475280000,1784475504000,1,2.909,0.607,4.792421746293245
1083728870357598208,1784451959000-632578958264631296-1083728870357598208,1784451959000,1784453830000,1,2.893,2.239,1.292094685127289
1082330521322651648,1784466461000-632578958264631296-1082330521322651648,1784466461000,1784467796000,1,2.879,2.016,1.4280753968253967
1449735637144961024,1784445027000-632578958264631296-1449735637144961024,1784445027000,1784445579000,1,2.879,0.834,3.4520383693045567
947092625956012032,1784421513000-632578958264631296-947092625956012032,1784421513000,1784422788000,1,2.875,0.763,3.768020969855832
943818921138454528,1784467050000-632578958264631296-943818921138454528,1784467050000,1784468484000,1,2.874,1.0,2.874
1464283595349688320,1784477733000-632578958264631296-1464283595349688320,1784477733000,1784478139000,1,2.872,0.769,3.734720416124837
1489984398731247616,1784426526000-632578958264631296-1489984398731247616,1784426526000,1784426945000,1,2.864,0.62,4.619354838709677
869903934959910912,1784481415000-632578958264631296-869903934959910912,1784481415000,1784482044000,1,2.845,1.446,1.967496542185339
791672232936996864,1784446214000-632578958264631296-791672232936996864,1784446214000,1784446611000,1,2.84,1.086,2.615101289134438
1422205425331208192,1784436649000-632578958264631296-1422205425331208192,1784436649000,1784438242000,1,2.838,1.126,2.5204262877442276
780109531760820224,1784456449000-632578958264631296-780109531760820224,1784456449000,1784457035000,1,2.835,1.354,2.0937961595273262
1535695002116554752,1784463076000-632578958264631296-1535695002116554752,1784463076000,1784464207000,1,2.823,1.072,2.6333955223880596
1070334753032372224,1784428226000-632578958264631296-1070334753032372224,1784428226000,1784429352000,1,2.812,1.73,1.6254335260115607
1385588586753032192,1784433064000-632578958264631296-1385588586753032192,1784433064000,1784433844000,1,2.809,0.952,2.9506302521008405
1464628801508999168,1784424076000-632578958264631296-1464628801508999168,1784424076000,1784424688000,1,2.806,0.631,4.446909667194928
797458881650360320,1784464793000-632578958264631296-797458881650360320,1784464793000,1784465458000,1,2.798,0.894,3.1297539149888145
786246735176400896,1784446341000-632578958264631296-786246735176400896,1784446341000,1784446724000,1,2.77,1.276,2.170846394984326
942723675356921856,1784443263000-632578958264631296-942723675356921856,1784443263000,1784443825000,1,2.769,1.442,1.9202496532593623
1050035879038418944,1784423871000-632578958264631296-1050035879038418944,1784423871000,1784424359000,1,2.765,2.052,1.3474658869395713
961238953837461504,1784451890000-632578958264631296-961238953837461504,1784451890000,1784452925000,1,2.763,1.414,1.954031117397454
1184409623537385472,1784430507000-632578958264631296-1184409623537385472,1784430507000,1784431857000,1,2.761,1.6,1.725625
947102733284933632,1784454739000-632578958264631296-947102733284933632,1784454739000,1784454946000,1,2.758,0.769,3.586475942782835
873897783357079552,1784431292000-632578958264631296-873897783357079552,1784431292000,1784431731000,1,2.755,0.714,3.858543417366947
1064532839803912192,1784469162000-632578958264631296-1064532839803912192,1784469162000,1784470053000,1,2.754,1.0,2.754
1500491887742550016,1784466899000-632578958264631296-1500491887742550016,1784466899000,1784467328000,1,2.75,1.162,2.366609294320138
947452563299500032,1784441471000-632578958264631296-947452563299500032,1784441471000,1784441992000,1,2.749,1.397,1.9677881173944167
1428064485414797312,1784492102000-632578958264631296-1428064485414797312,1784492102000,1784493212000,1,2.745,1.523,1.8023637557452399
1188144161019133952,1784432599000-632578958264631296-1188144161019133952,1784432599000,1784433030000,1,2.744,0.558,4.917562724014337
1050035879038418944,1784424538000-632578958264631296-1050035879038418944,1784424538000,1784424902000,1,2.736,1.13,2.4212389380530976
789852692640956416,1784459727000-632578958264631296-789852692640956416,1784459727000,1784460803000,1,2.732,2.512,1.087579617834395
1046836268442320896,1784429587000-632578958264631296-1046836268442320896,1784429587000,1784430442000,1,2.714,1.797,1.510294936004452
1176180359524515840,1784440601000-632578958264631296-1176180359524515840,1784440601000,1784442606000,1,2.699,3.068,0.8797262059973924
873570129613422592,1784467577000-632578958264631296-873570129613422592,1784467577000,1784467992000,1,2.688,0.866,3.1039260969976907
942471450843938816,1784462404000-632578958264631296-942471450843938816,1784462404000,1784462919000,1,2.674,1.758,1.5210466439135382
965194336809517056,1784454294000-632578958264631296-965194336809517056,1784454294000,1784454995000,1,2.661,1.326,2.006787330316742
939547018001383424,1784424704000-632578958264631296-939547018001383424,1784424704000,1784425891000,1,2.649,1.592,1.6639447236180904
1113518928358801408,1784465918000-632578958264631296-1113518928358801408,1784465918000,1784466502000,1,2.642,0.669,3.949177877428998
790970454885007360,1784438481000-632578958264631296-790970454885007360,1784438481000,1784439036000,1,2.633,1.546,1.703104786545925
1428064485414797312,1784500885000-632578958264631296-1428064485414797312,1784500885000,1784502108000,1,2.616,1.567,1.6694320357370773
1131631502098956288,1784423827000-632578958264631296-1131631502098956288,1784423827000,1784425326000,1,2.614,3.192,0.8189223057644109
947583451614150656,1784446161000-632578958264631296-947583451614150656,1784446161000,1784446376000,1,2.606,0.726,3.5895316804407713
1132636899983228928,1784434136000-632578958264631296-1132636899983228928,1784434136000,1784436069000,1,2.603,3.227,0.8066315463278588
873822835015942144,1784445029000-632578958264631296-873822835015942144,1784445029000,1784445502000,1,2.599,1.268,2.0496845425867507
947104748366987264,1784418406000-632578958264631296-947104748366987264,1784418406000,1784419822000,1,2.597,2.372,1.0948566610455313
1389243774684626944,1784429905000-632578958264631296-1389243774684626944,1784429905000,1784430768000,1,2.596,1.567,1.656668793873644
931939397496995840,1784430637000-632578958264631296-931939397496995840,1784430637000,1784431011000,1,2.591,1.24,2.0895161290322584
939138676678459392,1784430262000-632578958264631296-939138676678459392,1784430262000,1784430655000,1,2.591,1.554,1.6673101673101673
862677558196436992,1784500825000-632578958264631296-862677558196436992,1784500825000,1784502198000,1,2.587,2.123,1.2185586434291098
862677558196436992,1784492712000-632578958264631296-862677558196436992,1784492712000,1784494642000,1,2.581,2.822,0.9145995747696669
1083727333329731584,1784465833000-632578958264631296-1083727333329731584,1784465833000,1784466609000,1,2.569,0.91,2.823076923076923
946035487334727680,1784425612000-632578958264631296-946035487334727680,1784425612000,1784425888000,1,2.568,0.661,3.885022692889561
1396881508228136960,1784466007000-632578958264631296-1396881508228136960,1784466007000,1784466517000,1,2.562,1.543,1.660401814646792
1385305434218299392,1784455116000-632578958264631296-1385305434218299392,1784455116000,1784455584000,1,2.553,0.684,3.7324561403508767
946025328671719424,1784456307000-632578958264631296-946025328671719424,1784456307000,1784458153000,1,2.553,1.489,1.7145735392881127
1536014563953082368,1784428041000-632578958264631296-1536014563953082368,1784428041000,1784429227000,1,2.534,0.75,3.3786666666666663
943819597830684672,1784441086000-632578958264631296-943819597830684672,1784441086000,1784441874000,1,2.528,4.67,0.5413276231263383
1536014603211767808,1784443680000-632578958264631296-1536014603211767808,1784443680000,1784444032000,1,2.511,1.408,1.783380681818182
1536014603211767808,1784445519000-632578958264631296-1536014603211767808,1784445519000,1784445805000,1,2.506,0.996,2.516064257028112
1501934002158698496,1784435456000-632578958264631296-1501934002158698496,1784435456000,1784436582000,1,2.505,1.588,1.5774559193954658
1079795397515280384,1784440789000-632578958264631296-1079795397515280384,1784440789000,1784441144000,1,2.498,0.594,4.205387205387206
1138783076164304896,1784432018000-632578958264631296-1138783076164304896,1784432018000,1784432504000,1,2.483,1.668,1.4886091127098322
1477629515881512960,1784460148000-632578958264631296-1477629515881512960,1784460148000,1784460963000,1,2.482,0.606,4.095709570957096
1362452416535986176,1784440871000-632578958264631296-1362452416535986176,1784440871000,1784442074000,1,2.48,0.849,2.9210836277974086
1536014563953082368,1784430878000-632578958264631296-1536014563953082368,1784430878000,1784431345000,1,2.479,1.521,1.6298487836949378
1067775916656033792,1784426004000-632578958264631296-1067775916656033792,1784426004000,1784426225000,1,2.478,0.799,3.1013767209011265
1389243940330274816,1784474490000-632578958264631296-1389243940330274816,1784474490000,1784475966000,1,2.439,1.803,1.3527454242928454
1083726930487803904,1784461653000-632578958264631296-1083726930487803904,1784461653000,1784462186000,1,2.418,0.58,4.1689655172413795
1268615353760481280,1784476270000-632578958264631296-1268615353760481280,1784476270000,1784476468000,1,2.414,0.76,3.1763157894736844
780109531760820224,1784470907000-632578958264631296-780109531760820224,1784470907000,1784471811000,1,2.411,1.397,1.7258410880458124
848986467664396288,1784471667000-632578958264631296-848986467664396288,1784471667000,1784472273000,1,2.408,1.08,2.2296296296296294
944587945103327232,1784463782000-632578958264631296-944587945103327232,1784463782000,1784464216000,1,2.391,1.229,1.9454841334418225
1083040210243026944,1784436135000-632578958264631296-1083040210243026944,1784436135000,1784436512000,1,2.375,1.202,1.975873544093178
1536014681523617792,1784455837000-632578958264631296-1536014681523617792,1784455837000,1784456693000,1,2.372,1.618,1.4660074165636587
1083728870357598208,1784486120000-632578958264631296-1083728870357598208,1784486120000,1784487590000,1,2.354,2.001,1.1764117941029486
1540361729291059200,1784440687000-632578958264631296-1540361729291059200,1784440687000,1784441183000,1,2.347,1.095,2.14337899543379
1111626569580806144,1784461184000-632578958264631296-1111626569580806144,1784461184000,1784462715000,1,2.341,0.935,2.5037433155080215
1571542304466927616,1784464169000-632578958264631296-1571542304466927616,1784464169000,1784464507000,1,2.334,0.569,4.101933216168717
951558904641224704,1784453296000-632578958264631296-951558904641224704,1784453296000,1784454441000,1,2.334,0.951,2.4542586750788646
1088511709141794816,1784477351000-632578958264631296-1088511709141794816,1784477351000,1784478584000,1,2.331,2.297,1.0148019155420112
1083728047674228736,1784436121000-632578958264631296-1083728047674228736,1784436121000,1784436476000,1,2.316,1.41,1.6425531914893616
1536014702105067520,1784463735000-632578958264631296-1536014702105067520,1784463735000,1784464212000,1,2.303,0.998,2.3076152304609217
1120316268595904512,1784432995000-632578958264631296-1120316268595904512,1784432995000,1784433921000,1,2.298,1.508,1.523872679045093
1396881508228136960,1784446013000-632578958264631296-1396881508228136960,1784446013000,1784446395000,1,2.278,1.033,2.2052274927395934
1176180359524515840,1784457083000-632578958264631296-1176180359524515840,1784457083000,1784457879000,1,2.261,1.551,1.4577691811734366
1001786725204230144,1784436078000-632578958264631296-1001786725204230144,1784436078000,1784436490000,1,2.256,1.104,2.043478260869565
1050037537222950912,1784468056000-632578958264631296-1050037537222950912,1784468056000,1784468762000,1,2.246,1.213,1.8516075845012365
1398705978894974976,1784424089000-632578958264631296-1398705978894974976,1784424089000,1784425085000,1,2.233,1.699,1.3143025309005296
862287863801184256,1784438088000-632578958264631296-862287863801184256,1784438088000,1784438387000,1,2.227,0.492,4.526422764227642
1083726740557135872,1784419478000-632578958264631296-1083726740557135872,1784419478000,1784419782000,1,2.214,0.518,4.274131274131274
862677558196436992,1784456473000-632578958264631296-862677558196436992,1784456473000,1784459111000,1,2.214,3.136,0.7059948979591837
1062738070563979264,1784472257000-632578958264631296-1062738070563979264,1784472257000,1784472671000,1,2.213,0.798,2.773182957393484
1172939590688833536,1784449467000-632578958264631296-1172939590688833536,1784449467000,1784449621000,1,2.198,0.572,3.842657342657343
1093087738300727296,1784463773000-632578958264631296-1093087738300727296,1784463773000,1784464380000,1,2.193,1.194,1.8366834170854274
939547018001383424,1784447099000-632578958264631296-939547018001383424,1784447099000,1784448021000,1,2.179,1.753,1.2430119794637764
927179928254808064,1784434924000-632578958264631296-927179928254808064,1784434924000,1784436439000,1,2.167,0.976,2.2202868852459017
1064494636166283264,1784469462000-632578958264631296-1064494636166283264,1784469462000,1784469883000,1,2.141,1.123,1.906500445235975
1073994678560358400,1784487228000-632578958264631296-1073994678560358400,1784487228000,1784487497000,1,2.133,0.415,5.139759036144579
1067763903368265728,1784454613000-632578958264631296-1067763903368265728,1784454613000,1784455452000,1,2.13,1.598,1.3329161451814766
866686329780436992,1784431444000-632578958264631296-866686329780436992,1784431444000,1784432287000,1,2.128,1.143,1.8617672790901139
1397607641592627200,1784458405000-632578958264631296-1397607641592627200,1784458405000,1784458869000,1,2.122,1.185,1.790717299578059
939140294748667904,1784445842000-632578958264631296-939140294748667904,1784445842000,1784446240000,1,2.116,0.901,2.34850166481687
1268615353760481280,1784477163000-632578958264631296-1268615353760481280,1784477163000,1784477367000,1,2.108,0.436,4.8348623853211015
947102733284933632,1784459046000-632578958264631296-947102733284933632,1784459046000,1784459205000,1,2.105,0.516,4.079457364341085
869903761768710144,1784475927000-632578958264631296-869903761768710144,1784475927000,1784476671000,1,2.101,1.338,1.570254110612855
1065671842468986880,1784432375000-632578958264631296-1065671842468986880,1784432375000,1784433573000,1,2.1,1.605,1.3084112149532712
873822835015942144,1784437074000-632578958264631296-873822835015942144,1784437074000,1784437298000,1,2.097,0.756,2.7738095238095237
1144224275478085632,1784422800000-632578958264631296-1144224275478085632,1784422800000,1784423756000,1,2.095,1.314,1.5943683409436835
1067775916656033792,1784465127000-632578958264631296-1067775916656033792,1784465127000,1784465342000,1,2.089,0.781,2.674775928297055
1536014618822967296,1784430538000-632578958264631296-1536014618822967296,1784430538000,1784431481000,1,2.088,1.719,1.2146596858638743
1476549765217910784,1784431663000-632578958264631296-1476549765217910784,1784431663000,1784431990000,1,2.08,1.01,2.0594059405940595
1545824482457812992,1784463196000-632578958264631296-1545824482457812992,1784463196000,1784463674000,1,2.077,1.032,2.012596899224806
1060872975626010624,1784424373000-632578958264631296-1060872975626010624,1784424373000,1784424609000,1,2.072,0.42,4.933333333333334
1471165285556813824,1784445796000-632578958264631296-1471165285556813824,1784445796000,1784446146000,1,2.06,0.979,2.104187946884576
1500484476822618112,1784435647000-632578958264631296-1500484476822618112,1784435647000,1784436240000,1,2.059,0.794,2.593198992443325
916722872880201728,1784460528000-632578958264631296-916722872880201728,1784460528000,1784461520000,1,2.044,0.71,2.87887323943662
1062738572429230080,1784471758000-632578958264631296-1062738572429230080,1784471758000,1784472481000,1,2.043,0.776,2.6327319587628866
1398705978894974976,1784447345000-632578958264631296-1398705978894974976,1784447345000,1784448426000,1,2.018,0.745,2.708724832214765
1132636899983228928,1784440290000-632578958264631296-1132636899983228928,1784440290000,1784440771000,1,1.995,0.95,2.1
1540361934212169728,1784457688000-632578958264631296-1540361934212169728,1784457688000,1784458813000,1,1.991,1.64,1.2140243902439025
786329294770012160,1784472302000-632578958264631296-786329294770012160,1784472302000,1784472736000,1,1.99,1.184,1.6807432432432434
951558414842986496,1784481728000-632578958264631296-951558414842986496,1784481728000,1784482341000,1,1.973,1.493,1.3215003348961822
1294723291725955072,1784499550000-632578958264631296-1294723291725955072,1784499550000,1784500108000,1,1.971,0.329,5.990881458966565
1545823503347875840,1784443209000-632578958264631296-1545823503347875840,1784443209000,1784444346000,1,1.96,1.147,1.7088055797733217
1536014737035231232,1784454789000-632578958264631296-1536014737035231232,1784454789000,1784455069000,1,1.943,0.557,3.4883303411131057
1131240847388442624,1784440176000-632578958264631296-1131240847388442624,1784440176000,1784440838000,1,1.942,1.533,1.2667971298108285
1093087738300727296,1784441707000-632578958264631296-1093087738300727296,1784441707000,1784442245000,1,1.938,1.241,1.5616438356164382
1482772108667781120,1784475053000-632578958264631296-1482772108667781120,1784475053000,1784475503000,1,1.935,0.957,2.021943573667712
1046837731746906112,1784458977000-632578958264631296-1046837731746906112,1784458977000,1784460246000,1,1.931,0.413,4.675544794188863
942470042409238528,1784481697000-632578958264631296-942470042409238528,1784481697000,1784482259000,1,1.927,0.826,2.3329297820823247
1083727333329731584,1784453653000-632578958264631296-1083727333329731584,1784453653000,1784454525000,1,1.924,0.853,2.2555685814771396
862693652038680576,1784444562000-632578958264631296-862693652038680576,1784444562000,1784444874000,1,1.923,0.862,2.230858468677494
1350071704793120768,1784448705000-632578958264631296-1350071704793120768,1784448705000,1784449418000,1,1.922,0.798,2.408521303258145
951557397191589888,1784474828000-632578958264631296-951557397191589888,1784474828000,1784475371000,1,1.909,0.983,1.9420142421159716
878252193440858112,1784429706000-632578958264631296-878252193440858112,1784429706000,1784430121000,1,1.894,0.575,3.293913043478261
1067775916656033792,1784464845000-632578958264631296-1067775916656033792,1784464845000,1784464989000,1,1.89,0.459,4.117647058823529
878252193440858112,1784471380000-632578958264631296-878252193440858112,1784471380000,1784471621000,1,1.888,0.594,3.1784511784511786
1070334753032372224,1784481460000-632578958264631296-1070334753032372224,1784481460000,1784481791000,1,1.884,0.517,3.6441005802707926
1131240645348818944,1784426558000-632578958264631296-1131240645348818944,1784426558000,1784426834000,1,1.877,0.699,2.6852646638054365
1385589008028925952,1784447382000-632578958264631296-1385589008028925952,1784447382000,1784448277000,1,1.87,1.032,1.812015503875969
1113518928358801408,1784453631000-632578958264631296-1113518928358801408,1784453631000,1784454383000,1,1.865,0.533,3.49906191369606
939547788868321280,1784481101000-632578958264631296-939547788868321280,1784481101000,1784481759000,1,1.862,0.581,3.204819277108434
951558904641224704,1784454580000-632578958264631296-951558904641224704,1784454580000,1784455287000,1,1.862,0.55,3.3854545454545453
1061350711461150720,1784452919000-632578958264631296-1061350711461150720,1784452919000,1784454828000,1,1.855,1.376,1.3481104651162792
1067774958987378688,1784462848000-632578958264631296-1067774958987378688,1784462848000,1784463521000,1,1.85,0.997,1.855566700100301
1067764977248501760,1784448728000-632578958264631296-1067764977248501760,1784448728000,1784449686000,1,1.846,0.968,1.90702479338843
947093103351693312,1784467426000-632578958264631296-947093103351693312,1784467426000,1784468974000,1,1.846,1.098,1.6812386156648451
943856131652976640,1784449040000-632578958264631296-943856131652976640,1784449040000,1784450086000,1,1.845,0.504,3.6607142857142856
866648852977942528,1784478028000-632578958264631296-866648852977942528,1784478028000,1784479317000,1,1.842,1.392,1.3232758620689657
866648852977942528,1784468933000-632578958264631296-866648852977942528,1784468933000,1784469997000,1,1.841,1.567,1.1748564135290365
1064494636166283264,1784467032000-632578958264631296-1064494636166283264,1784467032000,1784467347000,1,1.836,0.946,1.940803382663848
1131239834900234240,1784440402000-632578958264631296-1131239834900234240,1784440402000,1784440782000,1,1.833,1.022,1.793542074363992
961238953837461504,1784443567000-632578958264631296-961238953837461504,1784443567000,1784444494000,1,1.822,1.292,1.410216718266254
818154714091749376,1784424587000-632578958264631296-818154714091749376,1784424587000,1784424991000,1,1.814,0.523,3.4684512428298278
790970454885007360,1784440801000-632578958264631296-790970454885007360,1784440801000,1784441072000,1,1.812,0.508,3.5669291338582676
1362452416535986176,1784472180000-632578958264631296-1362452416535986176,1784472180000,1784473253000,1,1.811,1.121,1.615521855486173
1536014603211767808,1784444680000-632578958264631296-1536014603211767808,1784444680000,1784444963000,1,1.809,0.888,2.0371621621621623
1475452919183572992,1784437665000-632578958264631296-1475452919183572992,1784437665000,1784438043000,1,1.804,0.978,1.8445807770961147
939139369715892224,1784435719000-632578958264631296-939139369715892224,1784435719000,1784436270000,1,1.799,1.054,1.706831119544592
996809766619578368,1784429794000-632578958264631296-996809766619578368,1784429794000,1784430104000,1,1.781,0.675,2.6385185185185183
1127222273418199040,1784419807000-632578958264631296-1127222273418199040,1784419807000,1784420189000,1,1.772,1.016,1.7440944881889764
787687496786903040,1784469172000-632578958264631296-787687496786903040,1784469172000,1784469993000,1,1.771,1.104,1.6041666666666665
939547788868321280,1784468968000-632578958264631296-939547788868321280,1784468968000,1784469613000,1,1.767,0.556,3.178057553956834
869954569466019840,1784457712000-632578958264631296-869954569466019840,1784457712000,1784458491000,1,1.764,0.821,2.148599269183922
1065321017443876864,1784474967000-632578958264631296-1065321017443876864,1784474967000,1784476386000,1,1.757,0.686,2.561224489795918
1545824860603678720,1784429469000-632578958264631296-1545824860603678720,1784429469000,1784430022000,1,1.757,0.626,2.806709265175719
1067775063052255232,1784424763000-632578958264631296-1067775063052255232,1784424763000,1784425299000,1,1.743,1.001,1.7412587412587415
1067765389137543168,1784465002000-632578958264631296-1067765389137543168,1784465002000,1784465488000,1,1.741,0.626,2.781150159744409
1135529735623802880,1784423063000-632578958264631296-1135529735623802880,1784423063000,1784423430000,1,1.729,1.226,1.4102773246329527
1067775916656033792,1784441963000-632578958264631296-1067775916656033792,1784441963000,1784442381000,1,1.725,0.853,2.0222743259085583
943856131652976640,1784448185000-632578958264631296-943856131652976640,1784448185000,1784448959000,1,1.725,0.629,2.742448330683625
961239466377216000,1784472291000-632578958264631296-961239466377216000,1784472291000,1784473147000,1,1.706,0.895,1.906145251396648
1422205634715058176,1784427182000-632578958264631296-1422205634715058176,1784427182000,1784428062000,1,1.701,0.722,2.35595567867036
1385589008028925952,1784429319000-632578958264631296-1385589008028925952,1784429319000,1784430360000,1,1.697,0.58,2.9258620689655177
1111626569580806144,1784455872000-632578958264631296-1111626569580806144,1784455872000,1784457832000,1,1.689,1.216,1.388980263157895
1184409623537385472,1784464741000-632578958264631296-1184409623537385472,1784464741000,1784465369000,1,1.689,0.795,2.124528301886792
1362453820235317248,1784427769000-632578958264631296-1362453820235317248,1784427769000,1784428288000,1,1.685,0.966,1.7443064182194619
787737136659955712,1784437707000-632578958264631296-787737136659955712,1784437707000,1784437831000,1,1.68,0.374,4.491978609625669
883046842797916160,1784483371000-632578958264631296-883046842797916160,1784483371000,1784483915000,1,1.68,1.121,1.4986619090098126
1067774958987378688,1784450282000-632578958264631296-1067774958987378688,1784450282000,1784451517000,1,1.668,0.913,1.826944140197152
1545823503347875840,1784501555000-632578958264631296-1545823503347875840,1784501555000,1784503178000,1,1.66,1.069,1.5528531337698783
878252193440858112,1784470348000-632578958264631296-878252193440858112,1784470348000,1784470483000,1,1.654,0.344,4.808139534883721
961238953837461504,1784440635000-632578958264631296-961238953837461504,1784440635000,1784441745000,1,1.649,0.575,2.867826086956522
866648789010612224,1784472552000-632578958264631296-866648789010612224,1784472552000,1784472879000,1,1.643,0.9,1.8255555555555556
946025328671719424,1784494663000-632578958264631296-946025328671719424,1784494663000,1784495329000,1,1.632,1.073,1.5209692451071761
1001786725204230144,1784467063000-632578958264631296-1001786725204230144,1784467063000,1784467371000,1,1.616,0.6,2.693333333333334
1454186236603269120,1784457603000-632578958264631296-1454186236603269120,1784457603000,1784457891000,1,1.598,0.443,3.6072234762979685
1441118393376702464,1784503988000-632578958264631296-1441118393376702464,1784503988000,1784504911000,1,1.591,1.267,1.2557221783741122
1080454515951403008,1784437682000-632578958264631296-1080454515951403008,1784437682000,1784440429000,1,1.587,1.719,0.9232111692844677
1389243774684626944,1784425457000-632578958264631296-1389243774684626944,1784425457000,1784427895000,1,1.583,2.108,0.7509487666034155
1090633180173565952,1784486810000-632578958264631296-1090633180173565952,1784486810000,1784487689000,1,1.581,1.198,1.3196994991652755
786545248472924160,1784422683000-632578958264631296-786545248472924160,1784422683000,1784423428000,1,1.572,1.229,1.2790886899918632
642055098863718400,1784481112000-632578958264631296-642055098863718400,1784481112000,1784482029000,1,1.559,0.906,1.7207505518763795
1389244302743306240,1784455401000-632578958264631296-1389244302743306240,1784455401000,1784456362000,1,1.552,0.486,3.1934156378600824
1268614873160351744,1784466645000-632578958264631296-1268614873160351744,1784466645000,1784466833000,1,1.547,0.31,4.990322580645161
1181299462874595328,1784448746000-632578958264631296-1181299462874595328,1784448746000,1784449124000,1,1.544,0.358,4.312849162011173
1396880990281924608,1784427818000-632578958264631296-1396880990281924608,1784427818000,1784428110000,1,1.541,0.564,2.7322695035460995
786246735176400896,1784480186000-632578958264631296-786246735176400896,1784480186000,1784480305000,1,1.533,0.649,2.3620955315870567
1083727289243402240,1784453075000-632578958264631296-1083727289243402240,1784453075000,1784454255000,1,1.532,1.482,1.0337381916329285
1161991673035620352,1784468742000-632578958264631296-1161991673035620352,1784468742000,1784469923000,1,1.527,1.458,1.0473251028806585
1462138214197231616,1784439626000-632578958264631296-1462138214197231616,1784439626000,1784439901000,1,1.508,0.617,2.4440842787682335
797458881650360320,1784460759000-632578958264631296-797458881650360320,1784460759000,1784460930000,1,1.506,0.293,5.139931740614335
780067386190462976,1784480997000-632578958264631296-780067386190462976,1784480997000,1784482284000,1,1.497,1.109,1.3498647430117223
947102733284933632,1784421339000-632578958264631296-947102733284933632,1784421339000,1784421450000,1,1.486,0.344,4.319767441860465
1536014681523617792,1784459069000-632578958264631296-1536014681523617792,1784459069000,1784459391000,1,1.482,0.957,1.54858934169279
1362452416535986176,1784466382000-632578958264631296-1362452416535986176,1784466382000,1784466705000,1,1.48,0.642,2.305295950155763
1067793936933715968,1784459045000-632578958264631296-1067793936933715968,1784459045000,1784459361000,1,1.477,0.872,1.6938073394495414
1536397466075660288,1784457300000-632578958264631296-1536397466075660288,1784457300000,1784457942000,1,1.473,0.468,3.1474358974358974
873201356771426304,1784469541000-632578958264631296-873201356771426304,1784469541000,1784470678000,1,1.472,0.686,2.145772594752186
1131239834900234240,1784434969000-632578958264631296-1131239834900234240,1784434969000,1784435585000,1,1.468,1.111,1.3213321332133212
1050036721544069120,1784458067000-632578958264631296-1050036721544069120,1784458067000,1784459319000,1,1.448,1.742,0.8312284730195177
946030376206204928,1784438170000-632578958264631296-946030376206204928,1784438170000,1784438823000,1,1.443,0.47,3.070212765957447
1294723291725955072,1784453035000-632578958264631296-1294723291725955072,1784453035000,1784454133000,1,1.437,0.852,1.6866197183098592
1049341310072258560,1784440169000-632578958264631296-1049341310072258560,1784440169000,1784441452000,1,1.433,1.262,1.135499207606973
1050035879038418944,1784441929000-632578958264631296-1050035879038418944,1784441929000,1784442852000,1,1.423,1.534,0.9276401564537158
947583451614150656,1784449434000-632578958264631296-947583451614150656,1784449434000,1784449804000,1,1.417,0.311,4.556270096463023
938817698895233024,1784438102000-632578958264631296-938817698895233024,1784438102000,1784438655000,1,1.416,0.476,2.9747899159663866
912747932862644224,1784427634000-632578958264631296-912747932862644224,1784427634000,1784427937000,1,1.415,0.759,1.8642951251646904
1389243940330274816,1784470958000-632578958264631296-1389243940330274816,1784470958000,1784472662000,1,1.414,1.193,1.185247275775356
944590866851299328,1784468862000-632578958264631296-944590866851299328,1784468862000,1784469186000,1,1.414,1.015,1.3931034482758622
1073277847704961024,1784459553000-632578958264631296-1073277847704961024,1784459553000,1784461483000,1,1.411,0.675,2.0903703703703704
1135541524696662016,1784440956000-632578958264631296-1135541524696662016,1784440956000,1784441312000,1,1.396,0.527,2.6489563567362424
1175796546902425600,1784437698000-632578958264631296-1175796546902425600,1784437698000,1784438276000,1,1.393,0.802,1.7369077306733167
1067771070980816896,1784440948000-632578958264631296-1067771070980816896,1784440948000,1784441283000,1,1.372,0.45,3.048888888888889
940981890892955648,1784456420000-632578958264631296-940981890892955648,1784456420000,1784457908000,1,1.371,0.662,2.0709969788519635
942470042409238528,1784469242000-632578958264631296-942470042409238528,1784469242000,1784470743000,1,1.367,0.994,1.375251509054326
780452749606125568,1784432520000-632578958264631296-780452749606125568,1784432520000,1784432905000,1,1.359,0.697,1.9497847919655669
1132635162635403264,1784444591000-632578958264631296-1132635162635403264,1784444591000,1784445145000,1,1.353,0.709,1.908321579689704
1083726740557135872,1784462990000-632578958264631296-1083726740557135872,1784462990000,1784463838000,1,1.351,1.032,1.3091085271317828
1061350711461150720,1784456884000-632578958264631296-1061350711461150720,1784456884000,1784457530000,1,1.348,0.897,1.5027870680044593
1187402009754468352,1784427002000-632578958264631296-1187402009754468352,1784427002000,1784428030000,1,1.344,0.936,1.435897435897436
946025328671719424,1784485035000-632578958264631296-946025328671719424,1784485035000,1784485590000,1,1.336,0.887,1.5062006764374296
951882940915122176,1784455849000-632578958264631296-951882940915122176,1784455849000,1784456188000,1,1.334,0.717,1.8605299860529987
1111626569580806144,1784481102000-632578958264631296-1111626569580806144,1784481102000,1784482988000,1,1.33,1.751,0.759565962307253
1131240847388442624,1784435002000-632578958264631296-1131240847388442624,1784435002000,1784435358000,1,1.328,1.124,1.1814946619217082
1083727289243402240,1784499930000-632578958264631296-1083727289243402240,1784499930000,1784501247000,1,1.325,1.67,0.7934131736526946
1083727289243402240,1784442516000-632578958264631296-1083727289243402240,1784442516000,1784443127000,1,1.324,1.118,1.184257602862254
1385305128772304896,1784421688000-632578958264631296-1385305128772304896,1784421688000,1784422242000,1,1.324,0.762,1.7375328083989503
1157003119578578944,1784437464000-632578958264631296-1157003119578578944,1784437464000,1784437666000,1,1.321,0.245,5.391836734693878
1540361934212169728,1784453186000-632578958264631296-1540361934212169728,1784453186000,1784453370000,1,1.312,0.714,1.8375350140056024
883046842797916160,1784456236000-632578958264631296-883046842797916160,1784456236000,1784457194000,1,1.306,0.953,1.3704092339979015
939140658449350656,1784445048000-632578958264631296-939140658449350656,1784445048000,1784445162000,1,1.303,0.63,2.068253968253968
1050441880044568576,1784503339000-632578958264631296-1050441880044568576,1784503339000,1784504671000,1,1.3,1.698,0.7656065959952886
951558414842986496,1784467847000-632578958264631296-951558414842986496,1784467847000,1784468375000,1,1.3,1.47,0.8843537414965987
1363836271826305024,1784453006000-632578958264631296-1363836271826305024,1784453006000,1784454177000,1,1.292,1.107,1.1671183378500452
946033927888306176,1784457690000-632578958264631296-946033927888306176,1784457690000,1784458352000,1,1.292,0.476,2.7142857142857144
1536014603211767808,1784433213000-632578958264631296-1536014603211767808,1784433213000,1784433540000,1,1.283,1.461,0.8781656399726214
946025328671719424,1784458907000-632578958264631296-946025328671719424,1784458907000,1784459553000,1,1.279,0.469,2.7270788912579955
961239466377216000,1784426315000-632578958264631296-961239466377216000,1784426315000,1784427277000,1,1.267,0.77,1.6454545454545453
970288452387995648,1784425174000-632578958264631296-970288452387995648,1784425174000,1784425368000,1,1.264,0.621,2.035426731078905
944587945103327232,1784462610000-632578958264631296-944587945103327232,1784462610000,1784463577000,1,1.261,0.811,1.5548705302096175
1184409623537385472,1784434325000-632578958264631296-1184409623537385472,1784434325000,1784434624000,1,1.259,0.555,2.268468468468468
1536014674678513664,1784420217000-632578958264631296-1536014674678513664,1784420217000,1784421180000,1,1.256,1.197,1.0492898913951545
1083728870357598208,1784472722000-632578958264631296-1083728870357598208,1784472722000,1784473258000,1,1.254,0.794,1.579345088161209
1120316481867874304,1784463572000-632578958264631296-1120316481867874304,1784463572000,1784464438000,1,1.251,0.912,1.3717105263157894
996808469547843584,1784459338000-632578958264631296-996808469547843584,1784459338000,1784460012000,1,1.242,0.242,5.132231404958678
1132635162635403264,1784449114000-632578958264631296-1132635162635403264,1784449114000,1784449650000,1,1.239,0.632,1.9604430379746838
1486725792942522368,1784432729000-632578958264631296-1486725792942522368,1784432729000,1784433150000,1,1.238,0.221,5.601809954751131
951557843473924096,1784445292000-632578958264631296-951557843473924096,1784445292000,1784445745000,1,1.237,0.726,1.703856749311295
1536014688339361792,1784442941000-632578958264631296-1536014688339361792,1784442941000,1784444021000,1,1.234,0.931,1.325456498388829
1067775916656033792,1784458989000-632578958264631296-1067775916656033792,1784458989000,1784459209000,1,1.232,0.299,4.120401337792642
1050036721544069120,1784445437000-632578958264631296-1050036721544069120,1784445437000,1784446153000,1,1.229,0.922,1.3329718004338396
939138676678459392,1784424423000-632578958264631296-939138676678459392,1784424423000,1784424689000,1,1.229,0.707,1.7383309759547385
1471148657502846976,1784441103000-632578958264631296-1471148657502846976,1784441103000,1784441790000,1,1.227,0.712,1.7233146067415732
1132637029964709888,1784464887000-632578958264631296-1132637029964709888,1784464887000,1784465071000,1,1.223,0.527,2.3206831119544593
1500484476822618112,1784434072000-632578958264631296-1500484476822618112,1784434072000,1784434759000,1,1.221,0.588,2.0765306122448983
1504876024033181696,1784438954000-632578958264631296-1504876024033181696,1784438954000,1784440234000,1,1.221,1.603,0.7616968184653775
1079026604165824512,1784448241000-632578958264631296-1079026604165824512,1784448241000,1784448549000,1,1.215,0.26,4.673076923076923
1079095785133441024,1784458580000-632578958264631296-1079095785133441024,1784458580000,1784459214000,1,1.207,0.812,1.4864532019704433
869954569466019840,1784424465000-632578958264631296-869954569466019840,1784424465000,1784424837000,1,1.199,0.713,1.6816269284712484
1046443546271285248,1784422644000-632578958264631296-1046443546271285248,1784422644000,1784423016000,1,1.198,1.158,1.0345423143350605
1396881703661731840,1784474651000-632578958264631296-1396881703661731840,1784474651000,1784476638000,1,1.196,1.115,1.072645739910314
1050035879038418944,1784443050000-632578958264631296-1050035879038418944,1784443050000,1784443743000,1,1.187,0.82,1.4475609756097563
1184409623537385472,1784433234000-632578958264631296-1184409623537385472,1784433234000,1784433546000,1,1.185,0.302,3.9238410596026494
1082303861131051008,1784465327000-632578958264631296-1082303861131051008,1784465327000,1784466213000,1,1.177,1.337,0.8803290949887809
1389244302743306240,1784451542000-632578958264631296-1389244302743306240,1784451542000,1784453156000,1,1.168,1.044,1.1187739463601531
878252193440858112,1784472853000-632578958264631296-878252193440858112,1784472853000,1784472961000,1,1.159,0.26,4.457692307692308
952162532812914688,1784439072000-632578958264631296-952162532812914688,1784439072000,1784440118000,1,1.156,1.361,0.8493754592211609
635414442816888832,1784420105000-632578958264631296-635414442816888832,1784420105000,1784420298000,1,1.15,0.497,2.3138832997987926
943818542875148288,1784431328000-632578958264631296-943818542875148288,1784431328000,1784432698000,1,1.15,0.898,1.2806236080178173
1067764977248501760,1784443172000-632578958264631296-1067764977248501760,1784443172000,1784444952000,1,1.146,1.607,0.7131300560049781
1350071704793120768,1784433628000-632578958264631296-1350071704793120768,1784433628000,1784434276000,1,1.143,0.561,2.0374331550802136
947102733284933632,1784459560000-632578958264631296-947102733284933632,1784459560000,1784459843000,1,1.142,0.62,1.8419354838709676
951558904641224704,1784431826000-632578958264631296-951558904641224704,1784431826000,1784432927000,1,1.141,0.986,1.1572008113590264
1286311379313098752,1784438083000-632578958264631296-1286311379313098752,1784438083000,1784440047000,1,1.13,0.941,1.2008501594048884
1406586435233906688,1784423159000-632578958264631296-1406586435233906688,1784423159000,1784425430000,1,1.127,1.56,0.7224358974358974
1131240847388442624,1784434157000-632578958264631296-1131240847388442624,1784434157000,1784434780000,1,1.12,1.04,1.076923076923077
1525526061327056896,1784426059000-632578958264631296-1525526061327056896,1784426059000,1784426638000,1,1.12,0.668,1.6766467065868265
1536014505966829568,1784431725000-632578958264631296-1536014505966829568,1784431725000,1784432468000,1,1.118,1.153,0.9696444058976583
1406228892573761536,1784452046000-632578958264631296-1406228892573761536,1784452046000,1784452490000,1,1.107,0.585,1.8923076923076925
1441118393376702464,1784503084000-632578958264631296-1441118393376702464,1784503084000,1784503699000,1,1.104,0.966,1.142857142857143
1396881232180019200,1784435581000-632578958264631296-1396881232180019200,1784435581000,1784437347000,1,1.102,1.108,0.9945848375451264
1076104369969037312,1784433497000-632578958264631296-1076104369969037312,1784433497000,1784434248000,1,1.101,1.259,0.87450357426529
786545248472924160,1784425356000-632578958264631296-786545248472924160,1784425356000,1784427669000,1,1.099,2.112,0.5203598484848484
1070334753032372224,1784438020000-632578958264631296-1070334753032372224,1784438020000,1784438310000,1,1.094,0.745,1.4684563758389262
1545824482457812992,1784459713000-632578958264631296-1545824482457812992,1784459713000,1784459962000,1,1.094,0.764,1.431937172774869
1111626569580806144,1784486212000-632578958264631296-1111626569580806144,1784486212000,1784486855000,1,1.087,0.78,1.3935897435897435
780109531760820224,1784473591000-632578958264631296-780109531760820224,1784473591000,1784474076000,1,1.085,0.81,1.3395061728395061
1076104369969037312,1784450632000-632578958264631296-1076104369969037312,1784450632000,1784451259000,1,1.074,0.774,1.3875968992248062
1385305291104452608,1784466964000-632578958264631296-1385305291104452608,1784466964000,1784467284000,1,1.073,0.408,2.6299019607843137
946025328671719424,1784502726000-632578958264631296-946025328671719424,1784502726000,1784503476000,1,1.073,0.904,1.1869469026548671
873570129613422592,1784485052000-632578958264631296-873570129613422592,1784485052000,1784485574000,1,1.065,0.75,1.42
1045015172411817984,1784458598000-632578958264631296-1045015172411817984,1784458598000,1784459526000,1,1.064,1.298,0.8197226502311248
946025328671719424,1784483466000-632578958264631296-946025328671719424,1784483466000,1784484478000,1,1.062,1.139,0.9323968393327481
961239466377216000,1784464537000-632578958264631296-961239466377216000,1784464537000,1784465148000,1,1.061,0.672,1.5788690476190474
1067776270814674944,1784424525000-632578958264631296-1067776270814674944,1784424525000,1784425147000,1,1.057,1.083,0.9759926131117267
1131239834900234240,1784434465000-632578958264631296-1131239834900234240,1784434465000,1784434918000,1,1.056,0.677,1.5598227474150665
946036270407090176,1784427241000-632578958264631296-946036270407090176,1784427241000,1784427846000,1,1.056,0.476,2.2184873949579833
787737136659955712,1784433176000-632578958264631296-787737136659955712,1784433176000,1784433701000,1,1.054,0.225,4.684444444444445
1389244197004902400,1784475723000-632578958264631296-1389244197004902400,1784475723000,1784476743000,1,1.034,0.672,1.538690476190476
931938734016823296,1784439601000-632578958264631296-931938734016823296,1784439601000,1784440431000,1,1.032,1.162,0.8881239242685026
1479440816106635264,1784424754000-632578958264631296-1479440816106635264,1784424754000,1784425362000,1,1.029,0.77,1.3363636363636362
946035487334727680,1784444449000-632578958264631296-946035487334727680,1784444449000,1784444542000,1,1.026,0.35,2.9314285714285715
1064550465066237952,1784464900000-632578958264631296-1064550465066237952,1784464900000,1784465606000,1,1.022,1.057,0.9668874172185431
1076104369969037312,1784458716000-632578958264631296-1076104369969037312,1784458716000,1784459113000,1,1.02,0.491,2.0773930753564156
1536014603211767808,1784471700000-632578958264631296-1536014603211767808,1784471700000,1784472325000,1,1.017,1.022,0.9951076320939334
1023491297677148160,1784454285000-632578958264631296-1023491297677148160,1784454285000,1784454464000,1,1.013,0.255,3.972549019607843
1484590862305329152,1784454624000-632578958264631296-1484590862305329152,1784454624000,1784454993000,1,1.013,0.404,2.507425742574257
1504876024033181696,1784468901000-632578958264631296-1504876024033181696,1784468901000,1784469397000,1,0.999,0.829,1.2050663449939687
862677558196436992,1784466073000-632578958264631296-862677558196436992,1784466073000,1784466708000,1,0.999,0.712,1.4030898876404494
878252193440858112,1784472264000-632578958264631296-878252193440858112,1784472264000,1784472372000,1,0.998,0.249,4.008032128514056
873897783357079552,1784430453000-632578958264631296-873897783357079552,1784430453000,1784430770000,1,0.994,0.435,2.2850574712643676
1184409623537385472,1784432383000-632578958264631296-1184409623537385472,1784432383000,1784433010000,1,0.988,0.669,1.4768310911808669
1135529735623802880,1784422042000-632578958264631296-1135529735623802880,1784422042000,1784422534000,1,0.987,1.66,0.594578313253012
1362453820235317248,1784426046000-632578958264631296-1362453820235317248,1784426046000,1784426974000,1,0.987,1.075,0.9181395348837209
965194336809517056,1784432463000-632578958264631296-965194336809517056,1784432463000,1784433275000,1,0.984,1.246,0.7897271268057785
940988876032311296,1784444396000-632578958264631296-940988876032311296,1784444396000,1784445057000,1,0.976,0.448,2.1785714285714284
1161991673035620352,1784482982000-632578958264631296-1161991673035620352,1784482982000,1784484461000,1,0.969,1.661,0.5833835039133052
1464253789857906688,1784444332000-632578958264631296-1464253789857906688,1784444332000,1784444585000,1,0.959,0.393,2.4402035623409666
970288452387995648,1784424773000-632578958264631296-970288452387995648,1784424773000,1784424946000,1,0.958,0.679,1.4108983799705448
1083727333329731584,1784445248000-632578958264631296-1083727333329731584,1784445248000,1784446801000,1,0.957,1.637,0.5846059865607819
870275474985582592,1784471929000-632578958264631296-870275474985582592,1784471929000,1784472253000,1,0.957,0.907,1.0551267916207276
970288452387995648,1784424519000-632578958264631296-970288452387995648,1784424519000,1784424679000,1,0.957,0.425,2.251764705882353
1083728870357598208,1784471282000-632578958264631296-1083728870357598208,1784471282000,1784472677000,1,0.956,1.26,0.7587301587301587
866648852977942528,1784459515000-632578958264631296-866648852977942528,1784459515000,1784460059000,1,0.953,0.68,1.401470588235294
1023491297677148160,1784455142000-632578958264631296-1023491297677148160,1784455142000,1784455486000,1,0.95,0.378,2.513227513227513
1536014603211767808,1784422665000-632578958264631296-1536014603211767808,1784422665000,1784422943000,1,0.945,0.589,1.6044142614601018
970288452387995648,1784424954000-632578958264631296-970288452387995648,1784424954000,1784425101000,1,0.944,0.628,1.503184713375796
1067793936933715968,1784458791000-632578958264631296-1067793936933715968,1784458791000,1784458971000,1,0.943,0.562,1.6779359430604979
951882940915122176,1784455584000-632578958264631296-951882940915122176,1784455584000,1784455841000,1,0.942,0.612,1.5392156862745097
1050036568242257920,1784438901000-632578958264631296-1050036568242257920,1784438901000,1784439306000,1,0.941,0.422,2.229857819905213
1385304935976927232,1784454188000-632578958264631296-1385304935976927232,1784454188000,1784454530000,1,0.939,0.327,2.871559633027523
1067763553357791232,1784458969000-632578958264631296-1067763553357791232,1784458969000,1784459359000,1,0.937,0.723,1.2959889349930844
1389244197004902400,1784437568000-632578958264631296-1389244197004902400,1784437568000,1784437951000,1,0.937,0.367,2.553133514986376
1105915143314735104,1784421294000-632578958264631296-1105915143314735104,1784421294000,1784421954000,1,0.935,0.879,1.0637087599544939
1067775916656033792,1784446765000-632578958264631296-1067775916656033792,1784446765000,1784446926000,1,0.932,0.31,3.006451612903226
873822835015942144,1784444554000-632578958264631296-873822835015942144,1784444554000,1784444780000,1,0.926,0.403,2.2977667493796528
1536014647272931328,1784445154000-632578958264631296-1536014647272931328,1784445154000,1784445516000,1,0.924,0.372,2.4838709677419355
1050037336936546304,1784478689000-632578958264631296-1050037336936546304,1784478689000,1784479213000,1,0.923,0.607,1.5205930807248766
1132635162635403264,1784439672000-632578958264631296-1132635162635403264,1784439672000,1784439850000,1,0.922,0.432,2.1342592592592595
944587945103327232,1784447224000-632578958264631296-944587945103327232,1784447224000,1784447511000,1,0.922,0.775,1.1896774193548387
1023491297677148160,1784426666000-632578958264631296-1023491297677148160,1784426666000,1784426906000,1,0.92,0.304,3.0263157894736845
1536014688339361792,1784445584000-632578958264631296-1536014688339361792,1784445584000,1784446341000,1,0.92,0.793,1.1601513240857504
931855689733636096,1784467543000-632578958264631296-931855689733636096,1784467543000,1784467903000,1,0.919,0.571,1.609457092819615
1082303861131051008,1784431310000-632578958264631296-1082303861131051008,1784431310000,1784432483000,1,0.915,1.43,0.6398601398601399
1112389405491855360,1784467584000-632578958264631296-1112389405491855360,1784467584000,1784468144000,1,0.915,0.157,5.828025477707007
961239466377216000,1784425633000-632578958264631296-961239466377216000,1784425633000,1784426133000,1,0.914,0.419,2.181384248210024
869903761768710144,1784439026000-632578958264631296-869903761768710144,1784439026000,1784440182000,1,0.912,1.525,0.598032786885246
961239466377216000,1784423935000-632578958264631296-961239466377216000,1784423935000,1784424997000,1,0.906,0.857,1.0571761960326722
1536014681523617792,1784458783000-632578958264631296-1536014681523617792,1784458783000,1784458974000,1,0.904,0.46,1.9652173913043478
1050781532765028352,1784463082000-632578958264631296-1050781532765028352,1784463082000,1784463727000,1,0.901,0.398,2.2638190954773867
1484590862305329152,1784456527000-632578958264631296-1484590862305329152,1784456527000,1784457419000,1,0.901,0.763,1.18086500655308
939547018001383424,1784437918000-632578958264631296-939547018001383424,1784437918000,1784438994000,1,0.9,1.56,0.5769230769230769
1090633180173565952,1784488396000-632578958264631296-1090633180173565952,1784488396000,1784488953000,1,0.899,0.631,1.4247226624405704
1406228892573761536,1784433754000-632578958264631296-1406228892573761536,1784433754000,1784435092000,1,0.897,1.388,0.6462536023054756
1076923642098483200,1784473566000-632578958264631296-1076923642098483200,1784473566000,1784474875000,1,0.894,1.053,0.8490028490028491
940981890892955648,1784492961000-632578958264631296-940981890892955648,1784492961000,1784494657000,1,0.894,1.069,0.8362956033676333
836966844580495360,1784452143000-632578958264631296-836966844580495360,1784452143000,1784452517000,1,0.888,0.645,1.3767441860465115
1093088075828953088,1784436084000-632578958264631296-1093088075828953088,1784436084000,1784436742000,1,0.881,0.864,1.019675925925926
946025328671719424,1784494152000-632578958264631296-946025328671719424,1784494152000,1784494565000,1,0.88,0.639,1.3771517996870108
1536014505966829568,1784437047000-632578958264631296-1536014505966829568,1784437047000,1784437592000,1,0.879,0.555,1.5837837837837836
929726540265029632,1784491919000-632578958264631296-929726540265029632,1784491919000,1784492643000,1,0.878,0.822,1.0681265206812653
929726540265029632,1784466225000-632578958264631296-929726540265029632,1784466225000,1784467382000,1,0.877,0.764,1.1479057591623036
1045646687990710272,1784447557000-632578958264631296-1045646687990710272,1784447557000,1784448303000,1,0.875,0.68,1.2867647058823528
1286311379313098752,1784441199000-632578958264631296-1286311379313098752,1784441199000,1784445325000,1,0.875,0.824,1.0618932038834952
1071826388769570816,1784454264000-632578958264631296-1071826388769570816,1784454264000,1784454534000,1,0.874,0.499,1.751503006012024
1082330521322651648,1784436489000-632578958264631296-1082330521322651648,1784436489000,1784437462000,1,0.872,1.212,0.7194719471947195
878252193440858112,1784470069000-632578958264631296-878252193440858112,1784470069000,1784470231000,1,0.866,0.226,3.831858407079646
1076104369969037312,1784453957000-632578958264631296-1076104369969037312,1784453957000,1784454399000,1,0.858,0.631,1.3597464342313788
1184409623537385472,1784462680000-632578958264631296-1184409623537385472,1784462680000,1784463389000,1,0.858,0.775,1.1070967741935482
1406228892573761536,1784455689000-632578958264631296-1406228892573761536,1784455689000,1784456133000,1,0.856,0.597,1.4338358458961475
1385305291104452608,1784473872000-632578958264631296-1385305291104452608,1784473872000,1784474160000,1,0.854,0.427,2.0
1067771070980816896,1784443555000-632578958264631296-1067771070980816896,1784443555000,1784443915000,1,0.846,0.316,2.6772151898734178
939138676678459392,1784425289000-632578958264631296-939138676678459392,1784425289000,1784425551000,1,0.84,0.514,1.6342412451361867
1076104369969037312,1784461051000-632578958264631296-1076104369969037312,1784461051000,1784461976000,1,0.839,1.079,0.7775718257645968
1289307004661137408,1784448137000-632578958264631296-1289307004661137408,1784448137000,1784449067000,1,0.838,0.505,1.6594059405940593
931855689733636096,1784431897000-632578958264631296-931855689733636096,1784431897000,1784432452000,1,0.838,0.469,1.7867803837953091
1083727289243402240,1784451590000-632578958264631296-1083727289243402240,1784451590000,1784452188000,1,0.82,0.82,1.0
1569317625765298176,1784450050000-632578958264631296-1569317625765298176,1784450050000,1784451496000,1,0.82,1.602,0.511860174781523
1406228892573761536,1784435241000-632578958264631296-1406228892573761536,1784435241000,1784436186000,1,0.819,0.852,0.9612676056338028
1187402009754468352,1784425548000-632578958264631296-1187402009754468352,1784425548000,1784425811000,1,0.818,0.262,3.1221374045801524
912747932862644224,1784441471000-632578958264631296-912747932862644224,1784441471000,1784441628000,1,0.816,0.182,4.483516483516484
1535700301011484672,1784461895000-632578958264631296-1535700301011484672,1784461895000,1784462378000,1,0.813,0.442,1.839366515837104
1105915143314735104,1784440321000-632578958264631296-1105915143314735104,1784440321000,1784440649000,1,0.805,0.414,1.9444444444444446
1076923642098483200,1784446610000-632578958264631296-1076923642098483200,1784446610000,1784446917000,1,0.804,0.527,1.5256166982922201
1049341310072258560,1784448985000-632578958264631296-1049341310072258560,1784448985000,1784449458000,1,0.796,0.278,2.8633093525179856
1177288436235632640,1784429490000-632578958264631296-1177288436235632640,1784429490000,1784429855000,1,0.796,0.415,1.9180722891566266
1504876024033181696,1784476632000-632578958264631296-1504876024033181696,1784476632000,1784477403000,1,0.796,1.053,0.7559354226020893
1176582767303983104,1784491742000-632578958264631296-1176582767303983104,1784491742000,1784492090000,1,0.794,0.39,2.0358974358974358
862677558196436992,1784439148000-632578958264631296-862677558196436992,1784439148000,1784439885000,1,0.792,0.589,1.3446519524617997
1385304935976927232,1784436345000-632578958264631296-1385304935976927232,1784436345000,1784436789000,1,0.789,0.481,1.6403326403326404
866245373776101376,1784433787000-632578958264631296-866245373776101376,1784433787000,1784434204000,1,0.789,0.757,1.0422721268163806
946025328671719424,1784460373000-632578958264631296-946025328671719424,1784460373000,1784460819000,1,0.788,0.293,2.6894197952218435
1132635162635403264,1784446679000-632578958264631296-1132635162635403264,1784446679000,1784448211000,1,0.784,0.677,1.1580502215657311
1385304935976927232,1784424172000-632578958264631296-1385304935976927232,1784424172000,1784424972000,1,0.782,0.472,1.6567796610169494
1385304935976927232,1784456548000-632578958264631296-1385304935976927232,1784456548000,1784457018000,1,0.774,0.376,2.0585106382978724
939138676678459392,1784427362000-632578958264631296-939138676678459392,1784427362000,1784427583000,1,0.772,0.598,1.2909698996655519
1152269234303139840,1784451418000-632578958264631296-1152269234303139840,1784451418000,1784451792000,1,0.771,0.315,2.447619047619048
1355523374926790656,1784465398000-632578958264631296-1355523374926790656,1784465398000,1784465778000,1,0.769,0.478,1.6087866108786613
1135566388677574656,1784434427000-632578958264631296-1135566388677574656,1784434427000,1784434993000,1,0.767,0.973,0.7882836587872559
1389244302743306240,1784483147000-632578958264631296-1389244302743306240,1784483147000,1784484459000,1,0.767,1.01,0.7594059405940594
1428366867084345344,1784459355000-632578958264631296-1428366867084345344,1784459355000,1784459732000,1,0.767,0.553,1.3869801084990958
1475452919183572992,1784440180000-632578958264631296-1475452919183572992,1784440180000,1784440835000,1,0.767,0.666,1.1516516516516515
1484590862305329152,1784424176000-632578958264631296-1484590862305329152,1784424176000,1784424852000,1,0.766,0.635,1.206299212598425
1152269234303139840,1784451838000-632578958264631296-1152269234303139840,1784451838000,1784452609000,1,0.765,0.473,1.6173361522198733
1428367002015105024,1784465354000-632578958264631296-1428367002015105024,1784465354000,1784465840000,1,0.765,0.537,1.4245810055865922
906488270454521856,1784462055000-632578958264631296-906488270454521856,1784462055000,1784462595000,1,0.765,0.61,1.2540983606557377
943857890790211584,1784446556000-632578958264631296-943857890790211584,1784446556000,1784446991000,1,0.762,0.523,1.4569789674952198
931938734016823296,1784497874000-632578958264631296-931938734016823296,1784497874000,1784498243000,1,0.76,0.74,1.027027027027027
1362452416535986176,1784468429000-632578958264631296-1362452416535986176,1784468429000,1784468912000,1,0.759,0.634,1.1971608832807572
1484590862305329152,1784437562000-632578958264631296-1484590862305329152,1784437562000,1784438315000,1,0.757,0.778,0.9730077120822622
1132636348465807360,1784419378000-632578958264631296-1132636348465807360,1784419378000,1784420037000,1,0.756,0.706,1.0708215297450425
971379691866816512,1784466687000-632578958264631296-971379691866816512,1784466687000,1784467420000,1,0.755,1.154,0.6542461005199307
939138676678459392,1784437996000-632578958264631296-939138676678459392,1784437996000,1784438244000,1,0.748,0.764,0.9790575916230366
1131571393566081024,1784429724000-632578958264631296-1131571393566081024,1784429724000,1784430089000,1,0.746,0.466,1.6008583690987124
803716121332023296,1784431959000-632578958264631296-803716121332023296,1784431959000,1784432158000,1,0.746,0.265,2.8150943396226413
883046842797916160,1784451817000-632578958264631296-883046842797916160,1784451817000,1784452232000,1,0.746,0.533,1.399624765478424
1385304935976927232,1784435432000-632578958264631296-1385304935976927232,1784435432000,1784436049000,1,0.745,0.63,1.1825396825396826
939138676678459392,1784424261000-632578958264631296-939138676678459392,1784424261000,1784424418000,1,0.743,0.352,2.1107954545454546
1111626569580806144,1784462842000-632578958264631296-1111626569580806144,1784462842000,1784463386000,1,0.734,0.318,2.3081761006289305
1083727289243402240,1784424650000-632578958264631296-1083727289243402240,1784424650000,1784425513000,1,0.732,1.133,0.646072374227714
1071826388769570816,1784453036000-632578958264631296-1071826388769570816,1784453036000,1784453398000,1,0.729,0.556,1.3111510791366905
939138676678459392,1784426997000-632578958264631296-939138676678459392,1784426997000,1784427226000,1,0.728,0.629,1.1573926868044515
1023491297677148160,1784423280000-632578958264631296-1023491297677148160,1784423280000,1784423621000,1,0.724,0.27,2.681481481481481
1536014744312348672,1784471310000-632578958264631296-1536014744312348672,1784471310000,1784471690000,1,0.723,0.719,1.0055632823365785
1536014625517076480,1784436849000-632578958264631296-1536014625517076480,1784436849000,1784438261000,1,0.714,1.12,0.6375
873570129613422592,1784479644000-632578958264631296-873570129613422592,1784479644000,1784480062000,1,0.713,0.426,1.6737089201877935
971379691866816512,1784467451000-632578958264631296-971379691866816512,1784467451000,1784467733000,1,0.712,0.511,1.3933463796477494
939545725614686208,1784499053000-632578958264631296-939545725614686208,1784499053000,1784499666000,1,0.711,0.784,0.9068877551020408
961238953837461504,1784428303000-632578958264631296-961238953837461504,1784428303000,1784428634000,1,0.71,0.548,1.2956204379562042
940246123384143872,1784452983000-632578958264631296-940246123384143872,1784452983000,1784453434000,1,0.709,0.563,1.2593250444049735
1475452919183572992,1784448932000-632578958264631296-1475452919183572992,1784448932000,1784449646000,1,0.708,0.45,1.5733333333333333
1454186236603269120,1784463931000-632578958264631296-1454186236603269120,1784463931000,1784464564000,1,0.705,0.317,2.22397476340694
1071826388769570816,1784496418000-632578958264631296-1071826388769570816,1784496418000,1784497249000,1,0.702,1.073,0.6542404473438956
929726540265029632,1784471457000-632578958264631296-929726540265029632,1784471457000,1784472699000,1,0.7,0.806,0.86848635235732
1083726561296777216,1784502313000-632578958264631296-1083726561296777216,1784502313000,1784502825000,1,0.697,0.933,0.7470525187566988
929721011920699392,1784444276000-632578958264631296-929721011920699392,1784444276000,1784447539000,1,0.694,2.334,0.2973436161096829
1428031634325635072,1784429261000-632578958264631296-1428031634325635072,1784429261000,1784429451000,1,0.693,0.255,2.717647058823529
1126868873732161536,1784427833000-632578958264631296-1126868873732161536,1784427833000,1784428282000,1,0.691,0.422,1.6374407582938388
1152269234303139840,1784469617000-632578958264631296-1152269234303139840,1784469617000,1784470765000,1,0.691,0.82,0.8426829268292683
947107003673608192,1784427708000-632578958264631296-947107003673608192,1784427708000,1784428143000,1,0.691,0.487,1.4188911704312115
1050781532765028352,1784472773000-632578958264631296-1050781532765028352,1784472773000,1784473244000,1,0.69,0.361,1.9113573407202216
1062738572429230080,1784472485000-632578958264631296-1062738572429230080,1784472485000,1784472945000,1,0.69,0.394,1.7512690355329947
1073201833905750016,1784428954000-632578958264631296-1073201833905750016,1784428954000,1784429308000,1,0.688,0.52,1.3230769230769228
1491416395517263872,1784438564000-632578958264631296-1491416395517263872,1784438564000,1784439321000,1,0.687,0.627,1.0956937799043063
790970454885007360,1784450218000-632578958264631296-790970454885007360,1784450218000,1784450705000,1,0.682,0.635,1.074015748031496
1536014570613637120,1784444760000-632578958264631296-1536014570613637120,1784444760000,1784445519000,1,0.681,0.99,0.687878787878788
1536393085787832320,1784441169000-632578958264631296-1536393085787832320,1784441169000,1784441722000,1,0.68,0.811,0.8384710234278668
1464253789857906688,1784459500000-632578958264631296-1464253789857906688,1784459500000,1784459785000,1,0.678,0.422,1.6066350710900477
1488129049464143872,1784446872000-632578958264631296-1488129049464143872,1784446872000,1784447149000,1,0.678,0.605,1.1206611570247935
821719550704746496,1784431302000-632578958264631296-821719550704746496,1784431302000,1784431481000,1,0.674,0.532,1.2669172932330828
1079026604165824512,1784455272000-632578958264631296-1079026604165824512,1784455272000,1784455703000,1,0.669,0.327,2.0458715596330275
1126868873732161536,1784430817000-632578958264631296-1126868873732161536,1784430817000,1784431115000,1,0.667,0.373,1.7882037533512065
1131571393566081024,1784428649000-632578958264631296-1131571393566081024,1784428649000,1784429298000,1,0.667,0.553,1.2061482820976492
1209168031477923840,1784468553000-632578958264631296-1209168031477923840,1784468553000,1784469349000,1,0.665,0.51,1.303921568627451
1428064485414797312,1784493279000-632578958264631296-1428064485414797312,1784493279000,1784493740000,1,0.665,0.532,1.25
942469061864849408,1784439124000-632578958264631296-942469061864849408,1784439124000,1784439215000,1,0.665,0.428,1.5537383177570094
1475452919183572992,1784440886000-632578958264631296-1475452919183572992,1784440886000,1784441669000,1,0.664,0.744,0.89247311827957
1113518928358801408,1784465330000-632578958264631296-1113518928358801408,1784465330000,1784465818000,1,0.663,0.379,1.74934036939314
1079796452147855360,1784439649000-632578958264631296-1079796452147855360,1784439649000,1784439918000,1,0.662,0.142,4.661971830985916
1138783076164304896,1784428378000-632578958264631296-1138783076164304896,1784428378000,1784428586000,1,0.659,0.52,1.2673076923076922
1134877765846171648,1784452665000-632578958264631296-1134877765846171648,1784452665000,1784453308000,1,0.657,1.069,0.6145930776426567
929726540265029632,1784484078000-632578958264631296-929726540265029632,1784484078000,1784486682000,1,0.656,1.61,0.4074534161490683
1298646515224412160,1784444839000-632578958264631296-1298646515224412160,1784444839000,1784445549000,1,0.65,0.51,1.2745098039215685
1357047782162038784,1784487675000-632578958264631296-1357047782162038784,1784487675000,1784488078000,1,0.649,0.398,1.6306532663316582
1083040210243026944,1784461855000-632578958264631296-1083040210243026944,1784461855000,1784462147000,1,0.646,0.533,1.2120075046904315
1406228892573761536,1784423536000-632578958264631296-1406228892573761536,1784423536000,1784424544000,1,0.645,0.65,0.9923076923076923
1357047782162038784,1784447953000-632578958264631296-1357047782162038784,1784447953000,1784448288000,1,0.643,0.258,2.492248062015504
1082330521322651648,1784458734000-632578958264631296-1082330521322651648,1784458734000,1784459836000,1,0.641,1.309,0.48968678380443087
1120316585941139456,1784460674000-632578958264631296-1120316585941139456,1784460674000,1784461419000,1,0.641,0.755,0.8490066225165563
1536014660929585152,1784502290000-632578958264631296-1536014660929585152,1784502290000,1784502629000,1,0.64,0.654,0.9785932721712538
794226357327364096,1784457065000-632578958264631296-794226357327364096,1784457065000,1784457622000,1,0.639,0.422,1.514218009478673
866245317551456256,1784443225000-632578958264631296-866245317551456256,1784443225000,1784443949000,1,0.636,0.777,0.8185328185328186
1396881703661731840,1784462567000-632578958264631296-1396881703661731840,1784462567000,1784463000000,1,0.635,0.207,3.067632850241546
1131239137144209408,1784450980000-632578958264631296-1131239137144209408,1784450980000,1784451599000,1,0.634,0.664,0.9548192771084337
946027748999036928,1784440345000-632578958264631296-946027748999036928,1784440345000,1784440677000,1,0.632,0.297,2.127946127946128
1071826388769570816,1784469263000-632578958264631296-1071826388769570816,1784469263000,1784470236000,1,0.63,1.267,0.49723756906077354
862677666426257408,1784460649000-632578958264631296-862677666426257408,1784460649000,1784460859000,1,0.63,0.541,1.164510166358595
873201356771426304,1784472218000-632578958264631296-873201356771426304,1784472218000,1784472640000,1,0.629,0.264,2.3825757575757573
1082330521322651648,1784452402000-632578958264631296-1082330521322651648,1784452402000,1784452689000,1,0.627,0.366,1.7131147540983607
1389244302743306240,1784441278000-632578958264631296-1389244302743306240,1784441278000,1784441733000,1,0.627,0.367,1.7084468664850136
1083728047674228736,1784461585000-632578958264631296-1083728047674228736,1784461585000,1784461948000,1,0.626,0.622,1.0064308681672025
1073277847704961024,1784483589000-632578958264631296-1073277847704961024,1784483589000,1784484639000,1,0.625,0.532,1.1748120300751879
1083728870357598208,1784484872000-632578958264631296-1083728870357598208,1784484872000,1784485234000,1,0.619,0.466,1.3283261802575106
931938734016823296,1784466983000-632578958264631296-931938734016823296,1784466983000,1784467831000,1,0.616,1.097,0.5615314494074749
1135541524696662016,1784441934000-632578958264631296-1135541524696662016,1784441934000,1784442344000,1,0.615,0.421,1.4608076009501187
1475452919183572992,1784449669000-632578958264631296-1475452919183572992,1784449669000,1784450322000,1,0.615,0.354,1.7372881355932204
1536397466075660288,1784498640000-632578958264631296-1536397466075660288,1784498640000,1784499219000,1,0.615,0.801,0.7677902621722846
1079095785133441024,1784440198000-632578958264631296-1079095785133441024,1784440198000,1784440571000,1,0.614,0.562,1.092526690391459
1083726887294861312,1784443956000-632578958264631296-1083726887294861312,1784443956000,1784444564000,1,0.614,0.982,0.6252545824847251
1094955908762435584,1784445915000-632578958264631296-1094955908762435584,1784445915000,1784446962000,1,0.613,0.866,0.707852193995381
1073201833905750016,1784434183000-632578958264631296-1073201833905750016,1784434183000,1784434536000,1,0.612,0.444,1.3783783783783783
1049341310072258560,1784449697000-632578958264631296-1049341310072258560,1784449697000,1784450095000,1,0.61,0.267,2.284644194756554
1083726789898928128,1784447815000-632578958264631296-1083726789898928128,1784447815000,1784448799000,1,0.61,1.074,0.5679702048417131
951563481520275456,1784443853000-632578958264631296-951563481520275456,1784443853000,1784444191000,1,0.61,0.182,3.3516483516483517
1050036721544069120,1784448536000-632578958264631296-1050036721544069120,1784448536000,1784449471000,1,0.606,1.097,0.5524156791248861
1082303861131051008,1784432750000-632578958264631296-1082303861131051008,1784432750000,1784433306000,1,0.604,0.737,0.8195386702849389
1536014625517076480,1784433527000-632578958264631296-1536014625517076480,1784433527000,1784434464000,1,0.604,0.731,0.826265389876881
1289307004661137408,1784446052000-632578958264631296-1289307004661137408,1784446052000,1784446437000,1,0.602,0.287,2.097560975609756
1079796452147855360,1784438398000-632578958264631296-1079796452147855360,1784438398000,1784438789000,1,0.595,0.202,2.945544554455445
940981890892955648,1784440289000-632578958264631296-940981890892955648,1784440289000,1784441425000,1,0.593,0.499,1.188376753507014
1286311379313098752,1784440135000-632578958264631296-1286311379313098752,1784440135000,1784440751000,1,0.592,0.164,3.6097560975609753
1067771070980816896,1784441912000-632578958264631296-1067771070980816896,1784441912000,1784442211000,1,0.591,0.216,2.736111111111111
1070334753032372224,1784420089000-632578958264631296-1070334753032372224,1784420089000,1784420596000,1,0.588,0.714,0.8235294117647058
1428031634325635072,1784496305000-632578958264631296-1428031634325635072,1784496305000,1784496550000,1,0.588,0.432,1.3611111111111112
862677844923252736,1784448961000-632578958264631296-862677844923252736,1784448961000,1784449171000,1,0.588,0.412,1.4271844660194175
944590866851299328,1784433266000-632578958264631296-944590866851299328,1784433266000,1784434523000,1,0.588,0.551,1.0671506352087112
1135631306680434688,1784438532000-632578958264631296-1135631306680434688,1784438532000,1784438825000,1,0.587,0.464,1.2650862068965516
1475452919183572992,1784441755000-632578958264631296-1475452919183572992,1784441755000,1784442089000,1,0.581,0.468,1.2414529914529913
1083039951072788480,1784478442000-632578958264631296-1083039951072788480,1784478442000,1784479220000,1,0.576,0.846,0.6808510638297872
970288452387995648,1784420895000-632578958264631296-970288452387995648,1784420895000,1784421072000,1,0.575,0.297,1.936026936026936
1111626569580806144,1784484276000-632578958264631296-1111626569580806144,1784484276000,1784484571000,1,0.574,0.332,1.7289156626506021
947092625956012032,1784422878000-632578958264631296-947092625956012032,1784422878000,1784423152000,1,0.574,0.182,3.1538461538461537
951563481520275456,1784425585000-632578958264631296-951563481520275456,1784425585000,1784425914000,1,0.573,0.173,3.3121387283236996
1049341310072258560,1784441771000-632578958264631296-1049341310072258560,1784441771000,1784442136000,1,0.57,0.383,1.4882506527415142
1050441880044568576,1784504679000-632578958264631296-1050441880044568576,1784504679000,1784504781000,1,0.565,0.648,0.8719135802469135
1072872003913908224,1784433996000-632578958264631296-1072872003913908224,1784433996000,1784434214000,1,0.563,0.546,1.031135531135531
943819597830684672,1784433570000-632578958264631296-943819597830684672,1784433570000,1784433887000,1,0.563,0.58,0.9706896551724138
1050036568242257920,1784419991000-632578958264631296-1050036568242257920,1784419991000,1784420509000,1,0.562,0.475,1.1831578947368422
1064532839803912192,1784455093000-632578958264631296-1064532839803912192,1784455093000,1784455760000,1,0.562,0.351,1.6011396011396013
873570129613422592,1784455346000-632578958264631296-873570129613422592,1784455346000,1784455658000,1,0.562,0.582,0.9656357388316152
1141991039255445504,1784439959000-632578958264631296-1141991039255445504,1784439959000,1784441806000,1,0.56,1.464,0.38251366120218583
1475452919183572992,1784467582000-632578958264631296-1475452919183572992,1784467582000,1784467752000,1,0.56,0.173,3.23699421965318
1536014688339361792,1784442436000-632578958264631296-1536014688339361792,1784442436000,1784442734000,1,0.56,0.393,1.424936386768448
1389244302743306240,1784430453000-632578958264631296-1389244302743306240,1784430453000,1784431231000,1,0.558,0.567,0.9841269841269843
1083726988146900992,1784434816000-632578958264631296-1083726988146900992,1784434816000,1784435264000,1,0.557,0.473,1.177589852008457
1083727333329731584,1784465348000-632578958264631296-1083727333329731584,1784465348000,1784465829000,1,0.556,0.577,0.9636048526863087
1067772524470730752,1784443485000-632578958264631296-1067772524470730752,1784443485000,1784443971000,1,0.555,0.653,0.8499234303215927
1362452416535986176,1784443018000-632578958264631296-1362452416535986176,1784443018000,1784443350000,1,0.554,0.175,3.1657142857142864
1363836271826305024,1784444061000-632578958264631296-1363836271826305024,1784444061000,1784444396000,1,0.554,0.25,2.216
1131240373310455808,1784432816000-632578958264631296-1131240373310455808,1784432816000,1784433844000,1,0.553,1.124,0.4919928825622776
873568577507033088,1784436465000-632578958264631296-873568577507033088,1784436465000,1784437097000,1,0.553,1.004,0.550796812749004
870286624469024768,1784468748000-632578958264631296-870286624469024768,1784468748000,1784469741000,1,0.552,1.048,0.5267175572519084
947583451614150656,1784458578000-632578958264631296-947583451614150656,1784458578000,1784458871000,1,0.552,0.622,0.8874598070739551
1484590862305329152,1784436640000-632578958264631296-1484590862305329152,1784436640000,1784437347000,1,0.551,0.848,0.6497641509433963
1422205425331208192,1784450021000-632578958264631296-1422205425331208192,1784450021000,1784450445000,1,0.55,0.374,1.4705882352941178
873570129613422592,1784498937000-632578958264631296-873570129613422592,1784498937000,1784499249000,1,0.549,0.624,0.8798076923076924
1046442314819436544,1784464183000-632578958264631296-1046442314819436544,1784464183000,1784465102000,1,0.547,0.497,1.1006036217303823
1050037537222950912,1784431819000-632578958264631296-1050037537222950912,1784431819000,1784432109000,1,0.545,0.469,1.1620469083155651
1361380561528029184,1784443807000-632578958264631296-1361380561528029184,1784443807000,1784444429000,1,0.544,0.442,1.2307692307692308
1176582767303983104,1784493104000-632578958264631296-1176582767303983104,1784493104000,1784493881000,1,0.542,0.856,0.633177570093458
1176582767303983104,1784484550000-632578958264631296-1176582767303983104,1784484550000,1784485341000,1,0.54,1.04,0.5192307692307693
1067776270814674944,1784426664000-632578958264631296-1067776270814674944,1784426664000,1784427022000,1,0.539,0.443,1.216704288939052
1168836102002311168,1784423321000-632578958264631296-1168836102002311168,1784423321000,1784423975000,1,0.536,0.38,1.4105263157894739
642055098863718400,1784488232000-632578958264631296-642055098863718400,1784488232000,1784488727000,1,0.536,0.493,1.0872210953346857
1071826388769570816,1784503086000-632578958264631296-1071826388769570816,1784503086000,1784503544000,1,0.529,0.517,1.02321083172147
1464253789857906688,1784440817000-632578958264631296-1464253789857906688,1784440817000,1784441097000,1,0.529,0.344,1.537790697674419
1067775063052255232,1784470964000-632578958264631296-1067775063052255232,1784470964000,1784471184000,1,0.528,0.338,1.5621301775147929
1070334753032372224,1784437522000-632578958264631296-1070334753032372224,1784437522000,1784437858000,1,0.526,0.221,2.3800904977375565
1406228892573761536,1784462743000-632578958264631296-1406228892573761536,1784462743000,1784463236000,1,0.526,0.26,2.023076923076923
1464253789857906688,1784436662000-632578958264631296-1464253789857906688,1784436662000,1784437000000,1,0.525,0.374,1.4037433155080214
1464286463544786944,1784450019000-632578958264631296-1464286463544786944,1784450019000,1784450321000,1,0.523,0.186,2.8118279569892475
1073201833905750016,1784429583000-632578958264631296-1073201833905750016,1784429583000,1784429921000,1,0.522,0.358,1.458100558659218
1373358446576926720,1784457488000-632578958264631296-1373358446576926720,1784457488000,1784458283000,1,0.522,0.27,1.9333333333333333
1389243940330274816,1784473012000-632578958264631296-1389243940330274816,1784473012000,1784474144000,1,0.521,0.953,0.546694648478489
1536014570613637120,1784436182000-632578958264631296-1536014570613637120,1784436182000,1784436669000,1,0.519,0.552,0.9402173913043478
780067386190462976,1784487999000-632578958264631296-780067386190462976,1784487999000,1784488729000,1,0.519,0.624,0.8317307692307693
873570129613422592,1784484629000-632578958264631296-873570129613422592,1784484629000,1784484941000,1,0.518,0.582,0.8900343642611684
870275474985582592,1784470341000-632578958264631296-870275474985582592,1784470341000,1784471600000,1,0.517,1.257,0.41129673826571206
1385588586753032192,1784434414000-632578958264631296-1385588586753032192,1784434414000,1784434658000,1,0.516,0.142,3.633802816901409
1469693281720860672,1784434740000-632578958264631296-1469693281720860672,1784434740000,1784435292000,1,0.515,0.402,1.281094527363184
943819597830684672,1784426820000-632578958264631296-943819597830684672,1784426820000,1784426956000,1,0.515,0.257,2.0038910505836576
971379691866816512,1784433666000-632578958264631296-971379691866816512,1784433666000,1784433947000,1,0.515,0.31,1.6612903225806452
1067764977248501760,1784441373000-632578958264631296-1067764977248501760,1784441373000,1784442178000,1,0.513,0.879,0.5836177474402731
1083726740557135872,1784455566000-632578958264631296-1083726740557135872,1784455566000,1784456003000,1,0.513,0.54,0.95
1083726789898928128,1784453141000-632578958264631296-1083726789898928128,1784453141000,1784453511000,1,0.513,0.473,1.0845665961945032
1385588816730914816,1784448360000-632578958264631296-1385588816730914816,1784448360000,1784448598000,1,0.513,0.195,2.6307692307692307
1389243774684626944,1784428683000-632578958264631296-1389243774684626944,1784428683000,1784429862000,1,0.513,0.765,0.6705882352941176
1111626569580806144,1784483679000-632578958264631296-1111626569580806144,1784483679000,1784484237000,1,0.512,0.516,0.9922480620155039
1067772524470730752,1784455592000-632578958264631296-1067772524470730752,1784455592000,1784455975000,1,0.511,0.489,1.0449897750511248
1484590862305329152,1784482508000-632578958264631296-1484590862305329152,1784482508000,1784483214000,1,0.511,0.371,1.3773584905660379
1067772524470730752,1784460388000-632578958264631296-1067772524470730752,1784460388000,1784460583000,1,0.509,0.386,1.3186528497409327
1135566388677574656,1784419064000-632578958264631296-1135566388677574656,1784419064000,1784419538000,1,0.508,0.593,0.8566610455311974
873568577507033088,1784437103000-632578958264631296-873568577507033088,1784437103000,1784438254000,1,0.508,1.16,0.43793103448275866
1050036721544069120,1784460069000-632578958264631296-1050036721544069120,1784460069000,1784460433000,1,0.507,0.494,1.0263157894736843
1079026604165824512,1784496113000-632578958264631296-1079026604165824512,1784496113000,1784497162000,1,0.507,0.537,0.9441340782122905
780059706918961152,1784419931000-632578958264631296-780059706918961152,1784419931000,1784420250000,1,0.507,0.54,0.9388888888888889
944574738938724352,1784439341000-632578958264631296-944574738938724352,1784439341000,1784440144000,1,0.507,0.572,0.8863636363636365
1389243940330274816,1784460840000-632578958264631296-1389243940330274816,1784460840000,1784462089000,1,0.506,0.501,1.0099800399201597
1076104369969037312,1784482543000-632578958264631296-1076104369969037312,1784482543000,1784483171000,1,0.505,0.316,1.5981012658227849
1083726789898928128,1784445684000-632578958264631296-1083726789898928128,1784445684000,1784446142000,1,0.505,0.467,1.0813704496788008
944590866851299328,1784435162000-632578958264631296-944590866851299328,1784435162000,1784436054000,1,0.502,0.392,1.280612244897959
1050037537222950912,1784430776000-632578958264631296-1050037537222950912,1784430776000,1784431483000,1,0.501,0.499,1.0040080160320641
1362128357327634432,1784504216000-632578958264631296-1362128357327634432,1784504216000,1784504657000,1,0.501,0.276,1.8152173913043477
931938734016823296,1784441292000-632578958264631296-931938734016823296,1784441292000,1784441636000,1,0.501,0.49,1.0224489795918368
1070378226594873344,1784420066000-632578958264631296-1070378226594873344,1784420066000,1784420421000,1,0.5,0.366,1.366120218579235
1070378226594873344,1784445398000-632578958264631296-1070378226594873344,1784445398000,1784446038000,1,0.5,0.433,1.1547344110854503
1113518928358801408,1784445855000-632578958264631296-1113518928358801408,1784445855000,1784446992000,1,0.5,0.458,1.0917030567685588
1023491297677148160,1784420688000-632578958264631296-1023491297677148160,1784420688000,1784421012000,1,0.499,0.195,2.5589743589743588
1177288436235632640,1784424462000-632578958264631296-1177288436235632640,1784424462000,1784425235000,1,0.499,0.419,1.1909307875894988
1187402009754468352,1784437979000-632578958264631296-1187402009754468352,1784437979000,1784438479000,1,0.499,0.342,1.45906432748538
1094955908762435584,1784434374000-632578958264631296-1094955908762435584,1784434374000,1784435123000,1,0.498,0.602,0.8272425249169435
1050035879038418944,1784438102000-632578958264631296-1050035879038418944,1784438102000,1784438834000,1,0.496,0.9,0.5511111111111111
1127222273418199040,1784467436000-632578958264631296-1127222273418199040,1784467436000,1784467620000,1,0.494,0.222,2.225225225225225
951557843473924096,1784444199000-632578958264631296-951557843473924096,1784444199000,1784444411000,1,0.492,0.122,4.032786885245901
1050036568242257920,1784426022000-632578958264631296-1050036568242257920,1784426022000,1784426748000,1,0.491,0.46,1.067391304347826
780059706918961152,1784463218000-632578958264631296-780059706918961152,1784463218000,1784463767000,1,0.491,0.49,1.0020408163265306
787647951882158080,1784443104000-632578958264631296-787647951882158080,1784443104000,1784444037000,1,0.489,0.593,0.8246205733558178
1187402009754468352,1784459821000-632578958264631296-1187402009754468352,1784459821000,1784460129000,1,0.488,0.351,1.3903133903133904
803716121332023296,1784426053000-632578958264631296-803716121332023296,1784426053000,1784426334000,1,0.488,0.304,1.605263157894737
1396881703661731840,1784473838000-632578958264631296-1396881703661731840,1784473838000,1784474639000,1,0.487,0.564,0.8634751773049646
951563481520275456,1784437291000-632578958264631296-951563481520275456,1784437291000,1784437583000,1,0.487,0.151,3.225165562913907
1135566388677574656,1784435553000-632578958264631296-1135566388677574656,1784435553000,1784435845000,1,0.485,0.362,1.339779005524862
1500145408670695424,1784441851000-632578958264631296-1500145408670695424,1784441851000,1784442044000,1,0.485,0.402,1.2064676616915422
1073983957575401472,1784491813000-632578958264631296-1073983957575401472,1784491813000,1784492849000,1,0.484,1.054,0.4592030360531309
971379691866816512,1784470327000-632578958264631296-971379691866816512,1784470327000,1784470673000,1,0.484,0.579,0.8359240069084629
1363836271826305024,1784490476000-632578958264631296-1363836271826305024,1784490476000,1784491001000,1,0.483,0.365,1.3232876712328767
938817698895233024,1784439472000-632578958264631296-938817698895233024,1784439472000,1784439784000,1,0.481,0.354,1.3587570621468927
1079026604165824512,1784461871000-632578958264631296-1079026604165824512,1784461871000,1784462617000,1,0.48,0.408,1.1764705882352942
790970454885007360,1784439245000-632578958264631296-790970454885007360,1784439245000,1784439390000,1,0.48,0.347,1.38328530259366
870286624469024768,1784432323000-632578958264631296-870286624469024768,1784432323000,1784433049000,1,0.48,0.818,0.58679706601467
997896292355014656,1784441827000-632578958264631296-997896292355014656,1784441827000,1784442024000,1,0.48,0.361,1.3296398891966759
1064532839803912192,1784446601000-632578958264631296-1064532839803912192,1784446601000,1784446842000,1,0.479,0.099,4.838383838383838
1067774958987378688,1784464353000-632578958264631296-1067774958987378688,1784464353000,1784464838000,1,0.479,0.463,1.0345572354211663
1094955908762435584,1784436102000-632578958264631296-1094955908762435584,1784436102000,1784436649000,1,0.479,0.574,0.8344947735191638
1083039951072788480,1784483655000-632578958264631296-1083039951072788480,1784483655000,1784483927000,1,0.478,0.285,1.6771929824561405
1072572023244324864,1784441663000-632578958264631296-1072572023244324864,1784441663000,1784442109000,1,0.476,0.47,1.0127659574468084
1131239137144209408,1784451701000-632578958264631296-1131239137144209408,1784451701000,1784452173000,1,0.474,0.515,0.920388349514563
1134877765846171648,1784419344000-632578958264631296-1134877765846171648,1784419344000,1784419796000,1,0.474,0.696,0.6810344827586207
873570129613422592,1784464753000-632578958264631296-873570129613422592,1784464753000,1784465062000,1,0.473,0.352,1.34375
1536393085787832320,1784487787000-632578958264631296-1536393085787832320,1784487787000,1784488259000,1,0.472,0.336,1.4047619047619047
1131239137144209408,1784432367000-632578958264631296-1131239137144209408,1784432367000,1784432807000,1,0.47,0.767,0.6127770534550195
946030864989421568,1784440783000-632578958264631296-946030864989421568,1784440783000,1784441013000,1,0.47,0.222,2.117117117117117
1161991673035620352,1784455641000-632578958264631296-1161991673035620352,1784455641000,1784455991000,1,0.469,0.419,1.1193317422434368
1175796809117728768,1784441209000-632578958264631296-1175796809117728768,1784441209000,1784441792000,1,0.469,0.74,0.6337837837837837
1168836102002311168,1784432123000-632578958264631296-1168836102002311168,1784432123000,1784432398000,1,0.468,0.192,2.4375
939140294748667904,1784442294000-632578958264631296-939140294748667904,1784442294000,1784442784000,1,0.468,0.393,1.1908396946564885
1046837731746906112,1784458757000-632578958264631296-1046837731746906112,1784458757000,1784458969000,1,0.467,0.198,2.3585858585858586
1120316481867874304,1784455655000-632578958264631296-1120316481867874304,1784455655000,1784456039000,1,0.467,0.4,1.1675
943818921138454528,1784464440000-632578958264631296-943818921138454528,1784464440000,1784464765000,1,0.467,0.254,1.8385826771653544
1294723291725955072,1784443259000-632578958264631296-1294723291725955072,1784443259000,1784443544000,1,0.464,0.271,1.7121771217712176
1362128357327634432,1784435446000-632578958264631296-1362128357327634432,1784435446000,1784435638000,1,0.462,0.321,1.439252336448598
1136692610564358144,1784480330000-632578958264631296-1136692610564358144,1784480330000,1784480584000,1,0.46,0.27,1.7037037037037037
1536014625517076480,1784435314000-632578958264631296-1536014625517076480,1784435314000,1784436347000,1,0.46,0.788,0.583756345177665
919290820798971904,1784442132000-632578958264631296-919290820798971904,1784442132000,1784442432000,1,0.46,0.243,1.8930041152263375
1046442314819436544,1784456857000-632578958264631296-1046442314819436544,1784456857000,1784457402000,1,0.459,0.279,1.6451612903225805
1050441880044568576,1784453679000-632578958264631296-1050441880044568576,1784453679000,1784454103000,1,0.458,0.521,0.8790786948176583
1176582767303983104,1784458478000-632578958264631296-1176582767303983104,1784458478000,1784458943000,1,0.458,0.581,0.7882960413080896
1385305128772304896,1784423228000-632578958264631296-1385305128772304896,1784423228000,1784424294000,1,0.458,0.943,0.4856839872746554
1046443765134262272,1784434274000-632578958264631296-1046443765134262272,1784434274000,1784434551000,1,0.457,0.221,2.067873303167421
1050781532765028352,1784487366000-632578958264631296-1050781532765028352,1784487366000,1784487690000,1,0.457,0.255,1.7921568627450981
1357047782162038784,1784450005000-632578958264631296-1357047782162038784,1784450005000,1784450286000,1,0.457,0.187,2.443850267379679
939139369715892224,1784467642000-632578958264631296-939139369715892224,1784467642000,1784467936000,1,0.457,0.248,1.842741935483871
939547018001383424,1784429855000-632578958264631296-939547018001383424,1784429855000,1784430303000,1,0.456,0.501,0.9101796407185629
1061350711461150720,1784452609000-632578958264631296-1061350711461150720,1784452609000,1784452799000,1,0.455,0.303,1.5016501650165017
873109579045535744,1784433897000-632578958264631296-873109579045535744,1784433897000,1784434946000,1,0.455,1.091,0.4170485792850596
1428064485414797312,1784457638000-632578958264631296-1428064485414797312,1784457638000,1784458005000,1,0.454,0.279,1.6272401433691754
803716121332023296,1784432699000-632578958264631296-803716121332023296,1784432699000,1784432960000,1,0.453,0.247,1.834008097165992
939138676678459392,1784449862000-632578958264631296-939138676678459392,1784449862000,1784450499000,1,0.452,0.624,0.7243589743589743
800361869549240320,1784463020000-632578958264631296-800361869549240320,1784463020000,1784463769000,1,0.451,0.639,0.7057902973395931
1286311379313098752,1784440865000-632578958264631296-1286311379313098752,1784440865000,1784441195000,1,0.45,0.473,0.9513742071881608
883046842797916160,1784452242000-632578958264631296-883046842797916160,1784452242000,1784452431000,1,0.45,0.193,2.33160621761658
929726540265029632,1784470872000-632578958264631296-929726540265029632,1784470872000,1784471165000,1,0.45,0.311,1.4469453376205788
971379691866816512,1784432121000-632578958264631296-971379691866816512,1784432121000,1784432564000,1,0.447,0.512,0.873046875
1536397466075660288,1784486496000-632578958264631296-1536397466075660288,1784486496000,1784487092000,1,0.446,0.407,1.095823095823096
780059706918961152,1784464388000-632578958264631296-780059706918961152,1784464388000,1784465756000,1,0.446,1.108,0.4025270758122743
1041007225465733120,1784464864000-632578958264631296-1041007225465733120,1784464864000,1784465712000,1,0.445,0.727,0.6121045392022009
1120316585941139456,1784461718000-632578958264631296-1120316585941139456,1784461718000,1784461921000,1,0.444,0.304,1.4605263157894737
942723675356921856,1784457829000-632578958264631296-942723675356921856,1784457829000,1784458067000,1,0.444,0.419,1.0596658711217184
1083726345994764288,1784448807000-632578958264631296-1083726345994764288,1784448807000,1784449108000,1,0.443,0.441,1.0045351473922903
870275474985582592,1784474295000-632578958264631296-870275474985582592,1784474295000,1784474395000,1,0.441,0.454,0.9713656387665198
961238953837461504,1784452957000-632578958264631296-961238953837461504,1784452957000,1784453117000,1,0.441,0.276,1.5978260869565215
1083727144086929408,1784430263000-632578958264631296-1083727144086929408,1784430263000,1784431161000,1,0.44,0.789,0.5576679340937896
1083778254826897408,1784468286000-632578958264631296-1083778254826897408,1784468286000,1784468425000,1,0.438,0.156,2.8076923076923075
1161574576161816576,1784455680000-632578958264631296-1161574576161816576,1784455680000,1784456055000,1,0.438,0.484,0.9049586776859504
1535700301011484672,1784466715000-632578958264631296-1535700301011484672,1784466715000,1784466955000,1,0.438,0.223,1.9641255605381165
874363612666265600,1784446919000-632578958264631296-874363612666265600,1784446919000,1784447166000,1,0.436,0.262,1.66412213740458
870286624469024768,1784459333000-632578958264631296-870286624469024768,1784459333000,1784459634000,1,0.435,0.298,1.4597315436241611
873568577507033088,1784433462000-632578958264631296-873568577507033088,1784433462000,1784433675000,1,0.435,0.323,1.346749226006192
873897783357079552,1784432588000-632578958264631296-873897783357079552,1784432588000,1784432797000,1,0.435,0.178,2.443820224719101
1088511709141794816,1784479630000-632578958264631296-1088511709141794816,1784479630000,1784480516000,1,0.434,0.975,0.4451282051282051
1082330521322651648,1784471120000-632578958264631296-1082330521322651648,1784471120000,1784471889000,1,0.433,1.081,0.4005550416281221
1478819140813717504,1784441353000-632578958264631296-1478819140813717504,1784441353000,1784441597000,1,0.433,0.092,4.706521739130435
1464286463544786944,1784465752000-632578958264631296-1464286463544786944,1784465752000,1784466708000,1,0.432,0.554,0.779783393501805
943819597830684672,1784457748000-632578958264631296-943819597830684672,1784457748000,1784458010000,1,0.432,0.206,2.0970873786407767
947092625956012032,1784446524000-632578958264631296-947092625956012032,1784446524000,1784446639000,1,0.429,0.196,2.1887755102040813
1093088075828953088,1784434625000-632578958264631296-1093088075828953088,1784434625000,1784435853000,1,0.427,0.704,0.6065340909090909
1153273376152748032,1784444358000-632578958264631296-1153273376152748032,1784444358000,1784444743000,1,0.427,0.497,0.8591549295774648
1067772524470730752,1784462984000-632578958264631296-1067772524470730752,1784462984000,1784463241000,1,0.426,0.456,0.9342105263157894
812260483275948032,1784429598000-632578958264631296-812260483275948032,1784429598000,1784429933000,1,0.426,0.32,1.33125
951557843473924096,1784475095000-632578958264631296-951557843473924096,1784475095000,1784475444000,1,0.426,0.279,1.5268817204301073
1131240373310455808,1784441032000-632578958264631296-1131240373310455808,1784441032000,1784441403000,1,0.424,0.389,1.0899742930591259
1073201833905750016,1784440012000-632578958264631296-1073201833905750016,1784440012000,1784440276000,1,0.422,0.388,1.0876288659793814
1209168031477923840,1784455887000-632578958264631296-1209168031477923840,1784455887000,1784457133000,1,0.422,1.435,0.29407665505226477
1475452919183572992,1784469716000-632578958264631296-1475452919183572992,1784469716000,1784469987000,1,0.42,0.173,2.4277456647398843
635414442816888832,1784419765000-632578958264631296-635414442816888832,1784419765000,1784420080000,1,0.42,0.103,4.077669902912621
794950170587430912,1784456479000-632578958264631296-794950170587430912,1784456479000,1784456717000,1,0.42,0.305,1.3770491803278688
870286624469024768,1784471713000-632578958264631296-870286624469024768,1784471713000,1784472615000,1,0.42,0.945,0.4444444444444445
1289307004661137408,1784446893000-632578958264631296-1289307004661137408,1784446893000,1784448133000,1,0.419,0.651,0.6436251920122887
947583451614150656,1784452464000-632578958264631296-947583451614150656,1784452464000,1784452588000,1,0.419,0.353,1.1869688385269122
1081533146517733376,1784459708000-632578958264631296-1081533146517733376,1784459708000,1784460452000,1,0.418,0.657,0.6362252663622526
862693652038680576,1784434373000-632578958264631296-862693652038680576,1784434373000,1784434596000,1,0.418,0.135,3.096296296296296
1073994678560358400,1784494226000-632578958264631296-1073994678560358400,1784494226000,1784494865000,1,0.417,0.66,0.6318181818181817
873201356771426304,1784490464000-632578958264631296-873201356771426304,1784490464000,1784490970000,1,0.417,0.456,0.9144736842105262
1083016936570224640,1784438809000-632578958264631296-1083016936570224640,1784438809000,1784439077000,1,0.415,0.283,1.4664310954063604
919290820798971904,1784462826000-632578958264631296-919290820798971904,1784462826000,1784463458000,1,0.415,0.329,1.2613981762917932
961239466377216000,1784465191000-632578958264631296-961239466377216000,1784465191000,1784465406000,1,0.413,0.198,2.0858585858585856
1135630948969218048,1784461311000-632578958264631296-1135630948969218048,1784461311000,1784461775000,1,0.412,0.485,0.8494845360824742
1401196266230120448,1784457919000-632578958264631296-1401196266230120448,1784457919000,1784458611000,1,0.412,0.947,0.4350580781414995
1023491297677148160,1784424596000-632578958264631296-1023491297677148160,1784424596000,1784424795000,1,0.408,0.165,2.4727272727272727
787647951882158080,1784462064000-632578958264631296-787647951882158080,1784462064000,1784462355000,1,0.408,0.357,1.1428571428571428
1041007225465733120,1784462692000-632578958264631296-1041007225465733120,1784462692000,1784463846000,1,0.407,0.684,0.5950292397660818
1083727207982956544,1784432507000-632578958264631296-1083727207982956544,1784432507000,1784433703000,1,0.407,1.488,0.27352150537634407
1175796546902425600,1784471807000-632578958264631296-1175796546902425600,1784471807000,1784473276000,1,0.407,1.626,0.25030750307503075
1082330521322651648,1784446345000-632578958264631296-1082330521322651648,1784446345000,1784446959000,1,0.405,0.692,0.5852601156069365
1464253789857906688,1784436320000-632578958264631296-1464253789857906688,1784436320000,1784436627000,1,0.405,0.328,1.2347560975609757
1067767710965825536,1784460634000-632578958264631296-1067767710965825536,1784460634000,1784460943000,1,0.403,0.477,0.8448637316561846
951557843473924096,1784469196000-632578958264631296-951557843473924096,1784469196000,1784470041000,1,0.402,0.631,0.6370839936608558
1083778254826897408,1784449409000-632578958264631296-1083778254826897408,1784449409000,1784450159000,1,0.401,0.812,0.4938423645320197
1491416395517263872,1784437671000-632578958264631296-1491416395517263872,1784437671000,1784438450000,1,0.401,0.568,0.7059859154929579
1141991039255445504,1784442728000-632578958264631296-1141991039255445504,1784442728000,1784443418000,1,0.4,0.801,0.4993757802746567
1464286463544786944,1784441857000-632578958264631296-1464286463544786944,1784441857000,1784442376000,1,0.4,0.263,1.5209125475285172
787647951882158080,1784468199000-632578958264631296-787647951882158080,1784468199000,1784468926000,1,0.4,0.84,0.4761904761904762
942721856836730880,1784453844000-632578958264631296-942721856836730880,1784453844000,1784454290000,1,0.4,0.21,1.9047619047619049
1073201833905750016,1784434632000-632578958264631296-1073201833905750016,1784434632000,1784434924000,1,0.399,0.325,1.2276923076923076
1361380561528029184,1784481599000-632578958264631296-1361380561528029184,1784481599000,1784481992000,1,0.399,0.211,1.8909952606635072
942469061864849408,1784443228000-632578958264631296-942469061864849408,1784443228000,1784443319000,1,0.396,0.517,0.7659574468085106
1050781532765028352,1784478460000-632578958264631296-1050781532765028352,1784478460000,1784478741000,1,0.395,0.193,2.0466321243523318
1385589008028925952,1784449574000-632578958264631296-1385589008028925952,1784449574000,1784449989000,1,0.395,0.31,1.2741935483870968
1361380561528029184,1784443189000-632578958264631296-1361380561528029184,1784443189000,1784443459000,1,0.394,0.239,1.6485355648535567
1504892206538817536,1784441004000-632578958264631296-1504892206538817536,1784441004000,1784442059000,1,0.394,0.903,0.4363233665559247
1082330521322651648,1784424645000-632578958264631296-1082330521322651648,1784424645000,1784425100000,1,0.393,0.497,0.7907444668008049
1152269234303139840,1784462978000-632578958264631296-1152269234303139840,1784462978000,1784463321000,1,0.393,0.304,1.292763157894737
642055098863718400,1784495741000-632578958264631296-642055098863718400,1784495741000,1784496549000,1,0.392,1.018,0.3850687622789784
1389244302743306240,1784478406000-632578958264631296-1389244302743306240,1784478406000,1784479105000,1,0.391,0.489,0.7995910020449898
939545725614686208,1784492256000-632578958264631296-939545725614686208,1784492256000,1784492625000,1,0.391,0.462,0.8463203463203464
1049341310072258560,1784450167000-632578958264631296-1049341310072258560,1784450167000,1784450277000,1,0.388,0.171,2.2690058479532165
1080818558042112000,1784436626000-632578958264631296-1080818558042112000,1784436626000,1784437153000,1,0.388,0.494,0.785425101214575
1370798572273926144,1784437136000-632578958264631296-1370798572273926144,1784437136000,1784438190000,1,0.388,0.636,0.610062893081761
1081223436249858048,1784455332000-632578958264631296-1081223436249858048,1784455332000,1784455619000,1,0.386,0.12,3.216666666666667
1094650284191252480,1784422957000-632578958264631296-1094650284191252480,1784422957000,1784423132000,1,0.384,0.081,4.7407407407407405
893133531117518848,1784425438000-632578958264631296-893133531117518848,1784425438000,1784425639000,1,0.384,0.247,1.5546558704453441
947452563299500032,1784438663000-632578958264631296-947452563299500032,1784438663000,1784439471000,1,0.383,0.535,0.7158878504672896
1067772524470730752,1784425249000-632578958264631296-1067772524470730752,1784425249000,1784425454000,1,0.382,0.136,2.8088235294117645
946033927888306176,1784453942000-632578958264631296-946033927888306176,1784453942000,1784454261000,1,0.382,0.223,1.7130044843049328
1131240373310455808,1784441408000-632578958264631296-1131240373310455808,1784441408000,1784441749000,1,0.381,0.324,1.1759259259259258
1385589008028925952,1784426356000-632578958264631296-1385589008028925952,1784426356000,1784426906000,1,0.38,0.749,0.507343124165554
1067765133431799808,1784432294000-632578958264631296-1067765133431799808,1784432294000,1784433144000,1,0.379,1.028,0.3686770428015564
1545823503347875840,1784504082000-632578958264631296-1545823503347875840,1784504082000,1784504883000,1,0.379,0.423,0.8959810874704492
1079095062366781440,1784482171000-632578958264631296-1079095062366781440,1784482171000,1784482881000,1,0.378,0.66,0.5727272727272728
1112389405491855360,1784461081000-632578958264631296-1112389405491855360,1784461081000,1784461548000,1,0.378,0.189,2.0
1428031634325635072,1784495460000-632578958264631296-1428031634325635072,1784495460000,1784496206000,1,0.378,0.477,0.7924528301886793
1501934002158698496,1784438688000-632578958264631296-1501934002158698496,1784438688000,1784438833000,1,0.378,0.193,1.9585492227979275
1047649870816477184,1784438079000-632578958264631296-1047649870816477184,1784438079000,1784439838000,1,0.376,0.931,0.4038668098818475
1132635162635403264,1784448215000-632578958264631296-1132635162635403264,1784448215000,1784448423000,1,0.376,0.092,4.086956521739131
1050467664377413632,1784431943000-632578958264631296-1050467664377413632,1784431943000,1784432573000,1,0.375,0.67,0.5597014925373134
919290820798971904,1784449389000-632578958264631296-919290820798971904,1784449389000,1784449804000,1,0.375,0.344,1.0901162790697676
940981890892955648,1784460390000-632578958264631296-940981890892955648,1784460390000,1784460955000,1,0.375,0.197,1.9035532994923856
1176180359524515840,1784457884000-632578958264631296-1176180359524515840,1784457884000,1784458132000,1,0.374,0.29,1.2896551724137932
893133531117518848,1784452601000-632578958264631296-893133531117518848,1784452601000,1784453148000,1,0.374,0.557,0.6714542190305206
1067765133431799808,1784443597000-632578958264631296-1067765133431799808,1784443597000,1784443891000,1,0.373,0.458,0.8144104803493449
870309644059279360,1784422816000-632578958264631296-870309644059279360,1784422816000,1784423120000,1,0.373,0.361,1.033240997229917
1475452919183572992,1784450362000-632578958264631296-1475452919183572992,1784450362000,1784450534000,1,0.37,0.168,2.202380952380952
946027748999036928,1784460304000-632578958264631296-946027748999036928,1784460304000,1784460948000,1,0.37,0.311,1.1897106109324758
1050035941135089664,1784483705000-632578958264631296-1050035941135089664,1784483705000,1784484469000,1,0.369,0.884,0.417420814479638
1083726345994764288,1784456865000-632578958264631296-1083726345994764288,1784456865000,1784457372000,1,0.369,0.576,0.640625
1071826388769570816,1784476062000-632578958264631296-1071826388769570816,1784476062000,1784476406000,1,0.368,0.346,1.0635838150289019
1082330521322651648,1784437949000-632578958264631296-1082330521322651648,1784437949000,1784438232000,1,0.366,0.354,1.033898305084746
1131239137144209408,1784436992000-632578958264631296-1131239137144209408,1784436992000,1784437417000,1,0.366,0.638,0.5736677115987461
789852612550721536,1784429685000-632578958264631296-789852612550721536,1784429685000,1784429917000,1,0.366,0.202,1.8118811881188117
862677844923252736,1784451311000-632578958264631296-862677844923252736,1784451311000,1784451622000,1,0.364,0.312,1.1666666666666667
939545725614686208,1784499943000-632578958264631296-939545725614686208,1784499943000,1784500279000,1,0.363,0.381,0.952755905511811
1046442858321543168,1784460553000-632578958264631296-1046442858321543168,1784460553000,1784461210000,1,0.362,0.202,1.792079207920792
1120316481867874304,1784464618000-632578958264631296-1120316481867874304,1784464618000,1784465018000,1,0.36,0.381,0.9448818897637795
1187402009754468352,1784457601000-632578958264631296-1187402009754468352,1784457601000,1784457868000,1,0.359,0.183,1.9617486338797814
1081533146517733376,1784482652000-632578958264631296-1081533146517733376,1784482652000,1784484509000,1,0.355,1.517,0.23401450230718523
1073201833905750016,1784437637000-632578958264631296-1073201833905750016,1784437637000,1784438032000,1,0.353,0.647,0.5455950540958269
1289307004661137408,1784479767000-632578958264631296-1289307004661137408,1784479767000,1784480347000,1,0.353,0.581,0.6075731497418244
883046842797916160,1784465722000-632578958264631296-883046842797916160,1784465722000,1784465815000,1,0.353,0.358,0.9860335195530726
1083726345994764288,1784419627000-632578958264631296-1083726345994764288,1784419627000,1784420112000,1,0.352,0.459,0.7668845315904139
1046442314819436544,1784473875000-632578958264631296-1046442314819436544,1784473875000,1784474628000,1,0.351,0.585,0.6
1050781532765028352,1784480837000-632578958264631296-1050781532765028352,1784480837000,1784481026000,1,0.35,0.083,4.216867469879517
1294723291725955072,1784473703000-632578958264631296-1294723291725955072,1784473703000,1784474265000,1,0.35,0.336,1.0416666666666665
943819597830684672,1784469980000-632578958264631296-943819597830684672,1784469980000,1784470109000,1,0.35,0.166,2.1084337349397586
931938125880492032,1784458652000-632578958264631296-931938125880492032,1784458652000,1784458861000,1,0.348,0.292,1.1917808219178083
961238953837461504,1784455915000-632578958264631296-961238953837461504,1784455915000,1784456075000,1,0.348,0.262,1.32824427480916
1083726740557135872,1784464217000-632578958264631296-1083726740557135872,1784464217000,1784464527000,1,0.347,0.262,1.3244274809160304
1536432469593554944,1784420333000-632578958264631296-1536432469593554944,1784420333000,1784420816000,1,0.346,0.453,0.7637969094922736
635414442816888832,1784419440000-632578958264631296-635414442816888832,1784419440000,1784419741000,1,0.345,0.195,1.769230769230769
1050467664377413632,1784436530000-632578958264631296-1050467664377413632,1784436530000,1784437298000,1,0.342,0.676,0.5059171597633136
1113518928358801408,1784445264000-632578958264631296-1113518928358801408,1784445264000,1784445849000,1,0.342,0.29,1.1793103448275863
1131239137144209408,1784431804000-632578958264631296-1131239137144209408,1784431804000,1784432253000,1,0.34,0.488,0.6967213114754099
1161991673035620352,1784496901000-632578958264631296-1161991673035620352,1784496901000,1784497139000,1,0.339,0.336,1.0089285714285714
1396881232180019200,1784457372000-632578958264631296-1396881232180019200,1784457372000,1784457658000,1,0.339,0.209,1.6220095693779906
1050781532765028352,1784463768000-632578958264631296-1050781532765028352,1784463768000,1784463974000,1,0.338,0.127,2.661417322834646
1083727852433571840,1784437931000-632578958264631296-1083727852433571840,1784437931000,1784438909000,1,0.338,1.207,0.28003314001657004
869918310366445568,1784447866000-632578958264631296-869918310366445568,1784447866000,1784448284000,1,0.338,0.399,0.8471177944862156
938817698895233024,1784437789000-632578958264631296-938817698895233024,1784437789000,1784437991000,1,0.338,0.208,1.6250000000000002
1134877765846171648,1784454231000-632578958264631296-1134877765846171648,1784454231000,1784454509000,1,0.337,0.277,1.2166064981949458
869905949161160704,1784429887000-632578958264631296-869905949161160704,1784429887000,1784430043000,1,0.337,0.25,1.348
1046442314819436544,1784472701000-632578958264631296-1046442314819436544,1784472701000,1784473289000,1,0.336,0.431,0.7795823665893272
1488160320575766528,1784433205000-632578958264631296-1488160320575766528,1784433205000,1784433706000,1,0.336,0.305,1.1016393442622952
1536014625517076480,1784428465000-632578958264631296-1536014625517076480,1784428465000,1784428555000,1,0.336,0.447,0.7516778523489933
1079778539525373952,1784432409000-632578958264631296-1079778539525373952,1784432409000,1784432953000,1,0.335,0.264,1.268939393939394
1101157025884143616,1784453025000-632578958264631296-1101157025884143616,1784453025000,1784453396000,1,0.335,0.419,0.7995226730310263
1064550465066237952,1784445347000-632578958264631296-1064550465066237952,1784445347000,1784445939000,1,0.334,0.657,0.5083713850837138
1067776270814674944,1784419312000-632578958264631296-1067776270814674944,1784419312000,1784419524000,1,0.333,0.2,1.665
862677558196436992,1784439891000-632578958264631296-862677558196436992,1784439891000,1784440202000,1,0.333,0.267,1.247191011235955
780059706918961152,1784476386000-632578958264631296-780059706918961152,1784476386000,1784476955000,1,0.331,0.313,1.0575079872204474
1050037336936546304,1784453260000-632578958264631296-1050037336936546304,1784453260000,1784453540000,1,0.33,0.304,1.0855263157894737
1081223436249858048,1784447821000-632578958264631296-1081223436249858048,1784447821000,1784448642000,1,0.33,0.769,0.4291287386215865
1081223436249858048,1784448703000-632578958264631296-1081223436249858048,1784448703000,1784448884000,1,0.329,0.18,1.827777777777778
1389244302743306240,1784490720000-632578958264631296-1389244302743306240,1784490720000,1784491891000,1,0.329,0.493,0.667342799188641
1088511709141794816,1784468482000-632578958264631296-1088511709141794816,1784468482000,1784468761000,1,0.328,0.409,0.8019559902200489
1389244302743306240,1784492163000-632578958264631296-1389244302743306240,1784492163000,1784494155000,1,0.328,1.088,0.3014705882352941
862287863801184256,1784422774000-632578958264631296-862287863801184256,1784422774000,1784424135000,1,0.328,0.72,0.4555555555555556
870309644059279360,1784438195000-632578958264631296-870309644059279360,1784438195000,1784438564000,1,0.328,0.463,0.7084233261339092
1350071704793120768,1784432260000-632578958264631296-1350071704793120768,1784432260000,1784433109000,1,0.327,0.448,0.7299107142857143
1475453057469775872,1784420817000-632578958264631296-1475453057469775872,1784420817000,1784421063000,1,0.327,0.282,1.1595744680851066
939547788868321280,1784453429000-632578958264631296-939547788868321280,1784453429000,1784453824000,1,0.327,0.097,3.3711340206185567
1083726345994764288,1784450021000-632578958264631296-1083726345994764288,1784450021000,1784450913000,1,0.326,1.009,0.3230921704658078
1209168031477923840,1784470154000-632578958264631296-1209168031477923840,1784470154000,1784470430000,1,0.326,0.12,2.716666666666667
946025328671719424,1784459765000-632578958264631296-946025328671719424,1784459765000,1784460135000,1,0.326,0.227,1.4361233480176212
1362452416535986176,1784456167000-632578958264631296-1362452416535986176,1784456167000,1784456656000,1,0.325,0.587,0.5536626916524703
931938734016823296,1784461482000-632578958264631296-931938734016823296,1784461482000,1784462002000,1,0.325,0.664,0.4894578313253012
1067774958987378688,1784443419000-632578958264631296-1067774958987378688,1784443419000,1784444000000,1,0.324,1.001,0.3236763236763237
1082303861131051008,1784452393000-632578958264631296-1082303861131051008,1784452393000,1784453403000,1,0.324,1.294,0.250386398763524
1070378226594873344,1784442201000-632578958264631296-1070378226594873344,1784442201000,1784442612000,1,0.322,0.22,1.4636363636363636
1062738572429230080,1784454836000-632578958264631296-1062738572429230080,1784454836000,1784455022000,1,0.321,0.145,2.213793103448276
943818921138454528,1784468563000-632578958264631296-943818921138454528,1784468563000,1784468884000,1,0.321,0.168,1.9107142857142856
1073201833905750016,1784447600000-632578958264631296-1073201833905750016,1784447600000,1784447773000,1,0.32,0.278,1.1510791366906474
1479447378401427456,1784419545000-632578958264631296-1479447378401427456,1784419545000,1784419935000,1,0.32,0.313,1.0223642172523961
939547018001383424,1784428252000-632578958264631296-939547018001383424,1784428252000,1784428503000,1,0.32,0.249,1.285140562248996
1385304935976927232,1784482902000-632578958264631296-1385304935976927232,1784482902000,1784483135000,1,0.319,0.109,2.926605504587156
1067765189559975936,1784454222000-632578958264631296-1067765189559975936,1784454222000,1784454410000,1,0.318,0.349,0.9111747851002866
1083016936570224640,1784470635000-632578958264631296-1083016936570224640,1784470635000,1784470881000,1,0.318,0.232,1.3706896551724137
1087441747748847616,1784482791000-632578958264631296-1087441747748847616,1784482791000,1784483611000,1,0.318,1.104,0.28804347826086957
1064550465066237952,1784451849000-632578958264631296-1064550465066237952,1784451849000,1784452554000,1,0.316,0.703,0.44950213371266007
1067793936933715968,1784458493000-632578958264631296-1067793936933715968,1784458493000,1784458605000,1,0.316,0.156,2.0256410256410255
870568761881526272,1784439392000-632578958264631296-870568761881526272,1784439392000,1784439735000,1,0.315,0.432,0.7291666666666666
946025328671719424,1784502094000-632578958264631296-946025328671719424,1784502094000,1784502243000,1,0.315,0.211,1.4928909952606635
870286624469024768,1784473288000-632578958264631296-870286624469024768,1784473288000,1784474005000,1,0.314,0.569,0.5518453427065027
1286311379313098752,1784452128000-632578958264631296-1286311379313098752,1784452128000,1784452351000,1,0.313,0.158,1.981012658227848
1536014660929585152,1784454151000-632578958264631296-1536014660929585152,1784454151000,1784454340000,1,0.313,0.321,0.9750778816199377
931938734016823296,1784480780000-632578958264631296-931938734016823296,1784480780000,1784480960000,1,0.313,0.306,1.022875816993464
1046442314819436544,1784455810000-632578958264631296-1046442314819436544,1784455810000,1784456434000,1,0.312,0.333,0.9369369369369369
1050024168621342720,1784457562000-632578958264631296-1050024168621342720,1784457562000,1784458644000,1,0.312,0.057,5.473684210526316
1476549765217910784,1784445877000-632578958264631296-1476549765217910784,1784445877000,1784446009000,1,0.312,0.101,3.0891089108910887
939545725614686208,1784498645000-632578958264631296-939545725614686208,1784498645000,1784498922000,1,0.311,0.26,1.1961538461538461
1176180359524515840,1784458474000-632578958264631296-1176180359524515840,1784458474000,1784458795000,1,0.31,0.373,0.8310991957104558
1108703058243616768,1784465063000-632578958264631296-1108703058243616768,1784465063000,1784465735000,1,0.309,0.219,1.4109589041095891
1454186236603269120,1784460615000-632578958264631296-1454186236603269120,1784460615000,1784460806000,1,0.308,0.188,1.6382978723404256
1083728870357598208,1784483679000-632578958264631296-1083728870357598208,1784483679000,1784484196000,1,0.307,0.65,0.47230769230769226
1484590862305329152,1784435971000-632578958264631296-1484590862305329152,1784435971000,1784436495000,1,0.307,0.519,0.5915221579961464
870286624469024768,1784433080000-632578958264631296-870286624469024768,1784433080000,1784433570000,1,0.307,0.558,0.550179211469534
926835749754503168,1784470440000-632578958264631296-926835749754503168,1784470440000,1784470894000,1,0.306,0.308,0.9935064935064934
1152269234303139840,1784448296000-632578958264631296-1152269234303139840,1784448296000,1784449290000,1,0.305,0.62,0.49193548387096775
1363836271826305024,1784491719000-632578958264631296-1363836271826305024,1784491719000,1784492539000,1,0.304,0.489,0.621676891615542
784445514740400128,1784453319000-632578958264631296-784445514740400128,1784453319000,1784453945000,1,0.304,0.477,0.6373165618448637
931855689733636096,1784432732000-632578958264631296-931855689733636096,1784432732000,1784433004000,1,0.303,0.181,1.6740331491712708
1083727289243402240,1784452557000-632578958264631296-1083727289243402240,1784452557000,1784452779000,1,0.302,0.162,1.8641975308641974
1083728870357598208,1784454219000-632578958264631296-1083728870357598208,1784454219000,1784454961000,1,0.302,0.796,0.3793969849246231
931855689733636096,1784452990000-632578958264631296-931855689733636096,1784452990000,1784453338000,1,0.302,0.429,0.703962703962704
1050024168621342720,1784466423000-632578958264631296-1050024168621342720,1784466423000,1784467017000,1,0.301,0.056,5.375
1067772524470730752,1784424727000-632578958264631296-1067772524470730752,1784424727000,1784425020000,1,0.301,0.295,1.0203389830508476
1083727289243402240,1784425617000-632578958264631296-1083727289243402240,1784425617000,1784425932000,1,0.301,0.356,0.8455056179775281
1046752835124854784,1784419770000-632578958264631296-1046752835124854784,1784419770000,1784420410000,1,0.3,1.117,0.2685765443151298
1083726789898928128,1784446972000-632578958264631296-1083726789898928128,1784446972000,1784447305000,1,0.3,0.454,0.6607929515418501
938442824968306688,1784423619000-632578958264631296-938442824968306688,1784423619000,1784424068000,1,0.3,0.354,0.847457627118644
942723675356921856,1784457549000-632578958264631296-942723675356921856,1784457549000,1784457824000,1,0.3,0.313,0.9584664536741214
1067772524470730752,1784444119000-632578958264631296-1067772524470730752,1784444119000,1784444388000,1,0.299,0.307,0.9739413680781759
1073277847704961024,1784462030000-632578958264631296-1073277847704961024,1784462030000,1784462546000,1,0.298,0.154,1.935064935064935
1398705978894974976,1784425734000-632578958264631296-1398705978894974976,1784425734000,1784426499000,1,0.298,0.508,0.5866141732283464
942721856836730880,1784448397000-632578958264631296-942721856836730880,1784448397000,1784448770000,1,0.298,0.388,0.768041237113402
1088511709141794816,1784461324000-632578958264631296-1088511709141794816,1784461324000,1784461650000,1,0.296,0.308,0.961038961038961
926835749754503168,1784463326000-632578958264631296-926835749754503168,1784463326000,1784463552000,1,0.296,0.23,1.2869565217391303
1396880990281924608,1784458256000-632578958264631296-1396880990281924608,1784458256000,1784458566000,1,0.295,0.161,1.8322981366459625
1061350711461150720,1784440941000-632578958264631296-1061350711461150720,1784440941000,1784441517000,1,0.294,0.317,0.9274447949526813
847126508215468032,1784443321000-632578958264631296-847126508215468032,1784443321000,1784443496000,1,0.294,0.11,2.6727272727272724
1050781532765028352,1784480599000-632578958264631296-1050781532765028352,1784480599000,1784480783000,1,0.293,0.084,3.4880952380952377
1083728245179809792,1784457348000-632578958264631296-1083728245179809792,1784457348000,1784457632000,1,0.293,0.269,1.0892193308550184
1083778254826897408,1784469559000-632578958264631296-1083778254826897408,1784469559000,1784469736000,1,0.293,0.152,1.9276315789473684
1422205425331208192,1784443178000-632578958264631296-1422205425331208192,1784443178000,1784443603000,1,0.293,0.307,0.9543973941368078
1536014625517076480,1784436539000-632578958264631296-1536014625517076480,1784436539000,1784436840000,1,0.293,0.407,0.7199017199017199
1046443765134262272,1784434746000-632578958264631296-1046443765134262272,1784434746000,1784434898000,1,0.292,0.113,2.5840707964601766
1277220593376165888,1784504075000-632578958264631296-1277220593376165888,1784504075000,1784504249000,1,0.292,0.285,1.024561403508772
780059706918961152,1784463807000-632578958264631296-780059706918961152,1784463807000,1784464266000,1,0.292,0.367,0.7956403269754768
940981890892955648,1784453943000-632578958264631296-940981890892955648,1784453943000,1784454386000,1,0.292,0.191,1.5287958115183244
964169792938311680,1784466208000-632578958264631296-964169792938311680,1784466208000,1784466723000,1,0.292,0.193,1.5129533678756475
1153273376152748032,1784445110000-632578958264631296-1153273376152748032,1784445110000,1784445503000,1,0.291,0.484,0.6012396694214875
1422205425331208192,1784438966000-632578958264631296-1422205425331208192,1784438966000,1784439182000,1,0.291,0.177,1.6440677966101696
946033927888306176,1784461306000-632578958264631296-946033927888306176,1784461306000,1784461442000,1,0.291,0.143,2.034965034965035
1079026604165824512,1784495565000-632578958264631296-1079026604165824512,1784495565000,1784496107000,1,0.29,0.33,0.8787878787878787
947102733284933632,1784445705000-632578958264631296-947102733284933632,1784445705000,1784445845000,1,0.29,0.211,1.3744075829383886
1132635162635403264,1784446441000-632578958264631296-1132635162635403264,1784446441000,1784446674000,1,0.289,0.072,4.013888888888889
1545823852121030656,1784429303000-632578958264631296-1545823852121030656,1784429303000,1784429565000,1,0.289,0.236,1.2245762711864407
1064532839803912192,1784441556000-632578958264631296-1064532839803912192,1784441556000,1784441785000,1,0.288,0.083,3.469879518072289
1061350711461150720,1784456451000-632578958264631296-1061350711461150720,1784456451000,1784456734000,1,0.287,0.223,1.2869955156950672
964169792938311680,1784456405000-632578958264631296-964169792938311680,1784456405000,1784456538000,1,0.287,0.087,3.2988505747126435
1112389405491855360,1784445159000-632578958264631296-1112389405491855360,1784445159000,1784445619000,1,0.286,0.204,1.4019607843137254
931938734016823296,1784480303000-632578958264631296-931938734016823296,1784480303000,1784480543000,1,0.285,0.296,0.9628378378378378
906488270454521856,1784437950000-632578958264631296-906488270454521856,1784437950000,1784438200000,1,0.283,0.141,2.00709219858156
1045646209449984000,1784455892000-632578958264631296-1045646209449984000,1784455892000,1784456286000,1,0.281,0.322,0.8726708074534162
1081533146517733376,1784471202000-632578958264631296-1081533146517733376,1784471202000,1784471730000,1,0.281,0.43,0.6534883720930234
1396880990281924608,1784448889000-632578958264631296-1396880990281924608,1784448889000,1784449054000,1,0.281,0.184,1.5271739130434785
1079095785133441024,1784461496000-632578958264631296-1079095785133441024,1784461496000,1784461611000,1,0.28,0.177,1.5819209039548026
1188144161019133952,1784473281000-632578958264631296-1188144161019133952,1784473281000,1784473657000,1,0.277,0.052,5.3269230769230775
870286624469024768,1784430870000-632578958264631296-870286624469024768,1784430870000,1784431172000,1,0.277,0.336,0.824404761904762
1373358446576926720,1784456121000-632578958264631296-1373358446576926720,1784456121000,1784456604000,1,0.276,0.145,1.9034482758620692
798605218047590400,1784466222000-632578958264631296-798605218047590400,1784466222000,1784466450000,1,0.276,0.266,1.037593984962406
1428031634325635072,1784461490000-632578958264631296-1428031634325635072,1784461490000,1784462485000,1,0.275,0.513,0.5360623781676414
1488129049464143872,1784427207000-632578958264631296-1488129049464143872,1784427207000,1784427370000,1,0.273,0.212,1.287735849056604
926835749754503168,1784470077000-632578958264631296-926835749754503168,1784470077000,1784470327000,1,0.273,0.111,2.4594594594594597
1067774958987378688,1784456829000-632578958264631296-1067774958987378688,1784456829000,1784457672000,1,0.272,0.801,0.33957553058676654
1079095785133441024,1784453936000-632578958264631296-1079095785133441024,1784453936000,1784454317000,1,0.272,0.726,0.3746556473829201
790193276584984576,1784439896000-632578958264631296-790193276584984576,1784439896000,1784440855000,1,0.272,0.815,0.33374233128834363
961238953837461504,1784453936000-632578958264631296-961238953837461504,1784453936000,1784454149000,1,0.272,0.17,1.6
1152269234303139840,1784461428000-632578958264631296-1152269234303139840,1784461428000,1784461760000,1,0.271,0.328,0.826219512195122
1363836271826305024,1784455181000-632578958264631296-1363836271826305024,1784455181000,1784455624000,1,0.266,0.282,0.9432624113475179
946024601958219776,1784432356000-632578958264631296-946024601958219776,1784432356000,1784432566000,1,0.266,0.232,1.146551724137931
1050037424450699264,1784503816000-632578958264631296-1050037424450699264,1784503816000,1784504330000,1,0.265,0.374,0.7085561497326204
1064532839803912192,1784447408000-632578958264631296-1064532839803912192,1784447408000,1784447520000,1,0.264,0.055,4.8
1064532839803912192,1784475508000-632578958264631296-1064532839803912192,1784475508000,1784475685000,1,0.264,0.148,1.783783783783784
938442824968306688,1784431271000-632578958264631296-938442824968306688,1784431271000,1784431453000,1,0.263,0.285,0.9228070175438597
1046837731746906112,1784458214000-632578958264631296-1046837731746906112,1784458214000,1784458529000,1,0.262,0.15,1.7466666666666668
1041007225465733120,1784466266000-632578958264631296-1041007225465733120,1784466266000,1784466415000,1,0.26,0.193,1.3471502590673574
926578486859005952,1784431160000-632578958264631296-926578486859005952,1784431160000,1784431421000,1,0.26,0.241,1.078838174273859
1067775256489361408,1784440233000-632578958264631296-1067775256489361408,1784440233000,1784440808000,1,0.259,0.653,0.39663093415007655
1079095062366781440,1784420972000-632578958264631296-1079095062366781440,1784420972000,1784421596000,1,0.259,0.438,0.591324200913242
1152269234303139840,1784468201000-632578958264631296-1152269234303139840,1784468201000,1784468506000,1,0.259,0.327,0.7920489296636085
1064532839803912192,1784442544000-632578958264631296-1064532839803912192,1784442544000,1784442680000,1,0.258,0.072,3.5833333333333335
790193276584984576,1784465591000-632578958264631296-790193276584984576,1784465591000,1784466794000,1,0.258,1.047,0.24641833810888256
1067763722711203840,1784476104000-632578958264631296-1067763722711203840,1784476104000,1784476285000,1,0.257,0.148,1.7364864864864866
1134877765846171648,1784426586000-632578958264631296-1134877765846171648,1784426586000,1784427001000,1,0.256,0.502,0.5099601593625498
1188192864341852160,1784473139000-632578958264631296-1188192864341852160,1784473139000,1784474368000,1,0.256,0.808,0.31683168316831684
939547788868321280,1784480137000-632578958264631296-939547788868321280,1784480137000,1784480450000,1,0.256,0.079,3.240506329113924
946027748999036928,1784453953000-632578958264631296-946027748999036928,1784453953000,1784454224000,1,0.255,0.318,0.8018867924528302
893133531117518848,1784459653000-632578958264631296-893133531117518848,1784459653000,1784460126000,1,0.254,0.183,1.3879781420765027
1083040452048846848,1784436380000-632578958264631296-1083040452048846848,1784436380000,1784436792000,1,0.252,0.205,1.2292682926829268
1475453376262045696,1784429628000-632578958264631296-1475453376262045696,1784429628000,1784429991000,1,0.252,0.198,1.2727272727272727
939139369715892224,1784469329000-632578958264631296-939139369715892224,1784469329000,1784469530000,1,0.252,0.147,1.7142857142857144
1536014596580573184,1784449240000-632578958264631296-1536014596580573184,1784449240000,1784449369000,1,0.251,0.118,2.1271186440677967
939139369715892224,1784456574000-632578958264631296-939139369715892224,1784456574000,1784456731000,1,0.251,0.244,1.028688524590164
1050037537222950912,1784429449000-632578958264631296-1050037537222950912,1784429449000,1784430594000,1,0.25,0.606,0.41254125412541254
1064532839803912192,1784450048000-632578958264631296-1064532839803912192,1784450048000,1784450419000,1,0.25,0.101,2.4752475247524752
1111626569580806144,1784469857000-632578958264631296-1111626569580806144,1784469857000,1784470615000,1,0.25,0.388,0.6443298969072164
1361380561528029184,1784420806000-632578958264631296-1361380561528029184,1784420806000,1784421171000,1,0.25,0.2,1.25
873916972050415616,1784443571000-632578958264631296-873916972050415616,1784443571000,1784444021000,1,0.25,0.473,0.5285412262156448
883046842797916160,1784497679000-632578958264631296-883046842797916160,1784497679000,1784498263000,1,0.25,0.331,0.755287009063444
946032113314955264,1784433506000-632578958264631296-946032113314955264,1784433506000,1784434066000,1,0.25,0.238,1.050420168067227
946035487334727680,1784445638000-632578958264631296-946035487334727680,1784445638000,1784445733000,1,0.25,0.123,2.032520325203252
951557843473924096,1784470085000-632578958264631296-951557843473924096,1784470085000,1784471504000,1,0.25,0.344,0.7267441860465117
1073201833905750016,1784448415000-632578958264631296-1073201833905750016,1784448415000,1784448622000,1,0.249,0.342,0.7280701754385964
1477629515881512960,1784435923000-632578958264631296-1477629515881512960,1784435923000,1784436427000,1,0.248,0.269,0.9219330855018587
1082330521322651648,1784483840000-632578958264631296-1082330521322651648,1784483840000,1784484496000,1,0.247,0.81,0.30493827160493825
869918310366445568,1784438895000-632578958264631296-869918310366445568,1784438895000,1784439321000,1,0.247,0.598,0.41304347826086957
883046842797916160,1784455417000-632578958264631296-883046842797916160,1784455417000,1784455684000,1,0.246,0.164,1.5
1072572023244324864,1784444496000-632578958264631296-1072572023244324864,1784444496000,1784445066000,1,0.245,0.49,0.5
1464253789857906688,1784443836000-632578958264631296-1464253789857906688,1784443836000,1784443996000,1,0.245,0.195,1.2564102564102564
1286311379313098752,1784452367000-632578958264631296-1286311379313098752,1784452367000,1784452483000,1,0.244,0.104,2.3461538461538463
931855689733636096,1784467907000-632578958264631296-931855689733636096,1784467907000,1784468447000,1,0.244,0.574,0.4250871080139373
1041007225465733120,1784472503000-632578958264631296-1041007225465733120,1784472503000,1784472956000,1,0.243,0.451,0.5388026607538803
1536397466075660288,1784485770000-632578958264631296-1536397466075660288,1784485770000,1784486367000,1,0.243,0.35,0.6942857142857143
939547018001383424,1784439135000-632578958264631296-939547018001383424,1784439135000,1784439378000,1,0.243,0.426,0.5704225352112676
1082303861131051008,1784444257000-632578958264631296-1082303861131051008,1784444257000,1784445000000,1,0.242,0.772,0.3134715025906736
1112389405491855360,1784468840000-632578958264631296-1112389405491855360,1784468840000,1784469166000,1,0.242,0.312,0.7756410256410257
1188192864341852160,1784503871000-632578958264631296-1188192864341852160,1784503871000,1784504686000,1,0.242,0.705,0.3432624113475177
1161574576161816576,1784472505000-632578958264631296-1161574576161816576,1784472505000,1784473194000,1,0.241,0.849,0.2838633686690224
1073277847704961024,1784461491000-632578958264631296-1073277847704961024,1784461491000,1784461893000,1,0.24,0.127,1.889763779527559
942721856836730880,1784447823000-632578958264631296-942721856836730880,1784447823000,1784448393000,1,0.24,0.603,0.39800995024875624
942469459329679360,1784450599000-632578958264631296-942469459329679360,1784450599000,1784454530000,1,0.237,1.423,0.16654954321855234
970288452387995648,1784420666000-632578958264631296-970288452387995648,1784420666000,1784420784000,1,0.237,0.296,0.8006756756756757
1045646397224779776,1784457074000-632578958264631296-1045646397224779776,1784457074000,1784457540000,1,0.236,0.501,0.4710578842315369
860147487929794560,1784429950000-632578958264631296-860147487929794560,1784429950000,1784431783000,1,0.236,1.512,0.15608465608465608
1385589008028925952,1784448318000-632578958264631296-1385589008028925952,1784448318000,1784448498000,1,0.235,0.133,1.7669172932330826
1428064485414797312,1784451558000-632578958264631296-1428064485414797312,1784451558000,1784451723000,1,0.232,0.288,0.8055555555555557
1536014603211767808,1784443181000-632578958264631296-1536014603211767808,1784443181000,1784443307000,1,0.232,0.151,1.5364238410596027
1385305291104452608,1784473006000-632578958264631296-1385305291104452608,1784473006000,1784473488000,1,0.231,0.296,0.7804054054054055
1464253789857906688,1784441145000-632578958264631296-1464253789857906688,1784441145000,1784441340000,1,0.231,0.124,1.8629032258064517
1064532839803912192,1784477319000-632578958264631296-1064532839803912192,1784477319000,1784477452000,1,0.23,0.181,1.270718232044199
1385304935976927232,1784479768000-632578958264631296-1385304935976927232,1784479768000,1784480059000,1,0.23,0.121,1.9008264462809918
862287863801184256,1784425937000-632578958264631296-862287863801184256,1784425937000,1784426271000,1,0.23,0.098,2.3469387755102042
902974583798235136,1784455791000-632578958264631296-902974583798235136,1784455791000,1784456341000,1,0.23,0.454,0.5066079295154186
947105297703370752,1784445023000-632578958264631296-947105297703370752,1784445023000,1784445885000,1,0.23,0.324,0.7098765432098766
1050037109068398592,1784454974000-632578958264631296-1050037109068398592,1784454974000,1784455340000,1,0.229,0.296,0.7736486486486487
1161991673035620352,1784457840000-632578958264631296-1161991673035620352,1784457840000,1784458155000,1,0.229,0.222,1.0315315315315317
1464286463544786944,1784482466000-632578958264631296-1464286463544786944,1784482466000,1784482768000,1,0.228,0.225,1.0133333333333334
870286624469024768,1784471351000-632578958264631296-870286624469024768,1784471351000,1784471710000,1,0.228,0.348,0.6551724137931035
938817698895233024,1784436834000-632578958264631296-938817698895233024,1784436834000,1784437196000,1,0.228,0.162,1.4074074074074074
1175796663680237568,1784460931000-632578958264631296-1175796663680237568,1784460931000,1784461553000,1,0.226,0.706,0.3201133144475921
1464253789857906688,1784435791000-632578958264631296-1464253789857906688,1784435791000,1784436004000,1,0.226,0.281,0.8042704626334519
780067386190462976,1784501643000-632578958264631296-780067386190462976,1784501643000,1784502669000,1,0.226,0.891,0.2536475869809203
946035487334727680,1784431676000-632578958264631296-946035487334727680,1784431676000,1784431837000,1,0.226,0.067,3.373134328358209
1041007225465733120,1784481012000-632578958264631296-1041007225465733120,1784481012000,1784481554000,1,0.225,0.472,0.47669491525423735
947093103351693312,1784465121000-632578958264631296-947093103351693312,1784465121000,1784465430000,1,0.225,0.281,0.800711743772242
1081533146517733376,1784442700000-632578958264631296-1081533146517733376,1784442700000,1784443424000,1,0.224,0.367,0.6103542234332425
1389244197004902400,1784478720000-632578958264631296-1389244197004902400,1784478720000,1784479374000,1,0.224,0.379,0.5910290237467019
1465365829724930048,1784470180000-632578958264631296-1465365829724930048,1784470180000,1784470538000,1,0.224,0.291,0.7697594501718213
1469693281720860672,1784448692000-632578958264631296-1469693281720860672,1784448692000,1784448896000,1,0.224,0.086,2.604651162790698
1536393085787832320,1784440187000-632578958264631296-1536393085787832320,1784440187000,1784440580000,1,0.224,0.297,0.7542087542087542
944587945103327232,1784462310000-632578958264631296-944587945103327232,1784462310000,1784462507000,1,0.224,0.277,0.8086642599277978
946033927888306176,1784454708000-632578958264631296-946033927888306176,1784454708000,1784455019000,1,0.224,0.098,2.2857142857142856
1112389405491855360,1784474360000-632578958264631296-1112389405491855360,1784474360000,1784474569000,1,0.223,0.184,1.2119565217391304
1046837731746906112,1784460936000-632578958264631296-1046837731746906112,1784460936000,1784461225000,1,0.222,0.078,2.8461538461538463
1268615019327651840,1784457151000-632578958264631296-1268615019327651840,1784457151000,1784457639000,1,0.222,0.531,0.4180790960451977
1277220593376165888,1784429345000-632578958264631296-1277220593376165888,1784429345000,1784429571000,1,0.222,0.322,0.6894409937888198
1405177997576634368,1784420528000-632578958264631296-1405177997576634368,1784420528000,1784420799000,1,0.221,0.171,1.2923976608187133
1491416395517263872,1784442978000-632578958264631296-1491416395517263872,1784442978000,1784443273000,1,0.221,0.311,0.7106109324758842
942721856836730880,1784455304000-632578958264631296-942721856836730880,1784455304000,1784455586000,1,0.221,0.145,1.524137931034483
1061350711461150720,1784452123000-632578958264631296-1061350711461150720,1784452123000,1784452260000,1,0.22,0.212,1.0377358490566038
1362452416535986176,1784461101000-632578958264631296-1362452416535986176,1784461101000,1784461505000,1,0.22,0.269,0.8178438661710037
1050036568242257920,1784425741000-632578958264631296-1050036568242257920,1784425741000,1784425935000,1,0.219,0.177,1.2372881355932204
1082303861131051008,1784453408000-632578958264631296-1082303861131051008,1784453408000,1784453595000,1,0.219,0.161,1.360248447204969
1081533146517733376,1784470024000-632578958264631296-1081533146517733376,1784470024000,1784470551000,1,0.218,0.679,0.321060382916053
1449735637144961024,1784446181000-632578958264631296-1449735637144961024,1784446181000,1784446290000,1,0.218,0.069,3.1594202898550723
1569317625765298176,1784431256000-632578958264631296-1569317625765298176,1784431256000,1784431736000,1,0.218,0.645,0.337984496124031
789852692640956416,1784451582000-632578958264631296-789852692640956416,1784451582000,1784452145000,1,0.218,0.716,0.30446927374301674
1050036568242257920,1784428193000-632578958264631296-1050036568242257920,1784428193000,1784428350000,1,0.217,0.173,1.254335260115607
1406229042385911808,1784444774000-632578958264631296-1406229042385911808,1784444774000,1784444912000,1,0.217,0.12,1.8083333333333333
971379691866816512,1784432640000-632578958264631296-971379691866816512,1784432640000,1784432828000,1,0.217,0.174,1.2471264367816093
1041007225465733120,1784442826000-632578958264631296-1041007225465733120,1784442826000,1784443602000,1,0.215,0.391,0.5498721227621484
1079026604165824512,1784446810000-632578958264631296-1079026604165824512,1784446810000,1784447137000,1,0.215,0.159,1.3522012578616351
1083726740557135872,1784457858000-632578958264631296-1083726740557135872,1784457858000,1784458106000,1,0.215,0.265,0.8113207547169811
1067776270814674944,1784439882000-632578958264631296-1067776270814674944,1784439882000,1784440385000,1,0.214,0.667,0.320839580209895
1464269416886697984,1784444973000-632578958264631296-1464269416886697984,1784444973000,1784445103000,1,0.214,0.1,2.1399999999999997
1500484476822618112,1784464606000-632578958264631296-1500484476822618112,1784464606000,1784464953000,1,0.214,0.291,0.7353951890034365
964169792938311680,1784467062000-632578958264631296-964169792938311680,1784467062000,1784467185000,1,0.214,0.072,2.9722222222222223
1067772524470730752,1784422282000-632578958264631296-1067772524470730752,1784422282000,1784422584000,1,0.213,0.387,0.5503875968992248
929726540265029632,1784494141000-632578958264631296-929726540265029632,1784494141000,1784494345000,1,0.213,0.265,0.8037735849056603
931938734016823296,1784440542000-632578958264631296-931938734016823296,1784440542000,1784440913000,1,0.213,0.664,0.3207831325301205
1062738572429230080,1784432420000-632578958264631296-1062738572429230080,1784432420000,1784432985000,1,0.212,0.487,0.4353182751540041
1064532839803912192,1784441031000-632578958264631296-1064532839803912192,1784441031000,1784441528000,1,0.212,0.179,1.1843575418994414
789852692640956416,1784455410000-632578958264631296-789852692640956416,1784455410000,1784455657000,1,0.212,0.301,0.7043189368770764
866245317551456256,1784456323000-632578958264631296-866245317551456256,1784456323000,1784457060000,1,0.212,0.928,0.22844827586206895
926835749754503168,1784453198000-632578958264631296-926835749754503168,1784453198000,1784453936000,1,0.212,0.342,0.6198830409356725
1050037537222950912,1784433086000-632578958264631296-1050037537222950912,1784433086000,1784433276000,1,0.211,0.231,0.9134199134199134
1067774958987378688,1784465618000-632578958264631296-1067774958987378688,1784465618000,1784466062000,1,0.211,0.403,0.5235732009925558
1357047782162038784,1784443407000-632578958264631296-1357047782162038784,1784443407000,1784443542000,1,0.211,0.094,2.24468085106383
1079095062366781440,1784459157000-632578958264631296-1079095062366781440,1784459157000,1784459560000,1,0.21,0.475,0.4421052631578947
1080818558042112000,1784434414000-632578958264631296-1080818558042112000,1784434414000,1784435429000,1,0.209,1.182,0.17681895093062605
1184409623537385472,1784465715000-632578958264631296-1184409623537385472,1784465715000,1784466519000,1,0.208,0.46,0.4521739130434782
1286311379313098752,1784450493000-632578958264631296-1286311379313098752,1784450493000,1784451125000,1,0.208,0.316,0.6582278481012658
1536014570613637120,1784452537000-632578958264631296-1536014570613637120,1784452537000,1784452877000,1,0.208,0.385,0.5402597402597402
902974583798235136,1784457058000-632578958264631296-902974583798235136,1784457058000,1784457468000,1,0.208,0.202,1.0297029702970295
873568577507033088,1784471034000-632578958264631296-873568577507033088,1784471034000,1784471232000,1,0.207,0.039,5.3076923076923075
1050467664377413632,1784452079000-632578958264631296-1050467664377413632,1784452079000,1784452800000,1,0.206,0.426,0.4835680751173709
1083728870357598208,1784440399000-632578958264631296-1083728870357598208,1784440399000,1784440755000,1,0.206,0.364,0.5659340659340659
1087441747748847616,1784437689000-632578958264631296-1087441747748847616,1784437689000,1784438068000,1,0.206,0.493,0.41784989858012167
1076104369969037312,1784452649000-632578958264631296-1076104369969037312,1784452649000,1784453322000,1,0.205,1.422,0.1441631504922644
1136252936335130624,1784437423000-632578958264631296-1136252936335130624,1784437423000,1784438013000,1,0.205,0.849,0.2414605418138987
866686265431425024,1784473524000-632578958264631296-866686265431425024,1784473524000,1784473702000,1,0.204,0.175,1.1657142857142857
1385305291104452608,1784467328000-632578958264631296-1385305291104452608,1784467328000,1784467501000,1,0.203,0.155,1.3096774193548388
1488129049464143872,1784438659000-632578958264631296-1488129049464143872,1784438659000,1784439148000,1,0.203,0.374,0.5427807486631017
1536014517601828864,1784424694000-632578958264631296-1536014517601828864,1784424694000,1784424941000,1,0.203,0.33,0.6151515151515151
931938734016823296,1784482197000-632578958264631296-931938734016823296,1784482197000,1784482590000,1,0.203,0.464,0.4375
1045646397224779776,1784469834000-632578958264631296-1045646397224779776,1784469834000,1784470201000,1,0.202,0.45,0.4488888888888889
1135631306680434688,1784467995000-632578958264631296-1135631306680434688,1784467995000,1784468287000,1,0.202,0.269,0.7509293680297398
1536014744312348672,1784467808000-632578958264631296-1536014744312348672,1784467808000,1784468180000,1,0.202,0.301,0.6710963455149502
1545823852121030656,1784467731000-632578958264631296-1545823852121030656,1784467731000,1784468035000,1,0.202,0.235,0.8595744680851065
1045646397224779776,1784452725000-632578958264631296-1045646397224779776,1784452725000,1784453209000,1,0.201,0.59,0.34067796610169493
1050036568242257920,1784424983000-632578958264631296-1050036568242257920,1784424983000,1784425174000,1,0.201,0.109,1.8440366972477065
1067772524470730752,1784453518000-632578958264631296-1067772524470730752,1784453518000,1784453862000,1,0.201,0.411,0.489051094890511
1083728919393206272,1784433209000-632578958264631296-1083728919393206272,1784433209000,1784433988000,1,0.201,1.031,0.19495635305528616
1093087265762050048,1784437398000-632578958264631296-1093087265762050048,1784437398000,1784437574000,1,0.201,0.152,1.3223684210526316
1362452416535986176,1784451630000-632578958264631296-1362452416535986176,1784451630000,1784451800000,1,0.201,0.112,1.7946428571428572
1175796809117728768,1784472717000-632578958264631296-1175796809117728768,1784472717000,1784473395000,1,0.2,0.741,0.2699055330634278
1176180359524515840,1784430804000-632578958264631296-1176180359524515840,1784430804000,1784431154000,1,0.2,0.454,0.4405286343612335
1468940686052032512,1784447089000-632578958264631296-1468940686052032512,1784447089000,1784447184000,1,0.2,0.036,5.555555555555556
1536014716214706176,1784458705000-632578958264631296-1536014716214706176,1784458705000,1784458906000,1,0.2,0.133,1.5037593984962405
862677558196436992,1784471872000-632578958264631296-862677558196436992,1784471872000,1784472294000,1,0.2,0.46,0.43478260869565216
939547018001383424,1784434956000-632578958264631296-939547018001383424,1784434956000,1784435560000,1,0.2,0.852,0.23474178403755872
942723675356921856,1784443918000-632578958264631296-942723675356921856,1784443918000,1784444115000,1,0.2,0.186,1.0752688172043012
1041007225465733120,1784468639000-632578958264631296-1041007225465733120,1784468639000,1784468822000,1,0.199,0.171,1.1637426900584795
1050781444223270912,1784466411000-632578958264631296-1050781444223270912,1784466411000,1784466589000,1,0.199,0.118,1.6864406779661019
1083726740557135872,1784429411000-632578958264631296-1083726740557135872,1784429411000,1784429504000,1,0.199,0.171,1.1637426900584795
946024601958219776,1784432691000-632578958264631296-946024601958219776,1784432691000,1784432996000,1,0.199,0.204,0.9754901960784315
1088511709141794816,1784455288000-632578958264631296-1088511709141794816,1784455288000,1784456679000,1,0.198,1.366,0.14494875549048317
1125482414773108736,1784426113000-632578958264631296-1125482414773108736,1784426113000,1784427027000,1,0.198,0.602,0.3289036544850499
940981890892955648,1784435014000-632578958264631296-940981890892955648,1784435014000,1784435259000,1,0.198,0.192,1.03125
1041007225465733120,1784479585000-632578958264631296-1041007225465733120,1784479585000,1784479804000,1,0.196,0.264,0.7424242424242424
1067763722711203840,1784469048000-632578958264631296-1067763722711203840,1784469048000,1784469661000,1,0.195,0.597,0.32663316582914576
1067765133431799808,1784430422000-632578958264631296-1067765133431799808,1784430422000,1784431194000,1,0.195,0.979,0.19918283963227784
1079444806125486080,1784440713000-632578958264631296-1079444806125486080,1784440713000,1784440908000,1,0.195,0.239,0.8158995815899582
1111626569580806144,1784483011000-632578958264631296-1111626569580806144,1784483011000,1784483665000,1,0.193,0.286,0.6748251748251749
1152269234303139840,1784476633000-632578958264631296-1152269234303139840,1784476633000,1784476909000,1,0.193,0.293,0.658703071672355
866686329780436992,1784436407000-632578958264631296-866686329780436992,1784436407000,1784436595000,1,0.193,0.214,0.9018691588785047
951558414842986496,1784473152000-632578958264631296-951558414842986496,1784473152000,1784473243000,1,0.193,0.727,0.265474552957359
1406228892573761536,1784457732000-632578958264631296-1406228892573761536,1784457732000,1784457946000,1,0.192,0.049,3.9183673469387754
943857890790211584,1784428368000-632578958264631296-943857890790211584,1784428368000,1784428870000,1,0.192,0.326,0.588957055214724
1108325683169329152,1784467413000-632578958264631296-1108325683169329152,1784467413000,1784467830000,1,0.191,0.397,0.48110831234256923
870568761881526272,1784436786000-632578958264631296-870568761881526272,1784436786000,1784436993000,1,0.191,0.22,0.8681818181818182
929726540265029632,1784456095000-632578958264631296-929726540265029632,1784456095000,1784456395000,1,0.191,0.162,1.1790123456790123
1050781532765028352,1784464245000-632578958264631296-1050781532765028352,1784464245000,1784464372000,1,0.189,0.084,2.25
1406229042385911808,1784450665000-632578958264631296-1406229042385911808,1784450665000,1784450817000,1,0.189,0.198,0.9545454545454545
1067765247101632512,1784455529000-632578958264631296-1067765247101632512,1784455529000,1784455735000,1,0.188,0.241,0.7800829875518672
1067774958987378688,1784448600000-632578958264631296-1067774958987378688,1784448600000,1784448890000,1,0.188,0.204,0.9215686274509804
893133531117518848,1784453495000-632578958264631296-893133531117518848,1784453495000,1784453605000,1,0.188,0.13,1.4461538461538461
931855689733636096,1784447215000-632578958264631296-931855689733636096,1784447215000,1784447649000,1,0.188,0.472,0.39830508474576276
862677844923252736,1784451628000-632578958264631296-862677844923252736,1784451628000,1784451833000,1,0.187,0.19,0.9842105263157894
1120316585941139456,1784448047000-632578958264631296-1120316585941139456,1784448047000,1784448549000,1,0.186,0.518,0.3590733590733591
939139369715892224,1784456109000-632578958264631296-939139369715892224,1784456109000,1784456529000,1,0.186,0.492,0.3780487804878049
1094650284191252480,1784420847000-632578958264631296-1094650284191252480,1784420847000,1784421288000,1,0.184,0.23,0.7999999999999999
1112389405491855360,1784477039000-632578958264631296-1112389405491855360,1784477039000,1784477247000,1,0.184,0.198,0.9292929292929293
1464269416886697984,1784466398000-632578958264631296-1464269416886697984,1784466398000,1784466564000,1,0.184,0.059,3.1186440677966103
1536014570613637120,1784443168000-632578958264631296-1536014570613637120,1784443168000,1784443556000,1,0.184,0.395,0.46582278481012657
1067774958987378688,1784463604000-632578958264631296-1067774958987378688,1784463604000,1784463799000,1,0.183,0.19,0.9631578947368421
1073201833905750016,1784433859000-632578958264631296-1073201833905750016,1784433859000,1784434123000,1,0.183,0.32,0.571875
1398705978894974976,1784443447000-632578958264631296-1398705978894974976,1784443447000,1784443923000,1,0.183,0.326,0.5613496932515337
1536014647272931328,1784444681000-632578958264631296-1536014647272931328,1784444681000,1784445150000,1,0.183,0.339,0.5398230088495575
635414442816888832,1784421395000-632578958264631296-635414442816888832,1784421395000,1784421546000,1,0.183,0.144,1.2708333333333335
642055098863718400,1784450531000-632578958264631296-642055098863718400,1784450531000,1784450809000,1,0.183,0.3,0.61
947105297703370752,1784473959000-632578958264631296-947105297703370752,1784473959000,1784474435000,1,0.183,0.218,0.8394495412844036
1464286677953413120,1784437378000-632578958264631296-1464286677953413120,1784437378000,1784437605000,1,0.182,0.16,1.1375
1112389405491855360,1784468527000-632578958264631296-1112389405491855360,1784468527000,1784468724000,1,0.181,0.14,1.2928571428571427
1138167953473142784,1784468311000-632578958264631296-1138167953473142784,1784468311000,1784468588000,1,0.181,0.291,0.6219931271477663
1385589008028925952,1784449186000-632578958264631296-1385589008028925952,1784449186000,1784449404000,1,0.181,0.258,0.7015503875968991
1289306380670337024,1784446578000-632578958264631296-1289306380670337024,1784446578000,1784447210000,1,0.18,0.589,0.30560271646859083
933416236518211584,1784425019000-632578958264631296-933416236518211584,1784425019000,1784425244000,1,0.18,0.155,1.161290322580645
939545725614686208,1784491815000-632578958264631296-939545725614686208,1784491815000,1784492203000,1,0.18,0.395,0.45569620253164556
1112389405491855360,1784474873000-632578958264631296-1112389405491855360,1784474873000,1784475120000,1,0.179,0.111,1.6126126126126126
971379691866816512,1784460543000-632578958264631296-971379691866816512,1784460543000,1784461075000,1,0.179,0.72,0.24861111111111112
1526262198169501696,1784438927000-632578958264631296-1526262198169501696,1784438927000,1784439085000,1,0.178,0.15,1.1866666666666668
1073994678560358400,1784442929000-632578958264631296-1073994678560358400,1784442929000,1784443113000,1,0.177,0.161,1.0993788819875776
1094588896550846464,1784421533000-632578958264631296-1094588896550846464,1784421533000,1784421711000,1,0.177,0.143,1.2377622377622377
818154714091749376,1784467647000-632578958264631296-818154714091749376,1784467647000,1784468011000,1,0.177,0.323,0.5479876160990712
1152269234303139840,1784482273000-632578958264631296-1152269234303139840,1784482273000,1784482602000,1,0.176,0.284,0.619718309859155
869954569466019840,1784467459000-632578958264631296-869954569466019840,1784467459000,1784467976000,1,0.176,0.699,0.25178826895565093
1176582767303983104,1784436467000-632578958264631296-1176582767303983104,1784436467000,1784436759000,1,0.175,0.366,0.4781420765027322
862677844923252736,1784450470000-632578958264631296-862677844923252736,1784450470000,1784450674000,1,0.175,0.15,1.1666666666666667
873570129613422592,1784461826000-632578958264631296-873570129613422592,1784461826000,1784462116000,1,0.175,0.315,0.5555555555555555
1428064485414797312,1784459026000-632578958264631296-1428064485414797312,1784459026000,1784459947000,1,0.174,0.537,0.324022346368715
951557843473924096,1784441531000-632578958264631296-951557843473924096,1784441531000,1784442332000,1,0.174,0.44,0.39545454545454545
1385588586753032192,1784443152000-632578958264631296-1385588586753032192,1784443152000,1784443563000,1,0.173,0.279,0.6200716845878135
940246123384143872,1784451104000-632578958264631296-940246123384143872,1784451104000,1784451376000,1,0.173,0.291,0.5945017182130584
1083726930487803904,1784460001000-632578958264631296-1083726930487803904,1784460001000,1784461645000,1,0.172,1.871,0.09192944949225013
1088511709141794816,1784479082000-632578958264631296-1088511709141794816,1784479082000,1784479334000,1,0.172,0.224,0.7678571428571428
1536014550107684864,1784454680000-632578958264631296-1536014550107684864,1784454680000,1784454966000,1,0.172,0.167,1.029940119760479
1073201833905750016,1784422252000-632578958264631296-1073201833905750016,1784422252000,1784422828000,1,0.171,0.507,0.33727810650887574
1094956363722784768,1784485467000-632578958264631296-1094956363722784768,1784485467000,1784486013000,1,0.171,0.492,0.34756097560975613
1294723291725955072,1784455078000-632578958264631296-1294723291725955072,1784455078000,1784455193000,1,0.171,0.05,3.42
1023491297677148160,1784426330000-632578958264631296-1023491297677148160,1784426330000,1784426514000,1,0.17,0.081,2.0987654320987654
919290820798971904,1784439961000-632578958264631296-919290820798971904,1784439961000,1784440344000,1,0.17,0.22,0.7727272727272728
1161991673035620352,1784480109000-632578958264631296-1161991673035620352,1784480109000,1784480702000,1,0.169,0.724,0.2334254143646409
1176180359524515840,1784440164000-632578958264631296-1176180359524515840,1784440164000,1784440596000,1,0.168,0.415,0.4048192771084338
1477629515881512960,1784443549000-632578958264631296-1477629515881512960,1784443549000,1784443680000,1,0.168,0.105,1.6
1569317625765298176,1784432050000-632578958264631296-1569317625765298176,1784432050000,1784432338000,1,0.168,0.382,0.4397905759162304
866245317551456256,1784453621000-632578958264631296-866245317551456256,1784453621000,1784454032000,1,0.168,0.463,0.36285097192224625
1385304935976927232,1784482469000-632578958264631296-1385304935976927232,1784482469000,1784482690000,1,0.167,0.055,3.0363636363636366
1373358446576926720,1784438106000-632578958264631296-1373358446576926720,1784438106000,1784438273000,1,0.166,0.041,4.048780487804878
1373358446576926720,1784462178000-632578958264631296-1373358446576926720,1784462178000,1784462257000,1,0.166,0.018,9.222222222222223
1385589008028925952,1784438702000-632578958264631296-1385589008028925952,1784438702000,1784439512000,1,0.166,0.651,0.25499231950844853
1389244302743306240,1784448898000-632578958264631296-1389244302743306240,1784448898000,1784449240000,1,0.166,0.174,0.9540229885057473
1536014609964597248,1784481120000-632578958264631296-1536014609964597248,1784481120000,1784481424000,1,0.166,0.174,0.9540229885057473
1073201833905750016,1784447779000-632578958264631296-1073201833905750016,1784447779000,1784447953000,1,0.165,0.099,1.6666666666666667
1076923642098483200,1784428371000-632578958264631296-1076923642098483200,1784428371000,1784428904000,1,0.165,0.254,0.6496062992125985
1109445504082640896,1784445728000-632578958264631296-1109445504082640896,1784445728000,1784446093000,1,0.165,0.313,0.5271565495207668
1046442314819436544,1784479882000-632578958264631296-1046442314819436544,1784479882000,1784480159000,1,0.164,0.259,0.6332046332046332
1067774958987378688,1784461830000-632578958264631296-1067774958987378688,1784461830000,1784462121000,1,0.164,0.206,0.796116504854369
1088511709141794816,1784454241000-632578958264631296-1088511709141794816,1784454241000,1784454620000,1,0.164,0.386,0.42487046632124353
1176582451024101376,1784445937000-632578958264631296-1176582451024101376,1784445937000,1784446412000,1,0.164,0.607,0.27018121911037896
1373358446576926720,1784440497000-632578958264631296-1373358446576926720,1784440497000,1784440734000,1,0.164,0.05,3.28
790970454885007360,1784465517000-632578958264631296-790970454885007360,1784465517000,1784466075000,1,0.164,0.865,0.18959537572254337
1082303861131051008,1784464443000-632578958264631296-1082303861131051008,1784464443000,1784464826000,1,0.163,0.496,0.32862903225806456
1135631306680434688,1784468685000-632578958264631296-1135631306680434688,1784468685000,1784469166000,1,0.163,0.237,0.6877637130801688
1385589008028925952,1784428975000-632578958264631296-1385589008028925952,1784428975000,1784429286000,1,0.162,0.121,1.3388429752066116
1398705978894974976,1784426700000-632578958264631296-1398705978894974976,1784426700000,1784426916000,1,0.162,0.259,0.6254826254826255
1050036721544069120,1784465502000-632578958264631296-1050036721544069120,1784465502000,1784465886000,1,0.161,0.445,0.3617977528089888
873570129613422592,1784499721000-632578958264631296-873570129613422592,1784499721000,1784499932000,1,0.161,0.302,0.533112582781457
926835749754503168,1784463619000-632578958264631296-926835749754503168,1784463619000,1784463891000,1,0.161,0.196,0.8214285714285714
1050467664377413632,1784463081000-632578958264631296-1050467664377413632,1784463081000,1784463291000,1,0.16,0.251,0.6374501992031872
1083727852433571840,1784427731000-632578958264631296-1083727852433571840,1784427731000,1784428411000,1,0.16,0.79,0.20253164556962025
1112389405491855360,1784464139000-632578958264631296-1112389405491855360,1784464139000,1784464428000,1,0.16,0.084,1.9047619047619047
1536014596580573184,1784435039000-632578958264631296-1536014596580573184,1784435039000,1784435183000,1,0.16,0.151,1.0596026490066226
1536014609964597248,1784435346000-632578958264631296-1536014609964597248,1784435346000,1784436450000,1,0.16,0.578,0.2768166089965398
836966844580495360,1784453167000-632578958264631296-836966844580495360,1784453167000,1784453369000,1,0.16,0.195,0.8205128205128205
939545725614686208,1784491330000-632578958264631296-939545725614686208,1784491330000,1784491514000,1,0.16,0.186,0.8602150537634409
947581389623001088,1784435981000-632578958264631296-947581389623001088,1784435981000,1784436389000,1,0.16,0.413,0.38740920096852305
1067765189559975936,1784430616000-632578958264631296-1067765189559975936,1784430616000,1784430997000,1,0.159,0.326,0.48773006134969327
1067765189559975936,1784481543000-632578958264631296-1067765189559975936,1784481543000,1784481984000,1,0.159,0.434,0.3663594470046083
1080818558042112000,1784438874000-632578958264631296-1080818558042112000,1784438874000,1784439351000,1,0.159,0.45,0.35333333333333333
1082330521322651648,1784456171000-632578958264631296-1082330521322651648,1784456171000,1784456327000,1,0.159,0.124,1.282258064516129
1082330521322651648,1784463794000-632578958264631296-1082330521322651648,1784463794000,1784464066000,1,0.159,0.429,0.3706293706293706
1093087265762050048,1784436383000-632578958264631296-1093087265762050048,1784436383000,1784436876000,1,0.159,0.312,0.5096153846153846
1286311379313098752,1784449128000-632578958264631296-1286311379313098752,1784449128000,1784449363000,1,0.159,0.068,2.3382352941176467
1536014647272931328,1784424009000-632578958264631296-1536014647272931328,1784424009000,1784424660000,1,0.159,0.38,0.41842105263157897
1079795397515280384,1784461727000-632578958264631296-1079795397515280384,1784461727000,1784462158000,1,0.158,0.156,1.0128205128205128
873568577507033088,1784435393000-632578958264631296-873568577507033088,1784435393000,1784435613000,1,0.158,0.086,1.8372093023255816
946025328671719424,1784476056000-632578958264631296-946025328671719424,1784476056000,1784476641000,1,0.158,0.534,0.2958801498127341
1067765309810671616,1784475018000-632578958264631296-1067765309810671616,1784475018000,1784475172000,1,0.157,0.147,1.0680272108843538
1076104369969037312,1784472177000-632578958264631296-1076104369969037312,1784472177000,1784472674000,1,0.156,0.418,0.37320574162679426
1357047782162038784,1784485832000-632578958264631296-1357047782162038784,1784485832000,1784486226000,1,0.156,0.317,0.4921135646687697
1076104369969037312,1784456740000-632578958264631296-1076104369969037312,1784456740000,1784456979000,1,0.155,0.384,0.4036458333333333
1113518928358801408,1784440283000-632578958264631296-1113518928358801408,1784440283000,1784440456000,1,0.155,0.035,4.428571428571428
947581389623001088,1784453807000-632578958264631296-947581389623001088,1784453807000,1784454172000,1,0.155,0.399,0.38847117794486213
780444155561115648,1784458454000-632578958264631296-780444155561115648,1784458454000,1784459086000,1,0.154,0.551,0.27949183303085295
940981890892955648,1784454445000-632578958264631296-940981890892955648,1784454445000,1784454552000,1,0.153,0.067,2.2835820895522385
946036270407090176,1784440769000-632578958264631296-946036270407090176,1784440769000,1784441094000,1,0.153,0.219,0.6986301369863014
1081223436249858048,1784459198000-632578958264631296-1081223436249858048,1784459198000,1784459477000,1,0.152,0.111,1.3693693693693694
1406228892573761536,1784449379000-632578958264631296-1406228892573761536,1784449379000,1784449564000,1,0.152,0.109,1.3944954128440368
1428031634325635072,1784462566000-632578958264631296-1428031634325635072,1784462566000,1784462782000,1,0.152,0.137,1.1094890510948905
1083728582527680512,1784447890000-632578958264631296-1083728582527680512,1784447890000,1784448469000,1,0.151,0.571,0.26444833625218916
1094641057146077184,1784436802000-632578958264631296-1094641057146077184,1784436802000,1784437235000,1,0.151,0.51,0.296078431372549
1294723291725955072,1784475439000-632578958264631296-1294723291725955072,1784475439000,1784475566000,1,0.151,0.086,1.755813953488372
787647951882158080,1784460450000-632578958264631296-787647951882158080,1784460450000,1784460747000,1,0.151,0.298,0.5067114093959731
939547018001383424,1784426478000-632578958264631296-939547018001383424,1784426478000,1784427490000,1,0.151,1.035,0.1458937198067633
1050036836505747456,1784488047000-632578958264631296-1050036836505747456,1784488047000,1784488350000,1,0.15,0.341,0.439882697947214
1067764977248501760,1784436697000-632578958264631296-1067764977248501760,1784436697000,1784437401000,1,0.15,0.786,0.19083969465648853
1076104369969037312,1784464319000-632578958264631296-1076104369969037312,1784464319000,1784464425000,1,0.15,0.261,0.5747126436781609
1545823503347875840,1784437542000-632578958264631296-1545823503347875840,1784437542000,1784437951000,1,0.15,0.349,0.42979942693409745
1050441880044568576,1784452915000-632578958264631296-1050441880044568576,1784452915000,1784453361000,1,0.149,0.153,0.9738562091503268
1067776270814674944,1784419866000-632578958264631296-1067776270814674944,1784419866000,1784420186000,1,0.149,0.296,0.5033783783783784
1286311379313098752,1784452534000-632578958264631296-1286311379313098752,1784452534000,1784452642000,1,0.149,0.053,2.811320754716981
1536014647272931328,1784426976000-632578958264631296-1536014647272931328,1784426976000,1784427263000,1,0.149,0.243,0.6131687242798354
940981890892955648,1784432562000-632578958264631296-940981890892955648,1784432562000,1784433130000,1,0.149,0.319,0.4670846394984326
1050036721544069120,1784446630000-632578958264631296-1050036721544069120,1784446630000,1784446813000,1,0.148,0.179,0.8268156424581006
1135631306680434688,1784467126000-632578958264631296-1135631306680434688,1784467126000,1784467900000,1,0.148,0.705,0.2099290780141844
946025328671719424,1784484665000-632578958264631296-946025328671719424,1784484665000,1784484941000,1,0.148,0.126,1.1746031746031744
971379691866816512,1784484501000-632578958264631296-971379691866816512,1784484501000,1784484886000,1,0.148,0.348,0.4252873563218391
1064532839803912192,1784455855000-632578958264631296-1064532839803912192,1784455855000,1784456078000,1,0.147,0.143,1.027972027972028
947104127047958528,1784428787000-632578958264631296-947104127047958528,1784428787000,1784429032000,1,0.147,0.044,3.340909090909091
1064494636166283264,1784490539000-632578958264631296-1064494636166283264,1784490539000,1784490650000,1,0.146,0.102,1.4313725490196079
1087441747748847616,1784440226000-632578958264631296-1087441747748847616,1784440226000,1784440484000,1,0.146,0.298,0.4899328859060403
1389244302743306240,1784469901000-632578958264631296-1389244302743306240,1784469901000,1784470344000,1,0.146,0.275,0.5309090909090909
1081533146517733376,1784462808000-632578958264631296-1081533146517733376,1784462808000,1784463180000,1,0.145,0.158,0.9177215189873417
1111626569580806144,1784441066000-632578958264631296-1111626569580806144,1784441066000,1784441487000,1,0.145,0.247,0.5870445344129555
847116116999274496,1784438022000-632578958264631296-847116116999274496,1784438022000,1784438781000,1,0.145,0.924,0.15692640692640691
946036270407090176,1784435817000-632578958264631296-946036270407090176,1784435817000,1784436359000,1,0.145,0.179,0.8100558659217877
1136252936335130624,1784439688000-632578958264631296-1136252936335130624,1784439688000,1784439946000,1,0.144,0.21,0.6857142857142857
1268615019327651840,1784465891000-632578958264631296-1268615019327651840,1784465891000,1784466205000,1,0.144,0.236,0.6101694915254238
1540361729291059200,1784427742000-632578958264631296-1540361729291059200,1784427742000,1784428206000,1,0.144,0.319,0.45141065830721
869918310366445568,1784443596000-632578958264631296-869918310366445568,1784443596000,1784443769000,1,0.144,0.167,0.8622754491017963
789852692640956416,1784446650000-632578958264631296-789852692640956416,1784446650000,1784446845000,1,0.143,0.177,0.807909604519774
940246123384143872,1784453817000-632578958264631296-940246123384143872,1784453817000,1784454045000,1,0.143,0.213,0.6713615023474178
1073201833905750016,1784426191000-632578958264631296-1073201833905750016,1784426191000,1784426416000,1,0.142,0.248,0.5725806451612903
1083728870357598208,1784465898000-632578958264631296-1083728870357598208,1784465898000,1784466256000,1,0.142,0.402,0.3532338308457711
784445514740400128,1784466552000-632578958264631296-784445514740400128,1784466552000,1784466705000,1,0.142,0.126,1.126984126984127
1385305291104452608,1784455424000-632578958264631296-1385305291104452608,1784455424000,1784455755000,1,0.141,0.29,0.4862068965517241
926835749754503168,1784454935000-632578958264631296-926835749754503168,1784454935000,1784455064000,1,0.141,0.155,0.9096774193548386
1132636899983228928,1784436481000-632578958264631296-1132636899983228928,1784436481000,1784437702000,1,0.14,1.402,0.09985734664764624
1385589008028925952,1784445928000-632578958264631296-1385589008028925952,1784445928000,1784446285000,1,0.14,0.233,0.6008583690987125
870286624469024768,1784431375000-632578958264631296-870286624469024768,1784431375000,1784431720000,1,0.14,0.278,0.5035971223021583
1050036721544069120,1784450919000-632578958264631296-1050036721544069120,1784450919000,1784451438000,1,0.139,0.506,0.274703557312253
1050781532765028352,1784486784000-632578958264631296-1050781532765028352,1784486784000,1784486964000,1,0.139,0.104,1.3365384615384617
789852692640956416,1784452235000-632578958264631296-789852692640956416,1784452235000,1784452543000,1,0.139,0.384,0.3619791666666667
931855689733636096,1784452350000-632578958264631296-931855689733636096,1784452350000,1784452578000,1,0.139,0.29,0.4793103448275863
946036270407090176,1784427983000-632578958264631296-946036270407090176,1784427983000,1784428108000,1,0.139,0.064,2.171875
1067772524470730752,1784459830000-632578958264631296-1067772524470730752,1784459830000,1784460096000,1,0.138,0.362,0.3812154696132597
1073201833905750016,1784424349000-632578958264631296-1073201833905750016,1784424349000,1784424687000,1,0.138,0.233,0.592274678111588
1083726345994764288,1784447990000-632578958264631296-1083726345994764288,1784447990000,1784448297000,1,0.138,0.318,0.4339622641509434
971379691866816512,1784482309000-632578958264631296-971379691866816512,1784482309000,1784482678000,1,0.138,0.441,0.3129251700680272
1136252936335130624,1784444622000-632578958264631296-1136252936335130624,1784444622000,1784444959000,1,0.137,0.372,0.3682795698924731
1181865772805259264,1784443904000-632578958264631296-1181865772805259264,1784443904000,1784444799000,1,0.137,1.061,0.12912346842601322
780109531760820224,1784450892000-632578958264631296-780109531760820224,1784450892000,1784451670000,1,0.137,0.514,0.26653696498054474
926835749754503168,1784455435000-632578958264631296-926835749754503168,1784455435000,1784455584000,1,0.137,0.175,0.7828571428571429
1067772524470730752,1784454219000-632578958264631296-1067772524470730752,1784454219000,1784454463000,1,0.136,0.272,0.5
971379691866816512,1784474455000-632578958264631296-971379691866816512,1784474455000,1784475395000,1,0.136,1.008,0.13492063492063494
1373358446576926720,1784454309000-632578958264631296-1373358446576926720,1784454309000,1784454442000,1,0.135,0.046,2.9347826086956523
866245317551456256,1784462839000-632578958264631296-866245317551456256,1784462839000,1784463349000,1,0.135,0.665,0.20300751879699247
941659394423128064,1784450513000-632578958264631296-941659394423128064,1784450513000,1784452818000,1,0.135,2.628,0.051369863013698634
947092625956012032,1784436465000-632578958264631296-947092625956012032,1784436465000,1784436641000,1,0.135,0.085,1.588235294117647
1050024168621342720,1784449282000-632578958264631296-1050024168621342720,1784449282000,1784449508000,1,0.134,0.001,134.0
1068875501654769664,1784470147000-632578958264631296-1068875501654769664,1784470147000,1784470251000,1,0.134,0.098,1.3673469387755102
1081223436249858048,1784457868000-632578958264631296-1081223436249858048,1784457868000,1784458068000,1,0.134,0.078,1.717948717948718
1385589008028925952,1784456530000-632578958264631296-1385589008028925952,1784456530000,1784456756000,1,0.134,0.197,0.6802030456852792
1083040452048846848,1784434642000-632578958264631296-1083040452048846848,1784434642000,1784435085000,1,0.133,0.214,0.6214953271028038
1083727207982956544,1784434439000-632578958264631296-1083727207982956544,1784434439000,1784434918000,1,0.133,0.505,0.2633663366336634
1131239476161413120,1784424502000-632578958264631296-1131239476161413120,1784424502000,1784424975000,1,0.133,0.586,0.22696245733788398
1153273376152748032,1784419542000-632578958264631296-1153273376152748032,1784419542000,1784419756000,1,0.133,0.104,1.278846153846154
1268615019327651840,1784448982000-632578958264631296-1268615019327651840,1784448982000,1784449441000,1,0.133,0.467,0.284796573875803
792451146961649664,1784429533000-632578958264631296-792451146961649664,1784429533000,1784430233000,1,0.133,0.443,0.30022573363431154
964169792938311680,1784456009000-632578958264631296-964169792938311680,1784456009000,1784456304000,1,0.133,0.218,0.6100917431192661
1067776270814674944,1784430014000-632578958264631296-1067776270814674944,1784430014000,1784430423000,1,0.132,0.479,0.2755741127348643
1152269234303139840,1784470794000-632578958264631296-1152269234303139840,1784470794000,1784471160000,1,0.132,0.195,0.676923076923077
1362452416535986176,1784461512000-632578958264631296-1362452416535986176,1784461512000,1784461724000,1,0.132,0.028,4.714285714285714
1398705978894974976,1784427093000-632578958264631296-1398705978894974976,1784427093000,1784427258000,1,0.132,0.189,0.6984126984126985
952583803866447872,1784460830000-632578958264631296-952583803866447872,1784460830000,1784461383000,1,0.132,0.28,0.4714285714285714
1046836268442320896,1784440316000-632578958264631296-1046836268442320896,1784440316000,1784440557000,1,0.131,0.282,0.46453900709219864
1385305291104452608,1784472404000-632578958264631296-1385305291104452608,1784472404000,1784472571000,1,0.131,0.11,1.190909090909091
780444155561115648,1784442538000-632578958264631296-780444155561115648,1784442538000,1784443158000,1,0.131,0.453,0.2891832229580574
1478688867300147200,1784464680000-632578958264631296-1478688867300147200,1784464680000,1784464810000,1,0.13,0.198,0.6565656565656566
1536014618822967296,1784431558000-632578958264631296-1536014618822967296,1784431558000,1784431724000,1,0.13,0.211,0.6161137440758294
1046836268442320896,1784441448000-632578958264631296-1046836268442320896,1784441448000,1784441736000,1,0.129,0.199,0.6482412060301508
1478819140813717504,1784456762000-632578958264631296-1478819140813717504,1784456762000,1784456949000,1,0.129,0.219,0.589041095890411
1484590862305329152,1784461230000-632578958264631296-1484590862305329152,1784461230000,1784461376000,1,0.129,0.081,1.5925925925925926
1486725792942522368,1784473511000-632578958264631296-1486725792942522368,1784473511000,1784473616000,1,0.129,0.024,5.375
943819597830684672,1784460538000-632578958264631296-943819597830684672,1784460538000,1784460770000,1,0.129,0.204,0.6323529411764707
947104127047958528,1784447431000-632578958264631296-947104127047958528,1784447431000,1784447584000,1,0.129,0.04,3.225
1083728870357598208,1784485576000-632578958264631296-1083728870357598208,1784485576000,1784485810000,1,0.128,0.065,1.9692307692307691
1362128357327634432,1784489069000-632578958264631296-1362128357327634432,1784489069000,1784489286000,1,0.128,0.121,1.0578512396694215
1454186236603269120,1784464634000-632578958264631296-1454186236603269120,1784464634000,1784464925000,1,0.128,0.114,1.1228070175438596
1045646397224779776,1784439439000-632578958264631296-1045646397224779776,1784439439000,1784439641000,1,0.127,0.176,0.7215909090909092
1083019060351860736,1784459897000-632578958264631296-1083019060351860736,1784459897000,1784460460000,1,0.127,0.63,0.2015873015873016
1093087265762050048,1784437580000-632578958264631296-1093087265762050048,1784437580000,1784437721000,1,0.127,0.115,1.1043478260869566
1134877765846171648,1784453321000-632578958264631296-1134877765846171648,1784453321000,1784453584000,1,0.127,0.279,0.4551971326164874
1536014596580573184,1784443665000-632578958264631296-1536014596580573184,1784443665000,1784443798000,1,0.127,0.153,0.8300653594771242
873570129613422592,1784474333000-632578958264631296-873570129613422592,1784474333000,1784474498000,1,0.127,0.136,0.9338235294117646
946027748999036928,1784446497000-632578958264631296-946027748999036928,1784446497000,1784446734000,1,0.127,0.121,1.0495867768595042
1468940686052032512,1784450902000-632578958264631296-1468940686052032512,1784450902000,1784450992000,1,0.126,0.13,0.9692307692307692
1471165285556813824,1784446153000-632578958264631296-1471165285556813824,1784446153000,1784447157000,1,0.126,0.109,1.1559633027522935
1045646687990710272,1784432697000-632578958264631296-1045646687990710272,1784432697000,1784432888000,1,0.125,0.143,0.8741258741258742
1049341310072258560,1784445331000-632578958264631296-1049341310072258560,1784445331000,1784445627000,1,0.125,0.247,0.5060728744939271
1067772524470730752,1784442153000-632578958264631296-1067772524470730752,1784442153000,1784442411000,1,0.125,0.158,0.7911392405063291
1070378226594873344,1784436006000-632578958264631296-1070378226594873344,1784436006000,1784436180000,1,0.125,0.112,1.1160714285714286
1079095062366781440,1784454846000-632578958264631296-1079095062366781440,1784454846000,1784454992000,1,0.125,0.174,0.7183908045977012
1105915143314735104,1784419164000-632578958264631296-1105915143314735104,1784419164000,1784419545000,1,0.125,0.368,0.33967391304347827
1181865772805259264,1784437087000-632578958264631296-1181865772805259264,1784437087000,1784438033000,1,0.125,1.063,0.1175917215428034
1286311379313098752,1784437769000-632578958264631296-1286311379313098752,1784437769000,1784438023000,1,0.125,0.086,1.4534883720930234
1362128357327634432,1784435677000-632578958264631296-1362128357327634432,1784435677000,1784435882000,1,0.125,0.13,0.9615384615384615
1362452416535986176,1784453490000-632578958264631296-1362452416535986176,1784453490000,1784453732000,1,0.125,0.117,1.0683760683760684
1385304935976927232,1784452971000-632578958264631296-1385304935976927232,1784452971000,1784453258000,1,0.125,0.155,0.8064516129032259
1385305554984894464,1784450448000-632578958264631296-1385305554984894464,1784450448000,1784451947000,1,0.125,0.867,0.14417531718569782
1422205318414204928,1784444874000-632578958264631296-1422205318414204928,1784444874000,1784445060000,1,0.125,0.147,0.8503401360544218
1428064485414797312,1784456307000-632578958264631296-1428064485414797312,1784456307000,1784456584000,1,0.125,0.158,0.7911392405063291
1428064485414797312,1784491145000-632578958264631296-1428064485414797312,1784491145000,1784491399000,1,0.125,0.155,0.8064516129032259
1464286463544786944,1784455106000-632578958264631296-1464286463544786944,1784455106000,1784455412000,1,0.125,0.172,0.7267441860465117
1476549765217910784,1784420295000-632578958264631296-1476549765217910784,1784420295000,1784421639000,1,0.125,1.382,0.09044862518089726
1479447378401427456,1784475354000-632578958264631296-1479447378401427456,1784475354000,1784475952000,1,0.125,0.263,0.47528517110266155
1484590862305329152,1784445388000-632578958264631296-1484590862305329152,1784445388000,1784445748000,1,0.125,0.209,0.5980861244019139
1488129049464143872,1784437901000-632578958264631296-1488129049464143872,1784437901000,1784438304000,1,0.125,0.157,0.7961783439490446
866648852977942528,1784453329000-632578958264631296-866648852977942528,1784453329000,1784453750000,1,0.125,0.432,0.28935185185185186
874363612666265600,1784439746000-632578958264631296-874363612666265600,1784439746000,1784440051000,1,0.125,0.279,0.4480286738351254
883046842797916160,1784441651000-632578958264631296-883046842797916160,1784441651000,1784442253000,1,0.125,0.327,0.382262996941896
883046842797916160,1784445711000-632578958264631296-883046842797916160,1784445711000,1784445897000,1,0.125,0.131,0.9541984732824427
919290820798971904,1784470024000-632578958264631296-919290820798971904,1784470024000,1784470149000,1,0.125,0.087,1.4367816091954024
929721011920699392,1784435688000-632578958264631296-929721011920699392,1784435688000,1784438433000,1,0.125,1.849,0.06760411032990805
929726540265029632,1784463548000-632578958264631296-929726540265029632,1784463548000,1784463732000,1,0.125,0.273,0.45787545787545786
942469061864849408,1784477660000-632578958264631296-942469061864849408,1784477660000,1784477899000,1,0.125,0.152,0.8223684210526316
946025328671719424,1784469821000-632578958264631296-946025328671719424,1784469821000,1784470070000,1,0.125,0.112,1.1160714285714286
946025328671719424,1784470472000-632578958264631296-946025328671719424,1784470472000,1784470866000,1,0.125,0.194,0.6443298969072164
946036270407090176,1784454965000-632578958264631296-946036270407090176,1784454965000,1784455145000,1,0.125,0.183,0.6830601092896175
947104127047958528,1784443688000-632578958264631296-947104127047958528,1784443688000,1784443902000,1,0.125,0.039,3.2051282051282053
951557843473924096,1784471768000-632578958264631296-951557843473924096,1784471768000,1784472037000,1,0.125,0.187,0.6684491978609626
961238953837461504,1784440161000-632578958264631296-961238953837461504,1784440161000,1784440509000,1,0.125,0.144,0.8680555555555556
961239466377216000,1784432083000-632578958264631296-961239466377216000,1784432083000,1784432229000,1,0.125,0.064,1.953125
996808469547843584,1784460124000-632578958264631296-996808469547843584,1784460124000,1784460312000,1,0.125,0.118,1.0593220338983051
1079095062366781440,1784458771000-632578958264631296-1079095062366781440,1784458771000,1784459152000,1,0.124,0.292,0.4246575342465754
1406228892573761536,1784454296000-632578958264631296-1406228892573761536,1784454296000,1784454788000,1,0.124,0.513,0.24171539961013644
1464286463544786944,1784482158000-632578958264631296-1464286463544786944,1784482158000,1784482287000,1,0.124,0.152,0.8157894736842105
873568577507033088,1784434108000-632578958264631296-873568577507033088,1784434108000,1784434323000,1,0.124,0.107,1.158878504672897
1071826388769570816,1784475069000-632578958264631296-1071826388769570816,1784475069000,1784475251000,1,0.123,0.088,1.3977272727272727
1073994678560358400,1784436741000-632578958264631296-1073994678560358400,1784436741000,1784437293000,1,0.123,0.681,0.18061674008810572
1083727289243402240,1784445738000-632578958264631296-1083727289243402240,1784445738000,1784446106000,1,0.123,0.516,0.2383720930232558
1120316662394912768,1784462151000-632578958264631296-1120316662394912768,1784462151000,1784462550000,1,0.123,0.477,0.2578616352201258
1500484476822618112,1784436436000-632578958264631296-1500484476822618112,1784436436000,1784436574000,1,0.123,0.065,1.8923076923076922
862677844923252736,1784449809000-632578958264631296-862677844923252736,1784449809000,1784450014000,1,0.123,0.188,0.6542553191489362
796385052366733312,1784473810000-632578958264631296-796385052366733312,1784473810000,1784474081000,1,0.122,0.195,0.6256410256410256
929726540265029632,1784489140000-632578958264631296-929726540265029632,1784489140000,1784489262000,1,0.122,0.191,0.6387434554973822
1061350711461150720,1784431414000-632578958264631296-1061350711461150720,1784431414000,1784431642000,1,0.121,0.1,1.21
1083727931903049728,1784435372000-632578958264631296-1083727931903049728,1784435372000,1784435884000,1,0.121,0.656,0.18445121951219512
1126868873732161536,1784463251000-632578958264631296-1126868873732161536,1784463251000,1784463513000,1,0.121,0.211,0.5734597156398105
1176180359524515840,1784429293000-632578958264631296-1176180359524515840,1784429293000,1784430690000,1,0.121,1.929,0.06272680145152928
1484590862305329152,1784452334000-632578958264631296-1484590862305329152,1784452334000,1784452541000,1,0.121,0.228,0.5307017543859649
869918310366445568,1784444897000-632578958264631296-869918310366445568,1784444897000,1784445095000,1,0.121,0.175,0.6914285714285715
870309644059279360,1784440411000-632578958264631296-870309644059279360,1784440411000,1784440687000,1,0.121,0.23,0.5260869565217391
1108703058243616768,1784429651000-632578958264631296-1108703058243616768,1784429651000,1784430392000,1,0.12,0.368,0.32608695652173914
1181299462874595328,1784449902000-632578958264631296-1181299462874595328,1784449902000,1784450102000,1,0.12,0.121,0.9917355371900827
1484590862305329152,1784472378000-632578958264631296-1484590862305329152,1784472378000,1784473321000,1,0.12,0.546,0.21978021978021975
1536014570613637120,1784442932000-632578958264631296-1536014570613637120,1784442932000,1784443093000,1,0.12,0.122,0.9836065573770492
1536393085787832320,1784481751000-632578958264631296-1536393085787832320,1784481751000,1784482134000,1,0.12,0.287,0.4181184668989547
873201356771426304,1784475328000-632578958264631296-873201356771426304,1784475328000,1784475434000,1,0.12,0.06,2.0
1067775323560476672,1784431797000-632578958264631296-1067775323560476672,1784431797000,1784432066000,1,0.119,0.158,0.7531645569620252
1136252936335130624,1784443259000-632578958264631296-1136252936335130624,1784443259000,1784443440000,1,0.119,0.143,0.8321678321678322
1385304935976927232,1784460541000-632578958264631296-1385304935976927232,1784460541000,1784460823000,1,0.119,0.135,0.8814814814814814
780067386190462976,1784495845000-632578958264631296-780067386190462976,1784495845000,1784496299000,1,0.119,0.361,0.3296398891966759
1023491297677148160,1784425157000-632578958264631296-1023491297677148160,1784425157000,1784425313000,1,0.118,0.055,2.1454545454545455
1046442514266980352,1784472025000-632578958264631296-1046442514266980352,1784472025000,1784477028000,1,0.118,1.304,0.09049079754601226
812260483275948032,1784431726000-632578958264631296-812260483275948032,1784431726000,1784431975000,1,0.118,0.195,0.6051282051282051
870309644059279360,1784463806000-632578958264631296-870309644059279360,1784463806000,1784464863000,1,0.118,1.061,0.1112158341187559
939140294748667904,1784469828000-632578958264631296-939140294748667904,1784469828000,1784470111000,1,0.118,0.187,0.6310160427807486
940981890892955648,1784486760000-632578958264631296-940981890892955648,1784486760000,1784487043000,1,0.118,0.209,0.5645933014354066
1079095785133441024,1784460353000-632578958264631296-1079095785133441024,1784460353000,1784461378000,1,0.117,0.627,0.18660287081339713
1120316481867874304,1784501942000-632578958264631296-1120316481867874304,1784501942000,1784502520000,1,0.117,0.62,0.18870967741935485
1157003119578578944,1784447037000-632578958264631296-1157003119578578944,1784447037000,1784447329000,1,0.117,0.275,0.4254545454545454
1385304935976927232,1784452116000-632578958264631296-1385304935976927232,1784452116000,1784452402000,1,0.117,0.305,0.3836065573770492
1385588909638942720,1784451099000-632578958264631296-1385588909638942720,1784451099000,1784451299000,1,0.117,0.151,0.7748344370860928
1396880990281924608,1784447944000-632578958264631296-1396880990281924608,1784447944000,1784448860000,1,0.117,0.649,0.1802773497688752
787647951882158080,1784452484000-632578958264631296-787647951882158080,1784452484000,1784452812000,1,0.117,0.22,0.5318181818181819
873109579045535744,1784438515000-632578958264631296-873109579045535744,1784438515000,1784438677000,1,0.117,0.129,0.9069767441860466
951882940915122176,1784424317000-632578958264631296-951882940915122176,1784424317000,1784424420000,1,0.117,0.058,2.0172413793103448
971379691866816512,1784440576000-632578958264631296-971379691866816512,1784440576000,1784440950000,1,0.117,0.356,0.32865168539325845
1061350711461150720,1784440382000-632578958264631296-1061350711461150720,1784440382000,1784440510000,1,0.116,0.064,1.8125
1067765389137543168,1784439246000-632578958264631296-1067765389137543168,1784439246000,1784439422000,1,0.116,0.145,0.8
1079778539525373952,1784437137000-632578958264631296-1079778539525373952,1784437137000,1784437441000,1,0.116,0.126,0.9206349206349207
1081533146517733376,1784458184000-632578958264631296-1081533146517733376,1784458184000,1784458721000,1,0.116,0.51,0.22745098039215686
1082330521322651648,1784438527000-632578958264631296-1082330521322651648,1784438527000,1784438667000,1,0.116,0.118,0.9830508474576273
1082330521322651648,1784457090000-632578958264631296-1082330521322651648,1784457090000,1784457273000,1,0.116,0.266,0.43609022556390975
1083727448777949184,1784447569000-632578958264631296-1083727448777949184,1784447569000,1784447777000,1,0.116,0.157,0.7388535031847134
1422205318414204928,1784471297000-632578958264631296-1422205318414204928,1784471297000,1784471634000,1,0.116,0.242,0.4793388429752066
942426738309201920,1784464233000-632578958264631296-942426738309201920,1784464233000,1784464516000,1,0.116,0.098,1.183673469387755
942469061864849408,1784443132000-632578958264631296-942469061864849408,1784443132000,1784443223000,1,0.116,0.386,0.3005181347150259
946025328671719424,1784487307000-632578958264631296-946025328671719424,1784487307000,1784487622000,1,0.116,0.318,0.3647798742138365
946027472992862208,1784445211000-632578958264631296-946027472992862208,1784445211000,1784446340000,1,0.116,0.472,0.24576271186440682
1067764977248501760,1784456551000-632578958264631296-1067764977248501760,1784456551000,1784456831000,1,0.115,0.199,0.5778894472361809
1475453057469775872,1784477025000-632578958264631296-1475453057469775872,1784477025000,1784477608000,1,0.115,0.25,0.46
873568577507033088,1784435664000-632578958264631296-873568577507033088,1784435664000,1784435869000,1,0.115,0.205,0.5609756097560976
939547788868321280,1784454864000-632578958264631296-939547788868321280,1784454864000,1784455068000,1,0.115,0.036,3.1944444444444446
1046836268442320896,1784442223000-632578958264631296-1046836268442320896,1784442223000,1784442767000,1,0.114,0.318,0.3584905660377359
1131239834900234240,1784431988000-632578958264631296-1131239834900234240,1784431988000,1784432523000,1,0.114,0.716,0.15921787709497207
1131239834900234240,1784438873000-632578958264631296-1131239834900234240,1784438873000,1784439394000,1,0.114,0.631,0.18066561014263074
1268615019327651840,1784449735000-632578958264631296-1268615019327651840,1784449735000,1784449928000,1,0.114,0.154,0.7402597402597403
1067771070980816896,1784460563000-632578958264631296-1067771070980816896,1784460563000,1784460796000,1,0.113,0.111,1.018018018018018
925753337108758528,1784428097000-632578958264631296-925753337108758528,1784428097000,1784428317000,1,0.113,0.118,0.9576271186440679
1070378226594873344,1784472388000-632578958264631296-1070378226594873344,1784472388000,1784472668000,1,0.112,0.216,0.5185185185185185
1083728677599969280,1784447972000-632578958264631296-1083728677599969280,1784447972000,1784448236000,1,0.112,0.204,0.5490196078431373
1083728870357598208,1784465417000-632578958264631296-1083728870357598208,1784465417000,1784465597000,1,0.112,0.139,0.8057553956834532
1094955908762435584,1784429754000-632578958264631296-1094955908762435584,1784429754000,1784430232000,1,0.112,0.382,0.2931937172774869
1268615019327651840,1784456445000-632578958264631296-1268615019327651840,1784456445000,1784456638000,1,0.112,0.098,1.1428571428571428
1464286463544786944,1784441237000-632578958264631296-1464286463544786944,1784441237000,1784441776000,1,0.112,0.249,0.4497991967871486
866648852977942528,1784475710000-632578958264631296-866648852977942528,1784475710000,1784476036000,1,0.112,0.328,0.3414634146341463
946035487334727680,1784472744000-632578958264631296-946035487334727680,1784472744000,1784473036000,1,0.112,0.074,1.5135135135135136
951563481520275456,1784426017000-632578958264631296-951563481520275456,1784426017000,1784426116000,1,0.112,0.001,112.0
971379691866816512,1784476280000-632578958264631296-971379691866816512,1784476280000,1784476726000,1,0.112,0.474,0.23628691983122366
1083727852433571840,1784428807000-632578958264631296-1083727852433571840,1784428807000,1784429388000,1,0.111,0.496,0.22379032258064516
1127222273418199040,1784504653000-632578958264631296-1127222273418199040,1784504653000,1784504777000,1,0.111,0.078,1.4230769230769231
1385305128772304896,1784422553000-632578958264631296-1385305128772304896,1784422553000,1784423198000,1,0.111,0.392,0.28316326530612246
939547788868321280,1784455400000-632578958264631296-939547788868321280,1784455400000,1784455597000,1,0.111,0.035,3.1714285714285713
1067763772824748032,1784460252000-632578958264631296-1067763772824748032,1784460252000,1784460637000,1,0.11,0.353,0.311614730878187
1067775256489361408,1784456006000-632578958264631296-1067775256489361408,1784456006000,1784456298000,1,0.11,0.229,0.48034934497816595
1083727289243402240,1784443636000-632578958264631296-1083727289243402240,1784443636000,1784443895000,1,0.11,0.361,0.30470914127423826
1357047782162038784,1784442753000-632578958264631296-1357047782162038784,1784442753000,1784443070000,1,0.11,0.111,0.990990990990991
1406228892573761536,1784461726000-632578958264631296-1406228892573761536,1784461726000,1784462071000,1,0.11,0.274,0.4014598540145985
1475453376262045696,1784438727000-632578958264631296-1475453376262045696,1784438727000,1784439081000,1,0.11,0.328,0.33536585365853655
1491416395517263872,1784439451000-632578958264631296-1491416395517263872,1784439451000,1784439660000,1,0.11,0.108,1.0185185185185186
1536014647272931328,1784426722000-632578958264631296-1536014647272931328,1784426722000,1784426967000,1,0.11,0.216,0.5092592592592593
780067386190462976,1784419734000-632578958264631296-780067386190462976,1784419734000,1784419995000,1,0.11,0.167,0.6586826347305389
789852692640956416,1784450437000-632578958264631296-789852692640956416,1784450437000,1784450617000,1,0.11,0.137,0.802919708029197
836966844580495360,1784464859000-632578958264631296-836966844580495360,1784464859000,1784465152000,1,0.11,0.271,0.4059040590405904
862677844923252736,1784445824000-632578958264631296-862677844923252736,1784445824000,1784446046000,1,0.11,0.125,0.88
1046836268442320896,1784440563000-632578958264631296-1046836268442320896,1784440563000,1784440778000,1,0.109,0.191,0.5706806282722513
1064532839803912192,1784476396000-632578958264631296-1064532839803912192,1784476396000,1784476519000,1,0.109,0.105,1.0380952380952382
1068875501654769664,1784424687000-632578958264631296-1068875501654769664,1784424687000,1784424954000,1,0.109,0.185,0.5891891891891892
1083728245179809792,1784470359000-632578958264631296-1083728245179809792,1784470359000,1784470846000,1,0.109,0.494,0.22064777327935223
1464286463544786944,1784442742000-632578958264631296-1464286463544786944,1784442742000,1784442895000,1,0.109,0.082,1.3292682926829267
1536014674678513664,1784426432000-632578958264631296-1536014674678513664,1784426432000,1784426691000,1,0.109,0.23,0.47391304347826085
862677844923252736,1784450124000-632578958264631296-862677844923252736,1784450124000,1784450329000,1,0.109,0.217,0.5023041474654378
922469481249243136,1784465098000-632578958264631296-922469481249243136,1784465098000,1784465289000,1,0.109,0.095,1.1473684210526316
927179928254808064,1784433804000-632578958264631296-927179928254808064,1784433804000,1784434808000,1,0.109,0.396,0.27525252525252525
942721856836730880,1784454408000-632578958264631296-942721856836730880,1784454408000,1784454649000,1,0.109,0.104,1.0480769230769231
1071019405950844928,1784483688000-632578958264631296-1071019405950844928,1784483688000,1784484624000,1,0.108,0.696,0.15517241379310345
1076104369969037312,1784479831000-632578958264631296-1076104369969037312,1784479831000,1784480119000,1,0.108,0.126,0.8571428571428571
1170761528379441152,1784447567000-632578958264631296-1170761528379441152,1784447567000,1784447859000,1,0.108,0.101,1.0693069306930691
1268615019327651840,1784465467000-632578958264631296-1268615019327651840,1784465467000,1784465660000,1,0.108,0.164,0.6585365853658536
870286624469024768,1784470991000-632578958264631296-870286624469024768,1784470991000,1784471348000,1,0.108,0.221,0.48868778280542985
1071826388769570816,1784454542000-632578958264631296-1071826388769570816,1784454542000,1784454787000,1,0.107,0.233,0.45922746781115875
1079444806125486080,1784468189000-632578958264631296-1079444806125486080,1784468189000,1784469058000,1,0.107,0.989,0.10819009100101112
1111626569580806144,1784468685000-632578958264631296-1111626569580806144,1784468685000,1784468978000,1,0.107,0.192,0.5572916666666666
1385304935976927232,1784466115000-632578958264631296-1385304935976927232,1784466115000,1784466359000,1,0.107,0.126,0.8492063492063492
931855689733636096,1784463985000-632578958264631296-931855689733636096,1784463985000,1784464134000,1,0.107,0.173,0.6184971098265897
939547788868321280,1784470612000-632578958264631296-939547788868321280,1784470612000,1784470936000,1,0.107,0.034,3.1470588235294117
1041007225465733120,1784479050000-632578958264631296-1041007225465733120,1784479050000,1784479381000,1,0.106,0.187,0.5668449197860962
1484590862305329152,1784479777000-632578958264631296-1484590862305329152,1784479777000,1784480117000,1,0.106,0.137,0.7737226277372262
951557843473924096,1784473490000-632578958264631296-951557843473924096,1784473490000,1784473606000,1,0.105,0.052,2.019230769230769
869903934959910912,1784434200000-632578958264631296-869903934959910912,1784434200000,1784434411000,1,0.104,0.074,1.4054054054054055
869954569466019840,1784462339000-632578958264631296-869954569466019840,1784462339000,1784462673000,1,0.104,0.171,0.6081871345029239
1064532839803912192,1784454246000-632578958264631296-1064532839803912192,1784454246000,1784454430000,1,0.103,0.102,1.0098039215686274
1081533146517733376,1784470669000-632578958264631296-1081533146517733376,1784470669000,1784470944000,1,0.103,0.198,0.5202020202020201
1087441747748847616,1784438149000-632578958264631296-1087441747748847616,1784438149000,1784438514000,1,0.103,0.294,0.35034013605442177
1464286677953413120,1784445720000-632578958264631296-1464286677953413120,1784445720000,1784446074000,1,0.103,0.265,0.38867924528301884
1525526061327056896,1784462678000-632578958264631296-1525526061327056896,1784462678000,1784463550000,1,0.103,0.503,0.20477137176938368
866245317551456256,1784458725000-632578958264631296-866245317551456256,1784458725000,1784459659000,1,0.103,0.995,0.1035175879396985
1045646209449984000,1784435377000-632578958264631296-1045646209449984000,1784435377000,1784435569000,1,0.102,0.088,1.1590909090909092
1083726789898928128,1784482752000-632578958264631296-1083726789898928128,1784482752000,1784483012000,1,0.102,0.195,0.523076923076923
1131240373310455808,1784430510000-632578958264631296-1131240373310455808,1784430510000,1784431156000,1,0.102,0.68,0.14999999999999997
1396881508228136960,1784470845000-632578958264631296-1396881508228136960,1784470845000,1784471263000,1,0.102,0.346,0.2947976878612717
1479447378401427456,1784446560000-632578958264631296-1479447378401427456,1784446560000,1784446745000,1,0.102,0.104,0.9807692307692307
1488129049464143872,1784438315000-632578958264631296-1488129049464143872,1784438315000,1784438597000,1,0.102,0.126,0.8095238095238094
951558904641224704,1784449889000-632578958264631296-951558904641224704,1784449889000,1784450309000,1,0.102,0.142,0.7183098591549296
1079095062366781440,1784455435000-632578958264631296-1079095062366781440,1784455435000,1784455691000,1,0.101,0.361,0.2797783933518006
1082303861131051008,1784446463000-632578958264631296-1082303861131051008,1784446463000,1784446653000,1,0.101,0.198,0.51010101010101
1089954932305428480,1784462524000-632578958264631296-1089954932305428480,1784462524000,1784462809000,1,0.101,0.216,0.4675925925925926
1177288436235632640,1784473735000-632578958264631296-1177288436235632640,1784473735000,1784474010000,1,0.101,0.14,0.7214285714285714
1286352128566099968,1784451459000-632578958264631296-1286352128566099968,1784451459000,1784452271000,1,0.101,1.076,0.09386617100371747
946027748999036928,1784489254000-632578958264631296-946027748999036928,1784489254000,1784489475000,1,0.101,0.12,0.8416666666666668
1023491297677148160,1784423690000-632578958264631296-1023491297677148160,1784423690000,1784423836000,1,0.1,0.038,2.6315789473684212
1041007225465733120,1784477730000-632578958264631296-1041007225465733120,1784477730000,1784478949000,1,0.1,0.618,0.16181229773462785
1050036836505747456,1784441780000-632578958264631296-1050036836505747456,1784441780000,1784442169000,1,0.1,0.524,0.19083969465648856
1071826388769570816,1784446681000-632578958264631296-1071826388769570816,1784446681000,1784447217000,1,0.1,0.581,0.17211703958691912
1071826388769570816,1784452730000-632578958264631296-1071826388769570816,1784452730000,1784452897000,1,0.1,0.111,0.9009009009009009
1071826388769570816,1784473539000-632578958264631296-1071826388769570816,1784473539000,1784473784000,1,0.1,0.299,0.3344481605351171
1071826388769570816,1784498114000-632578958264631296-1071826388769570816,1784498114000,1784498355000,1,0.1,0.255,0.39215686274509803
1072871041421803520,1784424887000-632578958264631296-1072871041421803520,1784424887000,1784425339000,1,0.1,0.391,0.2557544757033248
1073983957575401472,1784491444000-632578958264631296-1073983957575401472,1784491444000,1784491724000,1,0.1,0.236,0.42372881355932207
1082303861131051008,1784458866000-632578958264631296-1082303861131051008,1784458866000,1784459447000,1,0.1,0.616,0.16233766233766234
1082330521322651648,1784453639000-632578958264631296-1082330521322651648,1784453639000,1784453839000,1,0.1,0.167,0.5988023952095808
1082330521322651648,1784468610000-632578958264631296-1082330521322651648,1784468610000,1784470920000,1,0.1,2.121,0.04714757190004715
1083728870357598208,1784469462000-632578958264631296-1083728870357598208,1784469462000,1784469863000,1,0.1,0.447,0.2237136465324385
1087441747748847616,1784427768000-632578958264631296-1087441747748847616,1784427768000,1784428072000,1,0.1,0.281,0.3558718861209964
1088511709141794816,1784468827000-632578958264631296-1088511709141794816,1784468827000,1784469396000,1,0.1,0.49,0.20408163265306123
1094641057146077184,1784466987000-632578958264631296-1094641057146077184,1784466987000,1784468020000,1,0.1,1.361,0.07347538574577517
1120316481867874304,1784498367000-632578958264631296-1120316481867874304,1784498367000,1784498558000,1,0.1,0.165,0.6060606060606061
1131240847388442624,1784438513000-632578958264631296-1131240847388442624,1784438513000,1784439646000,1,0.1,1.314,0.076103500761035
1161991673035620352,1784495339000-632578958264631296-1161991673035620352,1784495339000,1784495728000,1,0.1,0.26,0.38461538461538464
1211337321434054656,1784447337000-632578958264631296-1211337321434054656,1784447337000,1784447654000,1,0.1,0.191,0.5235602094240838
1268615019327651840,1784450138000-632578958264631296-1268615019327651840,1784450138000,1784450907000,1,0.1,0.705,0.14184397163120568
1312806942439112704,1784429019000-632578958264631296-1312806942439112704,1784429019000,1784429584000,1,0.1,0.385,0.25974025974025977
1357047782162038784,1784441789000-632578958264631296-1357047782162038784,1784441789000,1784442032000,1,0.1,0.115,0.8695652173913043
642055098863718400,1784503570000-632578958264631296-642055098863718400,1784503570000,1784503835000,1,0.1,0.364,0.27472527472527475
790193276584984576,1784482953000-632578958264631296-790193276584984576,1784482953000,1784483234000,1,0.1,0.252,0.39682539682539686
866648852977942528,1784466691000-632578958264631296-866648852977942528,1784466691000,1784467756000,1,0.1,1.028,0.09727626459143969
870309644059279360,1784442999000-632578958264631296-870309644059279360,1784442999000,1784443162000,1,0.1,0.147,0.6802721088435375
931938734016823296,1784496680000-632578958264631296-931938734016823296,1784496680000,1784497024000,1,0.1,0.517,0.19342359767891684
1050037424450699264,1784448962000-632578958264631296-1050037424450699264,1784448962000,1784449159000,1,0.099,0.132,0.75
1061350711461150720,1784441967000-632578958264631296-1061350711461150720,1784441967000,1784442255000,1,0.099,0.091,1.087912087912088
1094641057146077184,1784430829000-632578958264631296-1094641057146077184,1784430829000,1784431112000,1,0.099,0.329,0.3009118541033435
1111626569580806144,1784485180000-632578958264631296-1111626569580806144,1784485180000,1784485416000,1,0.099,0.245,0.40408163265306124
1125482414773108736,1784469642000-632578958264631296-1125482414773108736,1784469642000,1784470554000,1,0.099,0.48,0.20625000000000002
1138167953473142784,1784484335000-632578958264631296-1138167953473142784,1784484335000,1784484622000,1,0.099,0.251,0.39442231075697215
883046842797916160,1784419370000-632578958264631296-883046842797916160,1784419370000,1784419769000,1,0.099,0.372,0.26612903225806456
927179928254808064,1784460527000-632578958264631296-927179928254808064,1784460527000,1784460738000,1,0.099,0.137,0.7226277372262774
939547788868321280,1784475871000-632578958264631296-939547788868321280,1784475871000,1784476426000,1,0.099,0.001,99.0
943818921138454528,1784443851000-632578958264631296-943818921138454528,1784443851000,1784444297000,1,0.099,0.315,0.3142857142857143
1105915143314735104,1784419687000-632578958264631296-1105915143314735104,1784419687000,1784419966000,1,0.098,0.391,0.2506393861892583
1176582767303983104,1784437950000-632578958264631296-1176582767303983104,1784437950000,1784438152000,1,0.098,0.267,0.36704119850187267
1406586435233906688,1784425528000-632578958264631296-1406586435233906688,1784425528000,1784425917000,1,0.098,0.304,0.3223684210526316
862677558196436992,1784440396000-632578958264631296-862677558196436992,1784440396000,1784440602000,1,0.098,0.18,0.5444444444444445
893133531117518848,1784462436000-632578958264631296-893133531117518848,1784462436000,1784462614000,1,0.098,0.078,1.2564102564102564
929726540265029632,1784489978000-632578958264631296-929726540265029632,1784489978000,1784490091000,1,0.098,0.098,1.0
1060630916881186816,1784440088000-632578958264631296-1060630916881186816,1784440088000,1784440329000,1,0.097,0.392,0.24744897959183673
1083727333329731584,1784460551000-632578958264631296-1083727333329731584,1784460551000,1784461228000,1,0.097,0.722,0.13434903047091415
1083778254826897408,1784466734000-632578958264631296-1083778254826897408,1784466734000,1784466886000,1,0.097,0.165,0.5878787878787879
1094650284191252480,1784470056000-632578958264631296-1094650284191252480,1784470056000,1784470267000,1,0.097,0.083,1.1686746987951806
1131631502098956288,1784425331000-632578958264631296-1131631502098956288,1784425331000,1784425870000,1,0.097,0.379,0.2559366754617414
1465365829724930048,1784471841000-632578958264631296-1465365829724930048,1784471841000,1784472020000,1,0.097,0.12,0.8083333333333333
784445389880164352,1784443986000-632578958264631296-784445389880164352,1784443986000,1784444413000,1,0.097,0.392,0.24744897959183673
861290333428776960,1784462623000-632578958264631296-861290333428776960,1784462623000,1784463587000,1,0.097,0.515,0.1883495145631068
946036270407090176,1784441260000-632578958264631296-946036270407090176,1784441260000,1784441508000,1,0.097,0.089,1.0898876404494382
947104127047958528,1784444062000-632578958264631296-947104127047958528,1784444062000,1784444396000,1,0.097,0.028,3.4642857142857144
1094641057146077184,1784477694000-632578958264631296-1094641057146077184,1784477694000,1784478397000,1,0.096,0.863,0.11123986095017381
1188192864341852160,1784461960000-632578958264631296-1188192864341852160,1784461960000,1784462362000,1,0.096,0.222,0.43243243243243246
1467925946630668288,1784459222000-632578958264631296-1467925946630668288,1784459222000,1784459387000,1,0.096,0.006,16.0
780451558935494656,1784453448000-632578958264631296-780451558935494656,1784453448000,1784453996000,1,0.096,0.569,0.16871704745166963
786246735176400896,1784480428000-632578958264631296-786246735176400896,1784480428000,1784480716000,1,0.096,0.319,0.30094043887147337
1050037336936546304,1784479806000-632578958264631296-1050037336936546304,1784479806000,1784480065000,1,0.095,0.348,0.27298850574712646
1070334753032372224,1784437283000-632578958264631296-1070334753032372224,1784437283000,1784437466000,1,0.095,0.156,0.608974358974359
1083039951072788480,1784484059000-632578958264631296-1083039951072788480,1784484059000,1784484517000,1,0.095,0.483,0.19668737060041408
1153273376152748032,1784436654000-632578958264631296-1153273376152748032,1784436654000,1784436915000,1,0.095,0.222,0.42792792792792794
1176180359524515840,1784446192000-632578958264631296-1176180359524515840,1784446192000,1784446792000,1,0.095,0.773,0.12289780077619664
943856131652976640,1784441495000-632578958264631296-943856131652976640,1784441495000,1784442071000,1,0.095,0.357,0.2661064425770308
946025328671719424,1784492501000-632578958264631296-946025328671719424,1784492501000,1784492797000,1,0.095,0.201,0.47263681592039797
1136252936335130624,1784453982000-632578958264631296-1136252936335130624,1784453982000,1784454274000,1,0.094,0.331,0.28398791540785495
1389244082743672832,1784440332000-632578958264631296-1389244082743672832,1784440332000,1784440565000,1,0.094,0.163,0.5766871165644172
1475453376262045696,1784437726000-632578958264631296-1475453376262045696,1784437726000,1784438084000,1,0.094,0.308,0.3051948051948052
1484590862305329152,1784453849000-632578958264631296-1484590862305329152,1784453849000,1784454145000,1,0.094,0.194,0.4845360824742268
929707161364201472,1784432665000-632578958264631296-929707161364201472,1784432665000,1784432850000,1,0.094,0.24,0.39166666666666666
944574346884546560,1784441274000-632578958264631296-944574346884546560,1784441274000,1784441677000,1,0.094,0.167,0.562874251497006
1073201833905750016,1784440642000-632578958264631296-1073201833905750016,1784440642000,1784440778000,1,0.093,0.061,1.5245901639344261
1176180359524515840,1784456545000-632578958264631296-1176180359524515840,1784456545000,1784456724000,1,0.093,0.207,0.4492753623188406
1406586435233906688,1784441957000-632578958264631296-1406586435233906688,1784441957000,1784442085000,1,0.093,0.16,0.5812499999999999
947091862986948608,1784475601000-632578958264631296-947091862986948608,1784475601000,1784477673000,1,0.093,0.682,0.13636363636363635
1049341310072258560,1784437987000-632578958264631296-1049341310072258560,1784437987000,1784438239000,1,0.092,0.148,0.6216216216216216
1050036836505747456,1784443964000-632578958264631296-1050036836505747456,1784443964000,1784444602000,1,0.092,0.812,0.11330049261083742
1083016936570224640,1784437326000-632578958264631296-1083016936570224640,1784437326000,1784437671000,1,0.092,0.382,0.24083769633507854
1083727517765861376,1784439596000-632578958264631296-1083727517765861376,1784439596000,1784439879000,1,0.092,0.329,0.2796352583586626
1050036904705130496,1784437223000-632578958264631296-1050036904705130496,1784437223000,1784437409000,1,0.091,0.082,1.1097560975609755
1120316585941139456,1784452538000-632578958264631296-1120316585941139456,1784452538000,1784452729000,1,0.091,0.173,0.5260115606936416
1135566388677574656,1784436828000-632578958264631296-1135566388677574656,1784436828000,1784437044000,1,0.091,0.189,0.48148148148148145
1464283595349688320,1784480743000-632578958264631296-1464283595349688320,1784480743000,1784480914000,1,0.091,0.072,1.2638888888888888
1525526061327056896,1784469353000-632578958264631296-1525526061327056896,1784469353000,1784469804000,1,0.091,0.323,0.28173374613003094
1536014505966829568,1784439375000-632578958264631296-1536014505966829568,1784439375000,1784439805000,1,0.091,0.313,0.29073482428115016
883046842797916160,1784445366000-632578958264631296-883046842797916160,1784445366000,1784445588000,1,0.091,0.19,0.4789473684210526
947104748366987264,1784451588000-632578958264631296-947104748366987264,1784451588000,1784451800000,1,0.091,0.132,0.6893939393939393
1046443765134262272,1784435024000-632578958264631296-1046443765134262272,1784435024000,1784435150000,1,0.09,0.132,0.6818181818181818
1101157025884143616,1784502053000-632578958264631296-1101157025884143616,1784502053000,1784502603000,1,0.09,0.568,0.15845070422535212
1398705978894974976,1784438410000-632578958264631296-1398705978894974976,1784438410000,1784438914000,1,0.09,0.321,0.2803738317757009
961238953837461504,1784455480000-632578958264631296-961238953837461504,1784455480000,1784455596000,1,0.09,0.065,1.3846153846153846
1061351650800697344,1784464353000-632578958264631296-1061351650800697344,1784464353000,1784464467000,1,0.089,0.178,0.5
1064532839803912192,1784457085000-632578958264631296-1064532839803912192,1784457085000,1784457197000,1,0.089,0.105,0.8476190476190476
1370798572273926144,1784439744000-632578958264631296-1370798572273926144,1784439744000,1784439966000,1,0.089,0.082,1.0853658536585364
1545823503347875840,1784433054000-632578958264631296-1545823503347875840,1784433054000,1784433451000,1,0.089,0.268,0.33208955223880593
1083726345994764288,1784448364000-632578958264631296-1083726345994764288,1784448364000,1784448522000,1,0.088,0.175,0.5028571428571429
1094588896550846464,1784420183000-632578958264631296-1094588896550846464,1784420183000,1784420337000,1,0.088,0.116,0.7586206896551724
1120316481867874304,1784501739000-632578958264631296-1120316481867874304,1784501739000,1784501898000,1,0.088,0.138,0.6376811594202898
1422205318414204928,1784472503000-632578958264631296-1422205318414204928,1784472503000,1784473039000,1,0.088,0.364,0.24175824175824176
1428064485414797312,1784450854000-632578958264631296-1428064485414797312,1784450854000,1784450997000,1,0.088,0.197,0.44670050761421315
787647951882158080,1784454092000-632578958264631296-787647951882158080,1784454092000,1784454279000,1,0.088,0.094,0.9361702127659574
929726540265029632,1784456452000-632578958264631296-929726540265029632,1784456452000,1784457120000,1,0.088,0.461,0.19088937093275485
931938734016823296,1784467929000-632578958264631296-931938734016823296,1784467929000,1784468115000,1,0.088,0.162,0.5432098765432098
1050036836505747456,1784488401000-632578958264631296-1050036836505747456,1784488401000,1784488596000,1,0.087,0.23,0.3782608695652174
1064532839803912192,1784442215000-632578958264631296-1064532839803912192,1784442215000,1784442440000,1,0.087,0.072,1.2083333333333333
1064550465066237952,1784436624000-632578958264631296-1064550465066237952,1784436624000,1784436864000,1,0.087,0.134,0.6492537313432835
1093087265762050048,1784434721000-632578958264631296-1093087265762050048,1784434721000,1784434970000,1,0.087,0.158,0.550632911392405
1094650284191252480,1784421643000-632578958264631296-1094650284191252480,1784421643000,1784421757000,1,0.087,0.046,1.891304347826087
1188192864341852160,1784427667000-632578958264631296-1188192864341852160,1784427667000,1784428231000,1,0.087,0.383,0.227154046997389
1363836271826305024,1784498125000-632578958264631296-1363836271826305024,1784498125000,1784498666000,1,0.087,0.301,0.28903654485049834
893133531117518848,1784460410000-632578958264631296-893133531117518848,1784460410000,1784460639000,1,0.087,0.056,1.5535714285714284
1131240373310455808,1784449555000-632578958264631296-1131240373310455808,1784449555000,1784449835000,1,0.086,0.279,0.3082437275985663
1464286463544786944,1784483466000-632578958264631296-1464286463544786944,1784483466000,1784483598000,1,0.086,0.056,1.5357142857142856
1536014688339361792,1784444909000-632578958264631296-1536014688339361792,1784444909000,1784445176000,1,0.086,0.158,0.5443037974683543
642055098863718400,1784435588000-632578958264631296-642055098863718400,1784435588000,1784435792000,1,0.086,0.168,0.5119047619047619
784445514740400128,1784462980000-632578958264631296-784445514740400128,1784462980000,1784463218000,1,0.086,0.205,0.4195121951219512
943856131652976640,1784421738000-632578958264631296-943856131652976640,1784421738000,1784423414000,1,0.086,0.802,0.10723192019950123
951563481520275456,1784420935000-632578958264631296-951563481520275456,1784420935000,1784421061000,1,0.086,0.001,85.99999999999999
1064532839803912192,1784446216000-632578958264631296-1064532839803912192,1784446216000,1784446323000,1,0.085,0.028,3.035714285714286
1083726740557135872,1784485812000-632578958264631296-1083726740557135872,1784485812000,1784486007000,1,0.085,0.256,0.33203125
1094641057146077184,1784429467000-632578958264631296-1094641057146077184,1784429467000,1784429814000,1,0.085,0.449,0.18930957683741648
1176582767303983104,1784489114000-632578958264631296-1176582767303983104,1784489114000,1784489495000,1,0.085,0.418,0.20334928229665075
1357047782162038784,1784482920000-632578958264631296-1357047782162038784,1784482920000,1784483216000,1,0.085,0.19,0.4473684210526316
1385589109656911872,1784448997000-632578958264631296-1385589109656911872,1784448997000,1784451495000,1,0.085,1.242,0.06843800322061191
1536014570613637120,1784442375000-632578958264631296-1536014570613637120,1784442375000,1784442684000,1,0.085,0.297,0.2861952861952862
790193276584984576,1784444762000-632578958264631296-790193276584984576,1784444762000,1784445982000,1,0.085,1.15,0.07391304347826089
1083019060351860736,1784464507000-632578958264631296-1083019060351860736,1784464507000,1784464686000,1,0.084,0.173,0.48554913294797697
1088168906306093056,1784423586000-632578958264631296-1088168906306093056,1784423586000,1784423780000,1,0.084,0.179,0.46927374301675984
1111626569580806144,1784467526000-632578958264631296-1111626569580806144,1784467526000,1784467932000,1,0.084,0.194,0.4329896907216495
1357047782162038784,1784488593000-632578958264631296-1357047782162038784,1784488593000,1784488754000,1,0.084,0.229,0.36681222707423583
1464253789857906688,1784435454000-632578958264631296-1464253789857906688,1784435454000,1784435600000,1,0.084,0.11,0.7636363636363637
1467925946630668288,1784455980000-632578958264631296-1467925946630668288,1784455980000,1784456164000,1,0.084,0.199,0.4221105527638191
873109579045535744,1784440358000-632578958264631296-873109579045535744,1784440358000,1784440533000,1,0.084,0.196,0.4285714285714286
1067776159577538560,1784427673000-632578958264631296-1067776159577538560,1784427673000,1784427873000,1,0.083,0.085,0.9764705882352941
1076104369969037312,1784460442000-632578958264631296-1076104369969037312,1784460442000,1784460774000,1,0.083,0.577,0.1438474870017331
1120316662394912768,1784465138000-632578958264631296-1120316662394912768,1784465138000,1784465376000,1,0.083,0.279,0.2974910394265233
1152270574152581120,1784468539000-632578958264631296-1152270574152581120,1784468539000,1784469173000,1,0.083,0.667,0.12443778110944528
1170761528379441152,1784438512000-632578958264631296-1170761528379441152,1784438512000,1784438699000,1,0.083,0.083,1.0
1361380561528029184,1784467585000-632578958264631296-1361380561528029184,1784467585000,1784467908000,1,0.083,0.136,0.6102941176470588
1396880990281924608,1784445400000-632578958264631296-1396880990281924608,1784445400000,1784445576000,1,0.083,0.191,0.43455497382198954
1464253789857906688,1784444103000-632578958264631296-1464253789857906688,1784444103000,1784444297000,1,0.083,0.173,0.47976878612716767
873109579045535744,1784435304000-632578958264631296-873109579045535744,1784435304000,1784435616000,1,0.083,0.325,0.2553846153846154
1370798572273926144,1784474945000-632578958264631296-1370798572273926144,1784474945000,1784475235000,1,0.082,0.041,2.0
1464283595349688320,1784421775000-632578958264631296-1464283595349688320,1784421775000,1784422090000,1,0.082,0.131,0.6259541984732825
1475453057469775872,1784476488000-632578958264631296-1475453057469775872,1784476488000,1784476866000,1,0.082,0.19,0.43157894736842106
883046842797916160,1784444517000-632578958264631296-883046842797916160,1784444517000,1784444830000,1,0.082,0.198,0.41414141414141414
1067764901566480384,1784457402000-632578958264631296-1067764901566480384,1784457402000,1784457660000,1,0.081,0.21,0.38571428571428573
1406228892573761536,1784459625000-632578958264631296-1406228892573761536,1784459625000,1784459846000,1,0.081,0.037,2.1891891891891895
876044057397166080,1784440224000-632578958264631296-876044057397166080,1784440224000,1784440495000,1,0.081,0.298,0.27181208053691275
922469481249243136,1784422287000-632578958264631296-922469481249243136,1784422287000,1784422974000,1,0.081,0.595,0.13613445378151262
971379691866816512,1784477085000-632578958264631296-971379691866816512,1784477085000,1784477570000,1,0.081,0.407,0.19901719901719903
1045646209449984000,1784442686000-632578958264631296-1045646209449984000,1784442686000,1784443072000,1,0.08,0.387,0.20671834625322996
1045646397224779776,1784453277000-632578958264631296-1045646397224779776,1784453277000,1784453561000,1,0.08,0.331,0.2416918429003021
1067771070980816896,1784459195000-632578958264631296-1067771070980816896,1784459195000,1784459522000,1,0.08,0.204,0.3921568627450981
1076104369969037312,1784451942000-632578958264631296-1076104369969037312,1784451942000,1784452124000,1,0.08,0.328,0.24390243902439024
1083727986517082112,1784469003000-632578958264631296-1083727986517082112,1784469003000,1784469699000,1,0.08,0.672,0.11904761904761904
1286311379313098752,1784451129000-632578958264631296-1286311379313098752,1784451129000,1784451239000,1,0.08,0.094,0.851063829787234
1385305035948163072,1784455431000-632578958264631296-1385305035948163072,1784455431000,1784455798000,1,0.08,0.166,0.4819277108433735
1422205425331208192,1784435858000-632578958264631296-1422205425331208192,1784435858000,1784436386000,1,0.08,0.217,0.3686635944700461
1500491887742550016,1784471160000-632578958264631296-1500491887742550016,1784471160000,1784471454000,1,0.08,0.343,0.23323615160349853
876044057397166080,1784433895000-632578958264631296-876044057397166080,1784433895000,1784434150000,1,0.08,0.359,0.22284122562674097
1050037649940676608,1784480193000-632578958264631296-1050037649940676608,1784480193000,1784480388000,1,0.079,0.202,0.39108910891089105
1268615019327651840,1784464155000-632578958264631296-1268615019327651840,1784464155000,1784464519000,1,0.079,0.375,0.21066666666666667
1536014744312348672,1784467249000-632578958264631296-1536014744312348672,1784467249000,1784467451000,1,0.079,0.197,0.4010152284263959
947092625956012032,1784435016000-632578958264631296-947092625956012032,1784435016000,1784435250000,1,0.079,0.114,0.6929824561403508
1083727517765861376,1784446336000-632578958264631296-1083727517765861376,1784446336000,1784446891000,1,0.078,0.497,0.15694164989939638
1468940686052032512,1784444909000-632578958264631296-1468940686052032512,1784444909000,1784445274000,1,0.078,0.158,0.4936708860759494
944587945103327232,1784472605000-632578958264631296-944587945103327232,1784472605000,1784472763000,1,0.078,0.103,0.7572815533980582
1050036721544069120,1784460468000-632578958264631296-1050036721544069120,1784460468000,1784460757000,1,0.077,0.307,0.250814332247557
1050037336936546304,1784461742000-632578958264631296-1050037336936546304,1784461742000,1784461970000,1,0.077,0.201,0.38308457711442784
1064532839803912192,1784441864000-632578958264631296-1064532839803912192,1784441864000,1784442039000,1,0.077,0.033,2.333333333333333
1083726655622479872,1784425273000-632578958264631296-1083726655622479872,1784425273000,1784426547000,1,0.077,1.104,0.0697463768115942
931938734016823296,1784481619000-632578958264631296-931938734016823296,1784481619000,1784481998000,1,0.077,0.366,0.2103825136612022
1065321017443876864,1784459206000-632578958264631296-1065321017443876864,1784459206000,1784459472000,1,0.076,0.095,0.7999999999999999
1073201833905750016,1784427023000-632578958264631296-1073201833905750016,1784427023000,1784427129000,1,0.076,0.094,0.8085106382978723
1082303861131051008,1784443707000-632578958264631296-1082303861131051008,1784443707000,1784444254000,1,0.076,0.563,0.13499111900532862
1385304935976927232,1784465248000-632578958264631296-1385304935976927232,1784465248000,1784465433000,1,0.076,0.196,0.3877551020408163
1398705978894974976,1784451841000-632578958264631296-1398705978894974976,1784451841000,1784452032000,1,0.076,0.13,0.5846153846153845
1441118393376702464,1784467691000-632578958264631296-1441118393376702464,1784467691000,1784467915000,1,0.076,0.113,0.6725663716814159
946030864989421568,1784447356000-632578958264631296-946030864989421568,1784447356000,1784447532000,1,0.076,0.034,2.2352941176470584
1064550465066237952,1784444789000-632578958264631296-1064550465066237952,1784444789000,1784445025000,1,0.075,0.196,0.3826530612244898
1076104369969037312,1784449807000-632578958264631296-1076104369969037312,1784449807000,1784450056000,1,0.075,0.181,0.4143646408839779
1083039951072788480,1784475738000-632578958264631296-1083039951072788480,1784475738000,1784476293000,1,0.075,0.779,0.0962772785622593
1471164933021368320,1784468073000-632578958264631296-1471164933021368320,1784468073000,1784468699000,1,0.075,0.23,0.3260869565217391
1475453057469775872,1784503990000-632578958264631296-1475453057469775872,1784503990000,1784504310000,1,0.075,0.181,0.4143646408839779
789852612550721536,1784432169000-632578958264631296-789852612550721536,1784432169000,1784432402000,1,0.075,0.229,0.32751091703056767
789852692640956416,1784434659000-632578958264631296-789852692640956416,1784434659000,1784434937000,1,0.075,0.221,0.33936651583710403
873109579045535744,1784426657000-632578958264631296-873109579045535744,1784426657000,1784428019000,1,0.075,1.419,0.05285412262156448
951563481520275456,1784467389000-632578958264631296-951563481520275456,1784467389000,1784467663000,1,0.075,0.001,75.0
1045646397224779776,1784439684000-632578958264631296-1045646397224779776,1784439684000,1784440790000,1,0.074,1.223,0.060506950122649214
1050036721544069120,1784464775000-632578958264631296-1050036721544069120,1784464775000,1784465109000,1,0.074,0.393,0.18829516539440203
1067765133431799808,1784439545000-632578958264631296-1067765133431799808,1784439545000,1784440022000,1,0.074,0.434,0.1705069124423963
1079026604165824512,1784478076000-632578958264631296-1079026604165824512,1784478076000,1784478716000,1,0.074,0.292,0.2534246575342466
1081533146517733376,1784464080000-632578958264631296-1081533146517733376,1784464080000,1784464485000,1,0.074,0.079,0.9367088607594937
1537822792169291776,1784423294000-632578958264631296-1537822792169291776,1784423294000,1784423424000,1,0.074,0.106,0.6981132075471698
789852692640956416,1784451128000-632578958264631296-789852692640956416,1784451128000,1784451485000,1,0.074,0.373,0.19839142091152814
941659394423128064,1784439818000-632578958264631296-941659394423128064,1784439818000,1784442219000,1,0.074,2.866,0.025819958129797625
944587945103327232,1784442774000-632578958264631296-944587945103327232,1784442774000,1784442890000,1,0.074,0.14,0.5285714285714285
1046442314819436544,1784468176000-632578958264631296-1046442314819436544,1784468176000,1784468353000,1,0.073,0.08,0.9125
1050036836505747456,1784493127000-632578958264631296-1050036836505747456,1784493127000,1784493519000,1,0.073,0.459,0.15904139433551195
1087441747748847616,1784442205000-632578958264631296-1087441747748847616,1784442205000,1784442639000,1,0.073,0.499,0.14629258517034066
1211337321434054656,1784453301000-632578958264631296-1211337321434054656,1784453301000,1784454398000,1,0.073,0.711,0.10267229254571027
1488160320575766528,1784468680000-632578958264631296-1488160320575766528,1784468680000,1784469822000,1,0.073,0.603,0.12106135986733
873201356771426304,1784483839000-632578958264631296-873201356771426304,1784483839000,1784484136000,1,0.073,0.167,0.43712574850299396
940981890892955648,1784485038000-632578958264631296-940981890892955648,1784485038000,1784485691000,1,0.073,0.323,0.22600619195046437
946035487334727680,1784429160000-632578958264631296-946035487334727680,1784429160000,1784429375000,1,0.073,0.063,1.1587301587301586
961238953837461504,1784429952000-632578958264631296-961238953837461504,1784429952000,1784430235000,1,0.073,0.124,0.5887096774193548
1175796809117728768,1784471937000-632578958264631296-1175796809117728768,1784471937000,1784472388000,1,0.072,0.527,0.13662239089184058
1286311379313098752,1784480506000-632578958264631296-1286311379313098752,1784480506000,1784480676000,1,0.072,0.056,1.2857142857142856
862677666426257408,1784438941000-632578958264631296-862677666426257408,1784438941000,1784439262000,1,0.072,0.285,0.25263157894736843
1050781532765028352,1784465002000-632578958264631296-1050781532765028352,1784465002000,1784465163000,1,0.071,0.066,1.0757575757575757
1065321017443876864,1784456986000-632578958264631296-1065321017443876864,1784456986000,1784457319000,1,0.071,0.119,0.5966386554621849
1067765309810671616,1784472210000-632578958264631296-1067765309810671616,1784472210000,1784472693000,1,0.071,0.473,0.15010570824524314
1067771070980816896,1784459652000-632578958264631296-1067771070980816896,1784459652000,1784460002000,1,0.071,0.271,0.2619926199261992
1083726988146900992,1784434599000-632578958264631296-1083726988146900992,1784434599000,1784434750000,1,0.071,0.144,0.4930555555555555
1090633180173565952,1784473355000-632578958264631296-1090633180173565952,1784473355000,1784474026000,1,0.071,0.937,0.07577374599786552
1109445504082640896,1784505189000-632578958264631296-1109445504082640896,1784505189000,1784505396000,1,0.071,0.198,0.35858585858585856
1471165285556813824,1784469882000-632578958264631296-1471165285556813824,1784469882000,1784471654000,1,0.071,0.875,0.08114285714285714
1478688867300147200,1784477050000-632578958264631296-1478688867300147200,1784477050000,1784477215000,1,0.071,0.108,0.6574074074074073
1536014751404916736,1784451315000-632578958264631296-1536014751404916736,1784451315000,1784451590000,1,0.071,0.167,0.42514970059880236
944591832124227584,1784505372000-632578958264631296-944591832124227584,1784505372000,1784505673000,1,0.071,0.337,0.21068249258160235
1041007225465733120,1784440781000-632578958264631296-1041007225465733120,1784440781000,1784441420000,1,0.07,0.316,0.22151898734177217
1070378226594873344,1784473938000-632578958264631296-1070378226594873344,1784473938000,1784474169000,1,0.07,0.132,0.5303030303030303
1076104369969037312,1784466065000-632578958264631296-1076104369969037312,1784466065000,1784466217000,1,0.07,0.106,0.6603773584905661
1120316662394912768,1784438096000-632578958264631296-1120316662394912768,1784438096000,1784438273000,1,0.07,0.15,0.46666666666666673
1176582767303983104,1784491009000-632578958264631296-1176582767303983104,1784491009000,1784491655000,1,0.07,0.771,0.09079118028534372
873900831743672320,1784430313000-632578958264631296-873900831743672320,1784430313000,1784432411000,1,0.07,1.992,0.03514056224899599
951563481520275456,1784429092000-632578958264631296-951563481520275456,1784429092000,1784429222000,1,0.07,0.021,3.3333333333333335
961238953837461504,1784432125000-632578958264631296-961238953837461504,1784432125000,1784432253000,1,0.07,0.045,1.5555555555555558
1045015172411817984,1784463916000-632578958264631296-1045015172411817984,1784463916000,1784464093000,1,0.069,0.135,0.5111111111111111
1083727986517082112,1784473552000-632578958264631296-1083727986517082112,1784473552000,1784473868000,1,0.069,0.225,0.3066666666666667
1168836102002311168,1784462479000-632578958264631296-1168836102002311168,1784462479000,1784462668000,1,0.069,0.092,0.7500000000000001
1536014716214706176,1784459642000-632578958264631296-1536014716214706176,1784459642000,1784459819000,1,0.069,0.13,0.5307692307692308
1545823852121030656,1784471316000-632578958264631296-1545823852121030656,1784471316000,1784471617000,1,0.069,0.262,0.2633587786259542
1050036836505747456,1784440365000-632578958264631296-1050036836505747456,1784440365000,1784440700000,1,0.068,0.423,0.1607565011820331
1071826388769570816,1784451110000-632578958264631296-1071826388769570816,1784451110000,1784451361000,1,0.068,0.199,0.3417085427135678
1090633180173565952,1784432044000-632578958264631296-1090633180173565952,1784432044000,1784432883000,1,0.068,1.057,0.06433301797540208
1536014570613637120,1784449896000-632578958264631296-1536014570613637120,1784449896000,1784450289000,1,0.068,0.191,0.356020942408377
929726540265029632,1784495304000-632578958264631296-929726540265029632,1784495304000,1784495522000,1,0.068,0.132,0.5151515151515151
940981890892955648,1784454785000-632578958264631296-940981890892955648,1784454785000,1784454964000,1,0.068,0.054,1.2592592592592593
947104127047958528,1784440727000-632578958264631296-947104127047958528,1784440727000,1784440834000,1,0.068,0.021,3.238095238095238
971379691866816512,1784433956000-632578958264631296-971379691866816512,1784433956000,1784434283000,1,0.068,0.355,0.1915492957746479
1136692610564358144,1784434106000-632578958264631296-1136692610564358144,1784434106000,1784434350000,1,0.067,0.144,0.46527777777777785
1464286463544786944,1784442386000-632578958264631296-1464286463544786944,1784442386000,1784442512000,1,0.067,0.037,1.810810810810811
1469693281720860672,1784435297000-632578958264631296-1469693281720860672,1784435297000,1784435673000,1,0.067,0.138,0.4855072463768116
1540361729291059200,1784426762000-632578958264631296-1540361729291059200,1784426762000,1784426968000,1,0.067,0.179,0.3743016759776537
787647951882158080,1784458233000-632578958264631296-787647951882158080,1784458233000,1784458529000,1,0.067,0.17,0.3941176470588235
870286624469024768,1784472922000-632578958264631296-870286624469024768,1784472922000,1784473284000,1,0.067,0.267,0.250936329588015
942470042409238528,1784463238000-632578958264631296-942470042409238528,1784463238000,1784463347000,1,0.067,0.082,0.8170731707317074
964169792938311680,1784465007000-632578958264631296-964169792938311680,1784465007000,1784465117000,1,0.067,0.079,0.8481012658227849
1047650330055016448,1784435350000-632578958264631296-1047650330055016448,1784435350000,1784435556000,1,0.066,0.132,0.5
1101157025884143616,1784452046000-632578958264631296-1101157025884143616,1784452046000,1784452468000,1,0.066,0.493,0.13387423935091278
1120316268595904512,1784428684000-632578958264631296-1120316268595904512,1784428684000,1784428959000,1,0.066,0.257,0.2568093385214008
1312806942439112704,1784459599000-632578958264631296-1312806942439112704,1784459599000,1784459819000,1,0.066,0.212,0.3113207547169812
1464286463544786944,1784442962000-632578958264631296-1464286463544786944,1784442962000,1784443084000,1,0.066,0.092,0.7173913043478262
866648852977942528,1784470266000-632578958264631296-866648852977942528,1784470266000,1784470707000,1,0.066,0.371,0.17789757412398924
1079026604165824512,1784482371000-632578958264631296-1079026604165824512,1784482371000,1784482798000,1,0.065,0.185,0.35135135135135137
1176582451024101376,1784446426000-632578958264631296-1176582451024101376,1784446426000,1784446776000,1,0.065,0.332,0.19578313253012047
1464628801508999168,1784467432000-632578958264631296-1464628801508999168,1784467432000,1784467679000,1,0.065,0.081,0.8024691358024691
1047649870816477184,1784440162000-632578958264631296-1047649870816477184,1784440162000,1784440979000,1,0.064,0.328,0.1951219512195122
1050036836505747456,1784441410000-632578958264631296-1050036836505747456,1784441410000,1784441610000,1,0.064,0.179,0.3575418994413408
1064550465066237952,1784428044000-632578958264631296-1064550465066237952,1784428044000,1784429880000,1,0.064,0.864,0.07407407407407407
1067764901566480384,1784471065000-632578958264631296-1067764901566480384,1784471065000,1784471795000,1,0.064,0.89,0.07191011235955057
1079026604165824512,1784437858000-632578958264631296-1079026604165824512,1784437858000,1784438106000,1,0.064,0.08,0.8
1083726887294861312,1784447265000-632578958264631296-1083726887294861312,1784447265000,1784447406000,1,0.064,0.118,0.5423728813559322
1136252936335130624,1784472271000-632578958264631296-1136252936335130624,1784472271000,1784473165000,1,0.064,0.895,0.07150837988826815
1545824186436419584,1784461041000-632578958264631296-1545824186436419584,1784461041000,1784461185000,1,0.064,0.056,1.1428571428571428
938442824968306688,1784472772000-632578958264631296-938442824968306688,1784472772000,1784472970000,1,0.064,0.071,0.9014084507042255
1045646209449984000,1784428786000-632578958264631296-1045646209449984000,1784428786000,1784428979000,1,0.063,0.026,2.4230769230769234
1072872003913908224,1784480429000-632578958264631296-1072872003913908224,1784480429000,1784481132000,1,0.063,0.354,0.17796610169491525
1076104369969037312,1784473080000-632578958264631296-1076104369969037312,1784473080000,1784473345000,1,0.063,0.159,0.39622641509433965
1079095785133441024,1784456107000-632578958264631296-1079095785133441024,1784456107000,1784457068000,1,0.063,0.523,0.12045889101338432
1083726887294861312,1784502727000-632578958264631296-1083726887294861312,1784502727000,1784503116000,1,0.063,0.531,0.11864406779661016
1083727931903049728,1784436398000-632578958264631296-1083727931903049728,1784436398000,1784436572000,1,0.063,0.041,1.5365853658536586
1088511709141794816,1784478588000-632578958264631296-1088511709141794816,1784478588000,1784478778000,1,0.063,0.196,0.3214285714285714
1141991039255445504,1784446865000-632578958264631296-1141991039255445504,1784446865000,1784447060000,1,0.063,0.122,0.5163934426229508
1268614873160351744,1784453141000-632578958264631296-1268614873160351744,1784453141000,1784453400000,1,0.063,0.186,0.33870967741935487
1385304935976927232,1784461164000-632578958264631296-1385304935976927232,1784461164000,1784461396000,1,0.063,0.19,0.33157894736842103
1488129049464143872,1784424451000-632578958264631296-1488129049464143872,1784424451000,1784424988000,1,0.063,0.377,0.16710875331564987
1540361729291059200,1784423411000-632578958264631296-1540361729291059200,1784423411000,1784424097000,1,0.063,0.17,0.3705882352941176
642055098863718400,1784490698000-632578958264631296-642055098863718400,1784490698000,1784490907000,1,0.063,0.259,0.24324324324324323
873104331912511488,1784443699000-632578958264631296-873104331912511488,1784443699000,1784444656000,1,0.063,1.405,0.044839857651245554
916722872880201728,1784473878000-632578958264631296-916722872880201728,1784473878000,1784474501000,1,0.063,0.256,0.24609375
1050037109068398592,1784432060000-632578958264631296-1050037109068398592,1784432060000,1784432345000,1,0.062,0.202,0.3069306930693069
1083728870357598208,1784470529000-632578958264631296-1083728870357598208,1784470529000,1784470776000,1,0.062,0.161,0.38509316770186336
1170761528379441152,1784462622000-632578958264631296-1170761528379441152,1784462622000,1784462817000,1,0.062,0.091,0.6813186813186813
1373358446576926720,1784448681000-632578958264631296-1373358446576926720,1784448681000,1784448736000,1,0.062,0.01,6.2
925753337108758528,1784427157000-632578958264631296-925753337108758528,1784427157000,1784427407000,1,0.062,0.027,2.2962962962962963
947104127047958528,1784435414000-632578958264631296-947104127047958528,1784435414000,1784435678000,1,0.062,0.001,62.0
1061350711461150720,1784451606000-632578958264631296-1061350711461150720,1784451606000,1784451791000,1,0.061,0.147,0.41496598639455784
1079095062366781440,1784433609000-632578958264631296-1079095062366781440,1784433609000,1784433794000,1,0.061,0.084,0.7261904761904762
1083726345994764288,1784437850000-632578958264631296-1083726345994764288,1784437850000,1784438116000,1,0.061,0.333,0.18318318318318316
1120316268595904512,1784435848000-632578958264631296-1120316268595904512,1784435848000,1784436033000,1,0.061,0.132,0.4621212121212121
1127222273418199040,1784472669000-632578958264631296-1127222273418199040,1784472669000,1784472860000,1,0.061,0.14,0.43571428571428567
1152269234303139840,1784451004000-632578958264631296-1152269234303139840,1784451004000,1784451376000,1,0.061,0.194,0.31443298969072164
1332765289414131712,1784438357000-632578958264631296-1332765289414131712,1784438357000,1784438644000,1,0.061,0.453,0.1346578366445916
1361380561528029184,1784443550000-632578958264631296-1361380561528029184,1784443550000,1784443686000,1,0.061,0.077,0.7922077922077922
939547788868321280,1784453244000-632578958264631296-939547788868321280,1784453244000,1784453356000,1,0.061,0.019,3.210526315789474
1082303861131051008,1784472532000-632578958264631296-1082303861131051008,1784472532000,1784472716000,1,0.06,0.227,0.2643171806167401
1083727852433571840,1784430488000-632578958264631296-1083727852433571840,1784430488000,1784430683000,1,0.06,0.242,0.24793388429752067
1175796663680237568,1784429823000-632578958264631296-1175796663680237568,1784429823000,1784430066000,1,0.06,0.349,0.17191977077363899
1176582767303983104,1784450943000-632578958264631296-1176582767303983104,1784450943000,1784451133000,1,0.06,0.17,0.3529411764705882
1488129049464143872,1784426575000-632578958264631296-1488129049464143872,1784426575000,1784427153000,1,0.06,0.344,0.1744186046511628
931855689733636096,1784449115000-632578958264631296-931855689733636096,1784449115000,1784449267000,1,0.06,0.094,0.6382978723404255
1067771070980816896,1784438116000-632578958264631296-1067771070980816896,1784438116000,1784438418000,1,0.059,0.125,0.472
1286311379313098752,1784435736000-632578958264631296-1286311379313098752,1784435736000,1784436119000,1,0.059,0.09,0.6555555555555556
1289306380670337024,1784504844000-632578958264631296-1289306380670337024,1784504844000,1784505524000,1,0.059,0.902,0.06541019955654101
1355523374926790656,1784483207000-632578958264631296-1355523374926790656,1784483207000,1784483380000,1,0.059,0.097,0.6082474226804123
1464286463544786944,1784458277000-632578958264631296-1464286463544786944,1784458277000,1784458446000,1,0.059,0.069,0.8550724637681159
1475452919183572992,1784465262000-632578958264631296-1475452919183572992,1784465262000,1784465466000,1,0.059,0.11,0.5363636363636364
931938734016823296,1784465650000-632578958264631296-931938734016823296,1784465650000,1784466024000,1,0.059,0.476,0.12394957983193278
942469061864849408,1784434085000-632578958264631296-942469061864849408,1784434085000,1784434222000,1,0.059,0.068,0.8676470588235293
964169792938311680,1784461872000-632578958264631296-964169792938311680,1784461872000,1784461987000,1,0.059,0.062,0.9516129032258064
1046837731746906112,1784458562000-632578958264631296-1046837731746906112,1784458562000,1784458753000,1,0.058,0.054,1.0740740740740742
1061350711461150720,1784439285000-632578958264631296-1061350711461150720,1784439285000,1784439392000,1,0.058,0.021,2.761904761904762
1067765389137543168,1784438869000-632578958264631296-1067765389137543168,1784438869000,1784439162000,1,0.058,0.378,0.15343915343915346
1083726789898928128,1784446190000-632578958264631296-1083726789898928128,1784446190000,1784446466000,1,0.058,0.245,0.23673469387755103
1083726988146900992,1784437168000-632578958264631296-1083726988146900992,1784437168000,1784437373000,1,0.058,0.222,0.26126126126126126
1131239137144209408,1784435545000-632578958264631296-1131239137144209408,1784435545000,1784435728000,1,0.058,0.212,0.27358490566037735
1131239137144209408,1784449111000-632578958264631296-1131239137144209408,1784449111000,1784449391000,1,0.058,0.313,0.18530351437699683
1357047782162038784,1784432082000-632578958264631296-1357047782162038784,1784432082000,1784432315000,1,0.058,0.094,0.6170212765957447
964169792938311680,1784468145000-632578958264631296-964169792938311680,1784468145000,1784468261000,1,0.058,0.033,1.7575757575757576
1050024168621342720,1784460849000-632578958264631296-1050024168621342720,1784460849000,1784461230000,1,0.057,0.011,5.1818181818181825
1050036568242257920,1784425349000-632578958264631296-1050036568242257920,1784425349000,1784425520000,1,0.057,0.048,1.1875
1067765189559975936,1784454863000-632578958264631296-1067765189559975936,1784454863000,1784455339000,1,0.057,0.452,0.1261061946902655
1120316662394912768,1784464742000-632578958264631296-1120316662394912768,1784464742000,1784465034000,1,0.057,0.331,0.17220543806646527
1131239476161413120,1784431559000-632578958264631296-1131239476161413120,1784431559000,1784431737000,1,0.057,0.115,0.49565217391304345
1209168031477923840,1784458195000-632578958264631296-1209168031477923840,1784458195000,1784458471000,1,0.057,0.071,0.8028169014084509
1362128357327634432,1784483928000-632578958264631296-1362128357327634432,1784483928000,1784484241000,1,0.057,0.319,0.17868338557993732
1397607641592627200,1784458105000-632578958264631296-1397607641592627200,1784458105000,1784458299000,1,0.057,0.06,0.9500000000000001
1406228892573761536,1784460679000-632578958264631296-1406228892573761536,1784460679000,1784461248000,1,0.057,0.415,0.13734939759036147
1464253789857906688,1784464502000-632578958264631296-1464253789857906688,1784464502000,1784464801000,1,0.057,0.231,0.24675324675324675
1475452919183572992,1784447211000-632578958264631296-1475452919183572992,1784447211000,1784447418000,1,0.057,0.177,0.3220338983050848
1475453057469775872,1784466864000-632578958264631296-1475453057469775872,1784466864000,1784467862000,1,0.057,0.481,0.11850311850311851
1500145408670695424,1784424162000-632578958264631296-1500145408670695424,1784424162000,1784424289000,1,0.057,0.097,0.5876288659793815
847126508215468032,1784444829000-632578958264631296-847126508215468032,1784444829000,1784445133000,1,0.057,0.111,0.5135135135135135
946025328671719424,1784468789000-632578958264631296-946025328671719424,1784468789000,1784469004000,1,0.057,0.228,0.25
946025328671719424,1784491868000-632578958264631296-946025328671719424,1784491868000,1784492064000,1,0.057,0.301,0.18936877076411962
946027748999036928,1784489160000-632578958264631296-946027748999036928,1784489160000,1784489253000,1,0.057,0.052,1.0961538461538463
1067765389137543168,1784458730000-632578958264631296-1067765389137543168,1784458730000,1784459022000,1,0.056,0.414,0.1352657004830918
1094641057146077184,1784468692000-632578958264631296-1094641057146077184,1784468692000,1784468957000,1,0.056,0.25,0.224
1094955908762435584,1784447275000-632578958264631296-1094955908762435584,1784447275000,1784447507000,1,0.056,0.134,0.417910447761194
1141991039255445504,1784447609000-632578958264631296-1141991039255445504,1784447609000,1784447804000,1,0.056,0.218,0.25688073394495414
1268615353760481280,1784460654000-632578958264631296-1268615353760481280,1784460654000,1784461102000,1,0.056,0.58,0.09655172413793105
1385305291104452608,1784464325000-632578958264631296-1385305291104452608,1784464325000,1784464571000,1,0.056,0.232,0.24137931034482757
1398705978894974976,1784501835000-632578958264631296-1398705978894974976,1784501835000,1784502303000,1,0.056,0.334,0.16766467065868262
1536397466075660288,1784453037000-632578958264631296-1536397466075660288,1784453037000,1784453438000,1,0.056,0.18,0.3111111111111111
863411203819438080,1784435858000-632578958264631296-863411203819438080,1784435858000,1784436242000,1,0.056,0.324,0.1728395061728395
1079425050643267584,1784455578000-632578958264631296-1079425050643267584,1784455578000,1784456143000,1,0.055,0.325,0.1692307692307692
1081223436249858048,1784449699000-632578958264631296-1081223436249858048,1784449699000,1784449888000,1,0.055,0.062,0.8870967741935484
1127222273418199040,1784470463000-632578958264631296-1127222273418199040,1784470463000,1784470623000,1,0.055,0.104,0.5288461538461539
1175796546902425600,1784448113000-632578958264631296-1175796546902425600,1784448113000,1784448307000,1,0.055,0.26,0.21153846153846154
1441118393376702464,1784474018000-632578958264631296-1441118393376702464,1784474018000,1784474583000,1,0.055,0.377,0.14588859416445624
1536402078727929856,1784478548000-632578958264631296-1536402078727929856,1784478548000,1784479135000,1,0.055,0.349,0.15759312320916907
862677844923252736,1784452724000-632578958264631296-862677844923252736,1784452724000,1784452927000,1,0.055,0.141,0.39007092198581567
869905949161160704,1784432595000-632578958264631296-869905949161160704,1784432595000,1784433012000,1,0.055,0.35,0.15714285714285717
942723675356921856,1784446299000-632578958264631296-942723675356921856,1784446299000,1784446443000,1,0.055,0.191,0.28795811518324604
1070378226594873344,1784452117000-632578958264631296-1070378226594873344,1784452117000,1784452283000,1,0.054,0.049,1.1020408163265305
1083728677599969280,1784449315000-632578958264631296-1083728677599969280,1784449315000,1784449681000,1,0.054,0.406,0.13300492610837436
1131239137144209408,1784449763000-632578958264631296-1131239137144209408,1784449763000,1784450047000,1,0.054,0.261,0.20689655172413793
1286311379313098752,1784449853000-632578958264631296-1286311379313098752,1784449853000,1784449986000,1,0.054,0.115,0.4695652173913043
1535704124731949056,1784425132000-632578958264631296-1535704124731949056,1784425132000,1784425269000,1,0.054,0.155,0.34838709677419355
1536014603211767808,1784463961000-632578958264631296-1536014603211767808,1784463961000,1784464712000,1,0.054,0.346,0.15606936416184972
873568577507033088,1784433682000-632578958264631296-873568577507033088,1784433682000,1784434099000,1,0.054,0.34,0.1588235294117647
883046842797916160,1784486272000-632578958264631296-883046842797916160,1784486272000,1784486557000,1,0.054,0.296,0.18243243243243243
906488270454521856,1784435570000-632578958264631296-906488270454521856,1784435570000,1784436127000,1,0.054,0.468,0.11538461538461538
1050036509840769024,1784462840000-632578958264631296-1050036509840769024,1784462840000,1784463682000,1,0.053,1.088,0.04871323529411764
1067765189559975936,1784452034000-632578958264631296-1067765189559975936,1784452034000,1784452304000,1,0.053,0.164,0.323170731707317
1138167953473142784,1784485183000-632578958264631296-1138167953473142784,1784485183000,1784485460000,1,0.053,0.184,0.28804347826086957
1286311379313098752,1784449595000-632578958264631296-1286311379313098752,1784449595000,1784449727000,1,0.053,0.056,0.9464285714285714
1385588816730914816,1784427663000-632578958264631296-1385588816730914816,1784427663000,1784427954000,1,0.053,0.187,0.2834224598930481
1406228892573761536,1784454005000-632578958264631296-1406228892573761536,1784454005000,1784454291000,1,0.053,0.474,0.11181434599156119
1464286463544786944,1784468119000-632578958264631296-1464286463544786944,1784468119000,1784468702000,1,0.053,0.371,0.14285714285714285
1504876024033181696,1784477532000-632578958264631296-1504876024033181696,1784477532000,1784478023000,1,0.053,0.475,0.11157894736842106
1536427445069021184,1784482811000-632578958264631296-1536427445069021184,1784482811000,1784484073000,1,0.053,0.651,0.08141321044546851
869905949161160704,1784432181000-632578958264631296-869905949161160704,1784432181000,1784432379000,1,0.053,0.126,0.42063492063492064
939547788868321280,1784469796000-632578958264631296-939547788868321280,1784469796000,1784469908000,1,0.053,0.001,53.0
943818542875148288,1784464914000-632578958264631296-943818542875148288,1784464914000,1784465335000,1,0.053,0.189,0.2804232804232804
946029440482148352,1784440261000-632578958264631296-946029440482148352,1784440261000,1784440471000,1,0.053,0.08,0.6625
971379691866816512,1784471991000-632578958264631296-971379691866816512,1784471991000,1784472144000,1,0.053,0.161,0.3291925465838509
1001786725204230144,1784481649000-632578958264631296-1001786725204230144,1784481649000,1784481819000,1,0.052,0.167,0.311377245508982
1067772524470730752,1784465369000-632578958264631296-1067772524470730752,1784465369000,1784465531000,1,0.052,0.154,0.33766233766233766
1079778539525373952,1784433683000-632578958264631296-1079778539525373952,1784433683000,1784433975000,1,0.052,0.075,0.6933333333333334
1083727289243402240,1784499218000-632578958264631296-1083727289243402240,1784499218000,1784499926000,1,0.052,0.866,0.06004618937644342
1094650284191252480,1784437227000-632578958264631296-1094650284191252480,1784437227000,1784437353000,1,0.052,0.044,1.1818181818181819
1175796546902425600,1784439345000-632578958264631296-1175796546902425600,1784439345000,1784439805000,1,0.052,0.478,0.1087866108786611
1176180359524515840,1784431315000-632578958264631296-1176180359524515840,1784431315000,1784431493000,1,0.052,0.178,0.29213483146067415
862677558196436992,1784470597000-632578958264631296-862677558196436992,1784470597000,1784470804000,1,0.052,0.176,0.29545454545454547
929707161364201472,1784469209000-632578958264631296-929707161364201472,1784469209000,1784469841000,1,0.052,0.35,0.14857142857142858
947091862986948608,1784463013000-632578958264631296-947091862986948608,1784463013000,1784463290000,1,0.052,0.167,0.311377245508982
1047650330055016448,1784436117000-632578958264631296-1047650330055016448,1784436117000,1784437394000,1,0.051,0.386,0.13212435233160622
1111626569580806144,1784469163000-632578958264631296-1111626569580806144,1784469163000,1784469512000,1,0.051,0.134,0.38059701492537307
780067386190462976,1784503343000-632578958264631296-780067386190462976,1784503343000,1784503752000,1,0.051,0.337,0.15133531157270028
789852692640956416,1784428176000-632578958264631296-789852692640956416,1784428176000,1784429237000,1,0.051,0.826,0.06174334140435835
874363612666265600,1784446266000-632578958264631296-874363612666265600,1784446266000,1784446747000,1,0.051,0.213,0.23943661971830985
931938734016823296,1784464866000-632578958264631296-931938734016823296,1784464866000,1784465063000,1,0.051,0.215,0.23720930232558138
1049341310072258560,1784464341000-632578958264631296-1049341310072258560,1784464341000,1784464483000,1,0.05,0.058,0.8620689655172414
1050036987500691456,1784431747000-632578958264631296-1050036987500691456,1784431747000,1784432039000,1,0.05,0.377,0.13262599469496023
1067765247101632512,1784456387000-632578958264631296-1067765247101632512,1784456387000,1784457172000,1,0.05,0.755,0.06622516556291391
1067765389137543168,1784463840000-632578958264631296-1067765389137543168,1784463840000,1784464035000,1,0.05,0.206,0.24271844660194178
1083727144086929408,1784433022000-632578958264631296-1083727144086929408,1784433022000,1784433302000,1,0.05,0.216,0.2314814814814815
1111626569580806144,1784458370000-632578958264631296-1111626569580806144,1784458370000,1784458709000,1,0.05,0.18,0.2777777777777778
1135566388677574656,1784436422000-632578958264631296-1135566388677574656,1784436422000,1784436624000,1,0.05,0.164,0.3048780487804878
1406228892573761536,1784458757000-632578958264631296-1406228892573761536,1784458757000,1784458944000,1,0.05,0.109,0.45871559633027525
1422205318414204928,1784428662000-632578958264631296-1422205318414204928,1784428662000,1784429209000,1,0.05,0.299,0.16722408026755856
1526262198169501696,1784471445000-632578958264631296-1526262198169501696,1784471445000,1784471852000,1,0.05,0.198,0.25252525252525254
1536014609964597248,1784460361000-632578958264631296-1536014609964597248,1784460361000,1784461483000,1,0.05,0.561,0.08912655971479501
1536432469593554944,1784424853000-632578958264631296-1536432469593554944,1784424853000,1784425008000,1,0.05,0.069,0.7246376811594203
906488270454521856,1784463161000-632578958264631296-906488270454521856,1784463161000,1784463301000,1,0.05,0.067,0.746268656716418
947104127047958528,1784477324000-632578958264631296-947104127047958528,1784477324000,1784477473000,1,0.05,0.001,50.0
961238953837461504,1784454636000-632578958264631296-961238953837461504,1784454636000,1784455118000,1,0.05,0.212,0.23584905660377362
965194336809517056,1784455996000-632578958264631296-965194336809517056,1784455996000,1784456158000,1,0.05,0.059,0.8474576271186441
1065321017443876864,1784446241000-632578958264631296-1065321017443876864,1784446241000,1784446814000,1,0.049,0.376,0.13031914893617022
1067763772824748032,1784477312000-632578958264631296-1067763772824748032,1784477312000,1784477506000,1,0.049,0.231,0.21212121212121213
1081223436249858048,1784454438000-632578958264631296-1081223436249858048,1784454438000,1784454619000,1,0.049,0.06,0.8166666666666668
1184409623537385472,1784432117000-632578958264631296-1184409623537385472,1784432117000,1784432277000,1,0.049,0.066,0.7424242424242424
1209168031477923840,1784464428000-632578958264631296-1209168031477923840,1784464428000,1784465227000,1,0.049,0.182,0.2692307692307693
1484590862305329152,1784466238000-632578958264631296-1484590862305329152,1784466238000,1784466464000,1,0.049,0.181,0.2707182320441989
873201356771426304,1784472945000-632578958264631296-873201356771426304,1784472945000,1784473052000,1,0.049,0.04,1.225
939547788868321280,1784469995000-632578958264631296-939547788868321280,1784469995000,1784470099000,1,0.049,0.014,3.5
943858330336493568,1784429496000-632578958264631296-943858330336493568,1784429496000,1784429763000,1,0.049,0.179,0.2737430167597766
946025328671719424,1784466782000-632578958264631296-946025328671719424,1784466782000,1784466939000,1,0.049,0.094,0.5212765957446809
947104748366987264,1784476609000-632578958264631296-947104748366987264,1784476609000,1784476996000,1,0.049,0.179,0.2737430167597766
964169792938311680,1784466769000-632578958264631296-964169792938311680,1784466769000,1784466951000,1,0.049,0.052,0.9423076923076924
1045646687990710272,1784443198000-632578958264631296-1045646687990710272,1784443198000,1784443389000,1,0.048,0.159,0.3018867924528302
1060872975626010624,1784475897000-632578958264631296-1060872975626010624,1784475897000,1784476003000,1,0.048,0.079,0.6075949367088608
1067765389137543168,1784441584000-632578958264631296-1067765389137543168,1784441584000,1784441743000,1,0.048,0.1,0.48
1071826388769570816,1784447223000-632578958264631296-1071826388769570816,1784447223000,1784447402000,1,0.048,0.095,0.5052631578947369
1083727448777949184,1784448726000-632578958264631296-1083727448777949184,1784448726000,1784448883000,1,0.048,0.13,0.36923076923076925
1176180359524515840,1784488001000-632578958264631296-1176180359524515840,1784488001000,1784488179000,1,0.048,0.186,0.25806451612903225
1428064485414797312,1784470718000-632578958264631296-1428064485414797312,1784470718000,1784470961000,1,0.048,0.133,0.3609022556390977
1484590862305329152,1784467832000-632578958264631296-1484590862305329152,1784467832000,1784467941000,1,0.048,0.071,0.6760563380281691
874363612666265600,1784427440000-632578958264631296-874363612666265600,1784427440000,1784427546000,1,0.048,0.08,0.6
946035487334727680,1784473640000-632578958264631296-946035487334727680,1784473640000,1784473872000,1,0.048,0.075,0.64
1050036987500691456,1784422266000-632578958264631296-1050036987500691456,1784422266000,1784422437000,1,0.047,0.152,0.3092105263157895
1067765309810671616,1784473809000-632578958264631296-1067765309810671616,1784473809000,1784473955000,1,0.047,0.099,0.47474747474747475
1083729116835872768,1784460076000-632578958264631296-1083729116835872768,1784460076000,1784460280000,1,0.047,0.148,0.3175675675675676
1484590862305329152,1784473846000-632578958264631296-1484590862305329152,1784473846000,1784473950000,1,0.047,0.059,0.7966101694915255
1536014609964597248,1784480697000-632578958264631296-1536014609964597248,1784480697000,1784480942000,1,0.047,0.118,0.39830508474576276
873109579045535744,1784442492000-632578958264631296-873109579045535744,1784442492000,1784442703000,1,0.047,0.192,0.24479166666666666
927179928254808064,1784469195000-632578958264631296-927179928254808064,1784469195000,1784469836000,1,0.047,0.385,0.12207792207792208
942470042409238528,1784464993000-632578958264631296-942470042409238528,1784464993000,1784465102000,1,0.047,0.047,1.0
943857890790211584,1784458408000-632578958264631296-943857890790211584,1784458408000,1784458522000,1,0.047,0.147,0.3197278911564626
946025328671719424,1784458673000-632578958264631296-946025328671719424,1784458673000,1784458858000,1,0.047,0.097,0.4845360824742268
951563481520275456,1784436950000-632578958264631296-951563481520275456,1784436950000,1784437103000,1,0.047,0.014,3.357142857142857
1047649870816477184,1784467733000-632578958264631296-1047649870816477184,1784467733000,1784470654000,1,0.046,1.318,0.034901365705614563
1067763722711203840,1784467764000-632578958264631296-1067763722711203840,1784467764000,1784468564000,1,0.046,0.745,0.06174496644295302
1073994678560358400,1784450610000-632578958264631296-1073994678560358400,1784450610000,1784450956000,1,0.046,0.377,0.1220159151193634
1161991673035620352,1784480918000-632578958264631296-1161991673035620352,1784480918000,1784481085000,1,0.046,0.099,0.46464646464646464
1357047782162038784,1784488298000-632578958264631296-1357047782162038784,1784488298000,1784488549000,1,0.046,0.191,0.24083769633507854
1389243940330274816,1784458962000-632578958264631296-1389243940330274816,1784458962000,1784459415000,1,0.046,0.285,0.16140350877192983
1461772563532218368,1784464943000-632578958264631296-1461772563532218368,1784464943000,1784465081000,1,0.046,0.067,0.6865671641791045
1484590862305329152,1784462517000-632578958264631296-1484590862305329152,1784462517000,1784462797000,1,0.046,0.192,0.23958333333333331
931855689733636096,1784431353000-632578958264631296-931855689733636096,1784431353000,1784431894000,1,0.046,0.439,0.10478359908883826
1071826388769570816,1784450346000-632578958264631296-1071826388769570816,1784450346000,1784450531000,1,0.045,0.143,0.3146853146853147
1073201833905750016,1784432075000-632578958264631296-1073201833905750016,1784432075000,1784432222000,1,0.045,0.117,0.3846153846153846
1076104369969037312,1784465220000-632578958264631296-1076104369969037312,1784465220000,1784465379000,1,0.045,0.094,0.4787234042553191
1080454515951403008,1784442145000-632578958264631296-1080454515951403008,1784442145000,1784442377000,1,0.045,0.135,0.3333333333333333
1083726517403385856,1784458454000-632578958264631296-1083726517403385856,1784458454000,1784458755000,1,0.045,0.294,0.15306122448979592
1083727986517082112,1784469777000-632578958264631296-1083727986517082112,1784469777000,1784470079000,1,0.045,0.209,0.215311004784689
1090633180173565952,1784437263000-632578958264631296-1090633180173565952,1784437263000,1784437642000,1,0.045,0.396,0.11363636363636363
1152269234303139840,1784471299000-632578958264631296-1152269234303139840,1784471299000,1784471437000,1,0.045,0.063,0.7142857142857143
1464628801508999168,1784453045000-632578958264631296-1464628801508999168,1784453045000,1784453153000,1,0.045,0.046,0.9782608695652174
1484590862305329152,1784460559000-632578958264631296-1484590862305329152,1784460559000,1784460792000,1,0.045,0.133,0.3383458646616541
1536014695108968448,1784406835000-632578958264631296-1536014695108968448,1784406835000,1784420503000,1,0.045,6.169,0.007294537202139731
873568577507033088,1784454916000-632578958264631296-873568577507033088,1784454916000,1784455123000,1,0.045,0.075,0.6
906488270454521856,1784462788000-632578958264631296-906488270454521856,1784462788000,1784463159000,1,0.045,0.108,0.41666666666666663
997896292355014656,1784469883000-632578958264631296-997896292355014656,1784469883000,1784470066000,1,0.045,0.104,0.4326923076923077
1050036721544069120,1784464415000-632578958264631296-1050036721544069120,1784464415000,1784464569000,1,0.044,0.126,0.3492063492063492
1113518928358801408,1784438702000-632578958264631296-1113518928358801408,1784438702000,1784439873000,1,0.044,0.69,0.06376811594202898
1136252936335130624,1784443986000-632578958264631296-1136252936335130624,1784443986000,1784444344000,1,0.044,0.381,0.11548556430446194
790193276584984576,1784468323000-632578958264631296-790193276584984576,1784468323000,1784468626000,1,0.044,0.436,0.10091743119266054
876044057397166080,1784434256000-632578958264631296-876044057397166080,1784434256000,1784434585000,1,0.044,0.366,0.12021857923497267
893133531117518848,1784460886000-632578958264631296-893133531117518848,1784460886000,1784461021000,1,0.044,0.046,0.9565217391304347
939138676678459392,1784444082000-632578958264631296-939138676678459392,1784444082000,1784444173000,1,0.044,0.328,0.13414634146341461
943818921138454528,1784454809000-632578958264631296-943818921138454528,1784454809000,1784454960000,1,0.044,0.108,0.4074074074074074
946034884164452352,1784436811000-632578958264631296-946034884164452352,1784436811000,1784436949000,1,0.044,0.082,0.5365853658536585
1045015172411817984,1784449055000-632578958264631296-1045015172411817984,1784449055000,1784449377000,1,0.043,0.148,0.2905405405405405
1050036836505747456,1784429635000-632578958264631296-1050036836505747456,1784429635000,1784430034000,1,0.043,0.459,0.09368191721132896
1067763903368265728,1784458098000-632578958264631296-1067763903368265728,1784458098000,1784458433000,1,0.043,0.317,0.13564668769716087
1067765389137543168,1784462533000-632578958264631296-1067765389137543168,1784462533000,1784462693000,1,0.043,0.106,0.40566037735849053
1181299462874595328,1784476791000-632578958264631296-1181299462874595328,1784476791000,1784477155000,1,0.043,0.188,0.22872340425531912
1389243940330274816,1784457866000-632578958264631296-1389243940330274816,1784457866000,1784458378000,1,0.043,0.277,0.15523465703971118
1536014505966829568,1784431498000-632578958264631296-1536014505966829568,1784431498000,1784431717000,1,0.043,0.176,0.24431818181818182
1569317625765298176,1784432669000-632578958264631296-1569317625765298176,1784432669000,1784433053000,1,0.043,0.386,0.11139896373056994
847116116999274496,1784441551000-632578958264631296-847116116999274496,1784441551000,1784441741000,1,0.043,0.121,0.35537190082644626
860147487929794560,1784472657000-632578958264631296-860147487929794560,1784472657000,1784474403000,1,0.043,0.814,0.052825552825552825
869954569466019840,1784422191000-632578958264631296-869954569466019840,1784422191000,1784422951000,1,0.043,0.37,0.11621621621621621
883046842797916160,1784460219000-632578958264631296-883046842797916160,1784460219000,1784460343000,1,0.043,0.092,0.46739130434782605
927189698663677952,1784486240000-632578958264631296-927189698663677952,1784486240000,1784486385000,1,0.043,0.071,0.6056338028169014
931938734016823296,1784475183000-632578958264631296-931938734016823296,1784475183000,1784475554000,1,0.043,0.44,0.09772727272727272
1045646209449984000,1784443154000-632578958264631296-1045646209449984000,1784443154000,1784443346000,1,0.042,0.088,0.47727272727272735
1050036987500691456,1784421840000-632578958264631296-1050036987500691456,1784421840000,1784422058000,1,0.042,0.122,0.34426229508196726
1083726930487803904,1784468623000-632578958264631296-1083726930487803904,1784468623000,1784469071000,1,0.042,0.373,0.1126005361930295
1083728870357598208,1784440830000-632578958264631296-1083728870357598208,1784440830000,1784441188000,1,0.042,0.286,0.14685314685314688
1152269234303139840,1784474704000-632578958264631296-1152269234303139840,1784474704000,1784476457000,1,0.042,0.83,0.050602409638554224
1428064485414797312,1784453723000-632578958264631296-1428064485414797312,1784453723000,1784453841000,1,0.042,0.053,0.7924528301886793
1477629515881512960,1784453262000-632578958264631296-1477629515881512960,1784453262000,1784453397000,1,0.042,0.052,0.8076923076923078
862677666426257408,1784454897000-632578958264631296-862677666426257408,1784454897000,1784455112000,1,0.042,0.209,0.20095693779904308
951882940915122176,1784456584000-632578958264631296-951882940915122176,1784456584000,1784456797000,1,0.042,0.075,0.56
1067771070980816896,1784454185000-632578958264631296-1067771070980816896,1784454185000,1784454295000,1,0.041,0.059,0.6949152542372882
1081223436249858048,1784453106000-632578958264631296-1081223436249858048,1784453106000,1784453279000,1,0.041,0.037,1.1081081081081081
1141991039255445504,1784443955000-632578958264631296-1141991039255445504,1784443955000,1784444339000,1,0.041,0.337,0.12166172106824925
1176582451024101376,1784460881000-632578958264631296-1176582451024101376,1784460881000,1784461308000,1,0.041,0.441,0.09297052154195011
1184409623537385472,1784471719000-632578958264631296-1184409623537385472,1784471719000,1784471930000,1,0.041,0.177,0.23163841807909608
1385304935976927232,1784477574000-632578958264631296-1385304935976927232,1784477574000,1784477808000,1,0.041,0.195,0.21025641025641026
1469693281720860672,1784453994000-632578958264631296-1469693281720860672,1784453994000,1784454255000,1,0.041,0.124,0.3306451612903226
1477629515881512960,1784452164000-632578958264631296-1477629515881512960,1784452164000,1784452522000,1,0.041,0.113,0.36283185840707965
1484590862305329152,1784453407000-632578958264631296-1484590862305329152,1784453407000,1784453511000,1,0.041,0.179,0.22905027932960895
1536004619845500928,1784425949000-632578958264631296-1536004619845500928,1784425949000,1784426155000,1,0.041,0.07,0.5857142857142856
947105297703370752,1784447199000-632578958264631296-947105297703370752,1784447199000,1784447556000,1,0.041,0.112,0.3660714285714286
1065321017443876864,1784468791000-632578958264631296-1065321017443876864,1784468791000,1784469190000,1,0.04,0.112,0.35714285714285715
1067775323560476672,1784463558000-632578958264631296-1067775323560476672,1784463558000,1784463841000,1,0.04,0.111,0.36036036036036034
1113518928358801408,1784456138000-632578958264631296-1113518928358801408,1784456138000,1784456314000,1,0.04,0.053,0.7547169811320755
1141991039255445504,1784443664000-632578958264631296-1141991039255445504,1784443664000,1784443951000,1,0.04,0.26,0.15384615384615385
1504892206538817536,1784428963000-632578958264631296-1504892206538817536,1784428963000,1784429369000,1,0.04,0.314,0.12738853503184713
1536014647272931328,1784474527000-632578958264631296-1536014647272931328,1784474527000,1784475100000,1,0.04,0.296,0.13513513513513514
862287863801184256,1784487965000-632578958264631296-862287863801184256,1784487965000,1784488247000,1,0.04,0.038,1.0526315789473684
873201356771426304,1784489158000-632578958264631296-873201356771426304,1784489158000,1784489511000,1,0.04,0.137,0.291970802919708
916722872880201728,1784465397000-632578958264631296-916722872880201728,1784465397000,1784465649000,1,0.04,0.134,0.29850746268656714
939547018001383424,1784448272000-632578958264631296-939547018001383424,1784448272000,1784448550000,1,0.04,0.245,0.163265306122449
1046442514266980352,1784469593000-632578958264631296-1046442514266980352,1784469593000,1784470393000,1,0.039,0.355,0.10985915492957747
1050036721544069120,1784460935000-632578958264631296-1050036721544069120,1784460935000,1784461121000,1,0.039,0.16,0.24375
1067772524470730752,1784466967000-632578958264631296-1067772524470730752,1784466967000,1784467162000,1,0.039,0.28,0.13928571428571426
1070378226594873344,1784438120000-632578958264631296-1070378226594873344,1784438120000,1784438229000,1,0.039,0.077,0.5064935064935066
1081533146517733376,1784464498000-632578958264631296-1081533146517733376,1784464498000,1784464697000,1,0.039,0.067,0.582089552238806
1294723291725955072,1784441502000-632578958264631296-1294723291725955072,1784441502000,1784441696000,1,0.039,0.092,0.42391304347826086
1462138758710165504,1784435577000-632578958264631296-1462138758710165504,1784435577000,1784436250000,1,0.039,0.673,0.05794947994056463
1061350711461150720,1784437033000-632578958264631296-1061350711461150720,1784437033000,1784437243000,1,0.038,0.077,0.4935064935064935
1061978679036346368,1784442452000-632578958264631296-1061978679036346368,1784442452000,1784445241000,1,0.038,1.042,0.036468330134357005
1083728870357598208,1784455297000-632578958264631296-1083728870357598208,1784455297000,1784455660000,1,0.038,0.269,0.14126394052044608
1087441747748847616,1784436509000-632578958264631296-1087441747748847616,1784436509000,1784436779000,1,0.038,0.241,0.15767634854771784
1259200800735887360,1784459749000-632578958264631296-1259200800735887360,1784459749000,1784460187000,1,0.038,0.55,0.06909090909090908
1466797477431607296,1784426400000-632578958264631296-1466797477431607296,1784426400000,1784426807000,1,0.038,0.259,0.1467181467181467
847126508215468032,1784470339000-632578958264631296-847126508215468032,1784470339000,1784470542000,1,0.038,0.098,0.3877551020408163
912747932862644224,1784466978000-632578958264631296-912747932862644224,1784466978000,1784467122000,1,0.038,0.076,0.5
929721011920699392,1784471239000-632578958264631296-929721011920699392,1784471239000,1784473356000,1,0.038,0.66,0.05757575757575757
942469061864849408,1784437936000-632578958264631296-942469061864849408,1784437936000,1784438027000,1,0.038,0.118,0.3220338983050848
1065321017443876864,1784449848000-632578958264631296-1065321017443876864,1784449848000,1784450198000,1,0.037,0.082,0.4512195121951219
1067765389137543168,1784463249000-632578958264631296-1067765389137543168,1784463249000,1784463463000,1,0.037,0.202,0.18316831683168314
1071826388769570816,1784501984000-632578958264631296-1071826388769570816,1784501984000,1784502223000,1,0.037,0.259,0.14285714285714285
1141991039255445504,1784445022000-632578958264631296-1141991039255445504,1784445022000,1784445309000,1,0.037,0.217,0.1705069124423963
1211786303754993664,1784475360000-632578958264631296-1211786303754993664,1784475360000,1784475525000,1,0.037,0.118,0.3135593220338983
1501934002158698496,1784466483000-632578958264631296-1501934002158698496,1784466483000,1784466647000,1,0.037,0.188,0.19680851063829785
1536397466075660288,1784455507000-632578958264631296-1536397466075660288,1784455507000,1784456263000,1,0.037,0.395,0.09367088607594935
1536402078727929856,1784488224000-632578958264631296-1536402078727929856,1784488224000,1784493360000,1,0.037,2.277,0.016249451032059724
906488270454521856,1784459592000-632578958264631296-906488270454521856,1784459592000,1784459768000,1,0.037,0.123,0.30081300813008127
947104127047958528,1784443145000-632578958264631296-947104127047958528,1784443145000,1784443271000,1,0.037,0.001,37.0
1065321017443876864,1784451394000-632578958264631296-1065321017443876864,1784451394000,1784451678000,1,0.036,0.097,0.37113402061855666
1067763903368265728,1784453390000-632578958264631296-1067763903368265728,1784453390000,1784453973000,1,0.036,0.715,0.050349650349650346
1073994678560358400,1784501795000-632578958264631296-1073994678560358400,1784501795000,1784502190000,1,0.036,0.315,0.11428571428571428
1083728245179809792,1784478107000-632578958264631296-1083728245179809792,1784478107000,1784478297000,1,0.036,0.12,0.3
1083728677599969280,1784447555000-632578958264631296-1083728677599969280,1784447555000,1784447795000,1,0.036,0.198,0.1818181818181818
1087441747748847616,1784439933000-632578958264631296-1087441747748847616,1784439933000,1784440201000,1,0.036,0.112,0.3214285714285714
1094955908762435584,1784465197000-632578958264631296-1094955908762435584,1784465197000,1784465452000,1,0.036,0.098,0.36734693877551017
1406586435233906688,1784464252000-632578958264631296-1406586435233906688,1784464252000,1784464376000,1,0.036,0.06,0.6
1428367002015105024,1784478629000-632578958264631296-1428367002015105024,1784478629000,1784478911000,1,0.036,0.138,0.26086956521739124
1464286463544786944,1784457661000-632578958264631296-1464286463544786944,1784457661000,1784457898000,1,0.036,0.087,0.41379310344827586
1536014744312348672,1784435606000-632578958264631296-1536014744312348672,1784435606000,1784435697000,1,0.036,0.136,0.2647058823529411
1569317625765298176,1784439983000-632578958264631296-1569317625765298176,1784439983000,1784441005000,1,0.036,1.35,0.02666666666666666
1050781532765028352,1784476273000-632578958264631296-1050781532765028352,1784476273000,1784476683000,1,0.035,0.185,0.1891891891891892
1083016936570224640,1784443297000-632578958264631296-1083016936570224640,1784443297000,1784443443000,1,0.035,0.102,0.34313725490196084
1083726655622479872,1784443676000-632578958264631296-1083726655622479872,1784443676000,1784444068000,1,0.035,0.417,0.08393285371702638
1093087738300727296,1784460700000-632578958264631296-1093087738300727296,1784460700000,1784460813000,1,0.035,0.12,0.2916666666666667
1136252936335130624,1784441162000-632578958264631296-1136252936335130624,1784441162000,1784441547000,1,0.035,0.428,0.08177570093457945
1484590862305329152,1784450514000-632578958264631296-1484590862305329152,1784450514000,1784450707000,1,0.035,0.102,0.34313725490196084
1536014577374855168,1784442845000-632578958264631296-1536014577374855168,1784442845000,1784443054000,1,0.035,0.067,0.5223880597014926
847126508215468032,1784472620000-632578958264631296-847126508215468032,1784472620000,1784472748000,1,0.035,0.046,0.7608695652173914
929721011920699392,1784454656000-632578958264631296-929721011920699392,1784454656000,1784454746000,1,0.035,0.095,0.368421052631579
942723675356921856,1784446506000-632578958264631296-942723675356921856,1784446506000,1784446764000,1,0.035,0.249,0.14056224899598396
944590866851299328,1784451606000-632578958264631296-944590866851299328,1784451606000,1784452085000,1,0.035,0.132,0.26515151515151514
946025328671719424,1784477286000-632578958264631296-946025328671719424,1784477286000,1784477490000,1,0.035,0.134,0.2611940298507463
1045646397224779776,1784442326000-632578958264631296-1045646397224779776,1784442326000,1784442760000,1,0.034,0.392,0.08673469387755102
1061350711461150720,1784445062000-632578958264631296-1061350711461150720,1784445062000,1784445316000,1,0.034,0.206,0.1650485436893204
1061351650800697344,1784463694000-632578958264631296-1061351650800697344,1784463694000,1784463802000,1,0.034,0.097,0.3505154639175258
1067775256489361408,1784472678000-632578958264631296-1067775256489361408,1784472678000,1784472881000,1,0.034,0.119,0.28571428571428575
1083016936570224640,1784448124000-632578958264631296-1083016936570224640,1784448124000,1784448495000,1,0.034,0.306,0.11111111111111112
1157003119578578944,1784477270000-632578958264631296-1157003119578578944,1784477270000,1784477654000,1,0.034,0.105,0.3238095238095238
1188192864341852160,1784461480000-632578958264631296-1188192864341852160,1784461480000,1784461862000,1,0.034,0.267,0.12734082397003746
1385305291104452608,1784450138000-632578958264631296-1385305291104452608,1784450138000,1784450620000,1,0.034,0.289,0.11764705882352942
1389243594644127744,1784485241000-632578958264631296-1389243594644127744,1784485241000,1784485421000,1,0.034,0.079,0.43037974683544306
1396881703661731840,1784463991000-632578958264631296-1396881703661731840,1784463991000,1784465605000,1,0.034,0.488,0.06967213114754099
1422205318414204928,1784482480000-632578958264631296-1422205318414204928,1784482480000,1784482972000,1,0.034,0.254,0.13385826771653545
1475453057469775872,1784452570000-632578958264631296-1475453057469775872,1784452570000,1784453376000,1,0.034,0.372,0.0913978494623656
1536397466075660288,1784456653000-632578958264631296-1536397466075660288,1784456653000,1784457180000,1,0.034,0.211,0.16113744075829387
862677558196436992,1784470167000-632578958264631296-862677558196436992,1784470167000,1784470317000,1,0.034,0.16,0.21250000000000002
883046842797916160,1784459996000-632578958264631296-883046842797916160,1784459996000,1784460154000,1,0.034,0.066,0.5151515151515151
928334310946111488,1784436439000-632578958264631296-928334310946111488,1784436439000,1784436649000,1,0.034,0.114,0.2982456140350877
942723675356921856,1784476179000-632578958264631296-942723675356921856,1784476179000,1784476564000,1,0.034,0.472,0.07203389830508475
943818921138454528,1784461233000-632578958264631296-943818921138454528,1784461233000,1784461425000,1,0.034,0.052,0.653846153846154
944574738938724352,1784439058000-632578958264631296-944574738938724352,1784439058000,1784439269000,1,0.034,0.105,0.3238095238095238
1050781532765028352,1784467621000-632578958264631296-1050781532765028352,1784467621000,1784467811000,1,0.033,0.075,0.44000000000000006
1067764901566480384,1784465872000-632578958264631296-1067764901566480384,1784465872000,1784466381000,1,0.033,0.456,0.07236842105263158
1067772524470730752,1784455284000-632578958264631296-1067772524470730752,1784455284000,1784455430000,1,0.033,0.037,0.891891891891892
1120316268595904512,1784423394000-632578958264631296-1120316268595904512,1784423394000,1784424008000,1,0.033,0.618,0.05339805825242719
1126571257152667648,1784457862000-632578958264631296-1126571257152667648,1784457862000,1784458082000,1,0.033,0.108,0.3055555555555556
1370798572273926144,1784475318000-632578958264631296-1370798572273926144,1784475318000,1784475522000,1,0.033,0.094,0.35106382978723405
1385304935976927232,1784470134000-632578958264631296-1385304935976927232,1784470134000,1784470379000,1,0.033,0.111,0.2972972972972973
1401196266230120448,1784429234000-632578958264631296-1401196266230120448,1784429234000,1784429381000,1,0.033,0.1,0.33
1475453057469775872,1784448354000-632578958264631296-1475453057469775872,1784448354000,1784448908000,1,0.033,0.226,0.14601769911504425
1536014688339361792,1784431147000-632578958264631296-1536014688339361792,1784431147000,1784431453000,1,0.033,0.453,0.0728476821192053
1536427445069021184,1784498457000-632578958264631296-1536427445069021184,1784498457000,1784499694000,1,0.033,0.556,0.05935251798561151
869903934959910912,1784448492000-632578958264631296-869903934959910912,1784448492000,1784448699000,1,0.033,0.119,0.2773109243697479
893133531117518848,1784474256000-632578958264631296-893133531117518848,1784474256000,1784474888000,1,0.033,0.192,0.171875
947092625956012032,1784419778000-632578958264631296-947092625956012032,1784419778000,1784420299000,1,0.033,0.154,0.2142857142857143
947105297703370752,1784483663000-632578958264631296-947105297703370752,1784483663000,1784483870000,1,0.033,0.078,0.4230769230769231
951558414842986496,1784467211000-632578958264631296-951558414842986496,1784467211000,1784467763000,1,0.033,0.161,0.20496894409937888
1041007225465733120,1784443903000-632578958264631296-1041007225465733120,1784443903000,1784444478000,1,0.032,0.274,0.11678832116788321
1046837731746906112,1784442555000-632578958264631296-1046837731746906112,1784442555000,1784442746000,1,0.032,0.028,1.1428571428571428
1049341310072258560,1784451990000-632578958264631296-1049341310072258560,1784451990000,1784452263000,1,0.032,0.068,0.47058823529411764
1067765309810671616,1784471329000-632578958264631296-1067765309810671616,1784471329000,1784471621000,1,0.032,0.35,0.09142857142857144
1076104369969037312,1784449190000-632578958264631296-1076104369969037312,1784449190000,1784449373000,1,0.032,0.257,0.1245136186770428
1083728047674228736,1784423098000-632578958264631296-1083728047674228736,1784423098000,1784423390000,1,0.032,0.388,0.08247422680412371
1136716787434389504,1784478925000-632578958264631296-1136716787434389504,1784478925000,1784479271000,1,0.032,0.208,0.15384615384615385
789852692640956416,1784447221000-632578958264631296-789852692640956416,1784447221000,1784447432000,1,0.032,0.142,0.22535211267605637
862287863801184256,1784488473000-632578958264631296-862287863801184256,1784488473000,1784488715000,1,0.032,0.074,0.43243243243243246
869954569466019840,1784443468000-632578958264631296-869954569466019840,1784443468000,1784443652000,1,0.032,0.04,0.8
939545725614686208,1784432306000-632578958264631296-939545725614686208,1784432306000,1784432651000,1,0.032,0.389,0.08226221079691516
939547018001383424,1784448614000-632578958264631296-939547018001383424,1784448614000,1784448761000,1,0.032,0.133,0.24060150375939848
946029440482148352,1784440877000-632578958264631296-946029440482148352,1784440877000,1784441012000,1,0.032,0.038,0.8421052631578948
951882940915122176,1784445845000-632578958264631296-951882940915122176,1784445845000,1784446243000,1,0.032,0.134,0.23880597014925373
964169792938311680,1784475645000-632578958264631296-964169792938311680,1784475645000,1784475988000,1,0.032,0.133,0.24060150375939848
997896292355014656,1784478597000-632578958264631296-997896292355014656,1784478597000,1784482126000,1,0.032,1.581,0.02024035420619861
1045646397224779776,1784468633000-632578958264631296-1045646397224779776,1784468633000,1784468835000,1,0.031,0.181,0.1712707182320442
1064532839803912192,1784456543000-632578958264631296-1064532839803912192,1784456543000,1784456883000,1,0.031,0.093,0.3333333333333333
1067765133431799808,1784431683000-632578958264631296-1067765133431799808,1784431683000,1784431972000,1,0.031,0.207,0.1497584541062802
1079787761596104704,1784451355000-632578958264631296-1079787761596104704,1784451355000,1784451882000,1,0.031,0.369,0.08401084010840108
1079787761596104704,1784452157000-632578958264631296-1079787761596104704,1784452157000,1784452330000,1,0.031,0.117,0.26495726495726496
1081533146517733376,1784466407000-632578958264631296-1081533146517733376,1784466407000,1784466566000,1,0.031,0.046,0.6739130434782609
1127222273418199040,1784469923000-632578958264631296-1127222273418199040,1784469923000,1784470096000,1,0.031,0.11,0.2818181818181818
1132635162635403264,1784448646000-632578958264631296-1132635162635403264,1784448646000,1784448997000,1,0.031,0.181,0.1712707182320442
1385305554984894464,1784452010000-632578958264631296-1385305554984894464,1784452010000,1784452242000,1,0.031,0.085,0.36470588235294116
1389244302743306240,1784472872000-632578958264631296-1389244302743306240,1784472872000,1784474265000,1,0.031,0.168,0.1845238095238095
1536014550107684864,1784455939000-632578958264631296-1536014550107684864,1784455939000,1784456069000,1,0.031,0.048,0.6458333333333334
951882940915122176,1784473039000-632578958264631296-951882940915122176,1784473039000,1784475984000,1,0.031,0.901,0.03440621531631521
952583803866447872,1784453918000-632578958264631296-952583803866447872,1784453918000,1784454411000,1,0.031,0.188,0.16489361702127658
1046836268442320896,1784443072000-632578958264631296-1046836268442320896,1784443072000,1784443312000,1,0.03,0.093,0.3225806451612903
1050036721544069120,1784446267000-632578958264631296-1050036721544069120,1784446267000,1784446544000,1,0.03,0.27,0.1111111111111111
1060630916881186816,1784442436000-632578958264631296-1060630916881186816,1784442436000,1784442608000,1,0.03,0.152,0.19736842105263158
1076104369969037312,1784453401000-632578958264631296-1076104369969037312,1784453401000,1784453566000,1,0.03,0.187,0.16042780748663102
1083726698509238272,1784420383000-632578958264631296-1083726698509238272,1784420383000,1784420770000,1,0.03,0.429,0.06993006993006994
1152269234303139840,1784456733000-632578958264631296-1152269234303139840,1784456733000,1784456866000,1,0.03,0.046,0.6521739130434783
1211337321434054656,1784448776000-632578958264631296-1211337321434054656,1784448776000,1784449185000,1,0.03,0.21,0.14285714285714285
1389243940330274816,1784475970000-632578958264631296-1389243940330274816,1784475970000,1784476195000,1,0.03,0.1,0.3
1462138214197231616,1784468657000-632578958264631296-1462138214197231616,1784468657000,1784468810000,1,0.03,0.064,0.46875
1471164933021368320,1784467004000-632578958264631296-1471164933021368320,1784467004000,1784467165000,1,0.03,0.027,1.1111111111111112
1489984398731247616,1784456011000-632578958264631296-1489984398731247616,1784456011000,1784456257000,1,0.03,0.12,0.25
642055098863718400,1784432138000-632578958264631296-642055098863718400,1784432138000,1784432443000,1,0.03,0.262,0.11450381679389313
931938734016823296,1784464527000-632578958264631296-931938734016823296,1784464527000,1784464801000,1,0.03,0.281,0.10676156583629892
943818921138454528,1784444338000-632578958264631296-943818921138454528,1784444338000,1784444454000,1,0.03,0.059,0.5084745762711864
1081533146517733376,1784460723000-632578958264631296-1081533146517733376,1784460723000,1784460925000,1,0.029,0.055,0.5272727272727273
1172939590688833536,1784483502000-632578958264631296-1172939590688833536,1784483502000,1784484107000,1,0.029,0.739,0.03924221921515562
1175796809117728768,1784443745000-632578958264631296-1175796809117728768,1784443745000,1784443914000,1,0.029,0.136,0.21323529411764705
1187402009754468352,1784430721000-632578958264631296-1187402009754468352,1784430721000,1784431036000,1,0.029,0.151,0.19205298013245034
1364616390270517248,1784438898000-632578958264631296-1364616390270517248,1784438898000,1784439014000,1,0.029,0.08,0.3625
1458037913185943552,1784430887000-632578958264631296-1458037913185943552,1784430887000,1784431104000,1,0.029,0.088,0.3295454545454546
1464283595349688320,1784478581000-632578958264631296-1464283595349688320,1784478581000,1784478738000,1,0.029,0.062,0.467741935483871
1464286463544786944,1784430295000-632578958264631296-1464286463544786944,1784430295000,1784430672000,1,0.029,0.154,0.18831168831168832
1536014744312348672,1784464745000-632578958264631296-1536014744312348672,1784464745000,1784464876000,1,0.029,0.08,0.3625
919290820798971904,1784439318000-632578958264631296-919290820798971904,1784439318000,1784439788000,1,0.029,0.306,0.09477124183006537
940246123384143872,1784452516000-632578958264631296-940246123384143872,1784452516000,1784452670000,1,0.029,0.116,0.25
943858330336493568,1784429027000-632578958264631296-943858330336493568,1784429027000,1784429489000,1,0.029,0.265,0.10943396226415095
947091862986948608,1784472331000-632578958264631296-947091862986948608,1784472331000,1784473010000,1,0.029,0.22,0.13181818181818183
1045646397224779776,1784457653000-632578958264631296-1045646397224779776,1784457653000,1784458191000,1,0.028,0.589,0.04753820033955858
1050781532765028352,1784476857000-632578958264631296-1050781532765028352,1784476857000,1784476967000,1,0.028,0.051,0.5490196078431373
1070378226594873344,1784420429000-632578958264631296-1070378226594873344,1784420429000,1784420540000,1,0.028,0.038,0.736842105263158
1094641057146077184,1784435559000-632578958264631296-1094641057146077184,1784435559000,1784435712000,1,0.028,0.123,0.22764227642276424
1152269234303139840,1784484582000-632578958264631296-1152269234303139840,1784484582000,1784484905000,1,0.028,0.231,0.12121212121212122
1152270574152581120,1784428885000-632578958264631296-1152270574152581120,1784428885000,1784429805000,1,0.028,0.516,0.05426356589147287
1355523374926790656,1784497290000-632578958264631296-1355523374926790656,1784497290000,1784497566000,1,0.028,0.168,0.16666666666666666
1362452416535986176,1784429718000-632578958264631296-1362452416535986176,1784429718000,1784430070000,1,0.028,0.142,0.1971830985915493
862677558196436992,1784475584000-632578958264631296-862677558196436992,1784475584000,1784475886000,1,0.028,0.357,0.0784313725490196
946025328671719424,1784490304000-632578958264631296-946025328671719424,1784490304000,1784490469000,1,0.028,0.147,0.1904761904761905
1046442858321543168,1784459561000-632578958264631296-1046442858321543168,1784459561000,1784459863000,1,0.027,0.089,0.30337078651685395
1046442858321543168,1784459867000-632578958264631296-1046442858321543168,1784459867000,1784460473000,1,0.027,0.097,0.27835051546391754
1079095785133441024,1784455626000-632578958264631296-1079095785133441024,1784455626000,1784456106000,1,0.027,0.314,0.08598726114649681
1152269356621627392,1784447845000-632578958264631296-1152269356621627392,1784447845000,1784448131000,1,0.027,0.23,0.11739130434782608
1385588705250508800,1784441301000-632578958264631296-1385588705250508800,1784441301000,1784441763000,1,0.027,0.209,0.1291866028708134
1536014603211767808,1784463342000-632578958264631296-1536014603211767808,1784463342000,1784463580000,1,0.027,0.093,0.2903225806451613
1536397466075660288,1784499244000-632578958264631296-1536397466075660288,1784499244000,1784499532000,1,0.027,0.24,0.1125
873897783357079552,1784451923000-632578958264631296-873897783357079552,1784451923000,1784452245000,1,0.027,0.334,0.08083832335329341
908732861828300800,1784434182000-632578958264631296-908732861828300800,1784434182000,1784434293000,1,0.027,0.077,0.35064935064935066
926835749754503168,1784455116000-632578958264631296-926835749754503168,1784455116000,1784455259000,1,0.027,0.079,0.34177215189873417
931939397496995840,1784477337000-632578958264631296-931939397496995840,1784477337000,1784479587000,1,0.027,0.575,0.04695652173913044
939138676678459392,1784451601000-632578958264631296-939138676678459392,1784451601000,1784451753000,1,0.027,0.071,0.3802816901408451
939140294748667904,1784421486000-632578958264631296-939140294748667904,1784421486000,1784421645000,1,0.027,0.084,0.3214285714285714
947104748366987264,1784476317000-632578958264631296-947104748366987264,1784476317000,1784476434000,1,0.027,0.068,0.39705882352941174
1083016936570224640,1784467724000-632578958264631296-1083016936570224640,1784467724000,1784468365000,1,0.026,0.63,0.04126984126984127
1083726740557135872,1784456387000-632578958264631296-1083726740557135872,1784456387000,1784456516000,1,0.026,0.125,0.208
1170761528379441152,1784443162000-632578958264631296-1170761528379441152,1784443162000,1784443465000,1,0.026,0.093,0.27956989247311825
1475453057469775872,1784446992000-632578958264631296-1475453057469775872,1784446992000,1784447731000,1,0.026,0.316,0.08227848101265822
1526262198169501696,1784460912000-632578958264631296-1526262198169501696,1784460912000,1784461197000,1,0.026,0.3,0.08666666666666667
1536014688339361792,1784444217000-632578958264631296-1536014688339361792,1784444217000,1784444414000,1,0.026,0.101,0.2574257425742574
938442824968306688,1784444901000-632578958264631296-938442824968306688,1784444901000,1784445222000,1,0.026,0.052,0.5
939139369715892224,1784481047000-632578958264631296-939139369715892224,1784481047000,1784484674000,1,0.026,1.459,0.017820424948594926
947092625956012032,1784437580000-632578958264631296-947092625956012032,1784437580000,1784437765000,1,0.026,0.041,0.6341463414634145
1061350361924632576,1784431354000-632578958264631296-1061350361924632576,1784431354000,1784431970000,1,0.025,0.251,0.09960159362549802
1061350361924632576,1784468054000-632578958264631296-1061350361924632576,1784468054000,1784468257000,1,0.025,0.103,0.24271844660194178
1065321017443876864,1784473840000-632578958264631296-1065321017443876864,1784473840000,1784474025000,1,0.025,0.055,0.4545454545454546
1067772524470730752,1784441766000-632578958264631296-1067772524470730752,1784441766000,1784441956000,1,0.025,0.269,0.09293680297397769
1089954932305428480,1784441469000-632578958264631296-1089954932305428480,1784441469000,1784441946000,1,0.025,0.262,0.09541984732824428
1168836102002311168,1784450290000-632578958264631296-1168836102002311168,1784450290000,1784450398000,1,0.025,0.043,0.5813953488372093
1406228892573761536,1784421074000-632578958264631296-1406228892573761536,1784421074000,1784421534000,1,0.025,0.269,0.09293680297397769
1428367002015105024,1784478947000-632578958264631296-1428367002015105024,1784478947000,1784479112000,1,0.025,0.049,0.5102040816326531
1454186236603269120,1784457350000-632578958264631296-1454186236603269120,1784457350000,1784457555000,1,0.025,0.076,0.32894736842105265
1536014681523617792,1784503253000-632578958264631296-1536014681523617792,1784503253000,1784504100000,1,0.025,0.389,0.06426735218508997
1536014758619119616,1784484634000-632578958264631296-1536014758619119616,1784484634000,1784485073000,1,0.025,0.22,0.11363636363636365
944587945103327232,1784472320000-632578958264631296-944587945103327232,1784472320000,1784472505000,1,0.025,0.055,0.4545454545454546
946027748999036928,1784441409000-632578958264631296-946027748999036928,1784441409000,1784441577000,1,0.025,0.077,0.3246753246753247
946034884164452352,1784456343000-632578958264631296-946034884164452352,1784456343000,1784456458000,1,0.025,0.05,0.5
964169792938311680,1784433823000-632578958264631296-964169792938311680,1784433823000,1784434984000,1,0.025,0.537,0.04655493482309125
1050035879038418944,1784441615000-632578958264631296-1050035879038418944,1784441615000,1784441914000,1,0.024,0.272,0.08823529411764705
1050036019790872576,1784452540000-632578958264631296-1050036019790872576,1784452540000,1784453233000,1,0.024,0.795,0.03018867924528302
1050037336936546304,1784447424000-632578958264631296-1050037336936546304,1784447424000,1784447600000,1,0.024,0.059,0.4067796610169492
1064550465066237952,1784447765000-632578958264631296-1064550465066237952,1784447765000,1784447949000,1,0.024,0.064,0.375
1065321017443876864,1784447589000-632578958264631296-1065321017443876864,1784447589000,1784447778000,1,0.024,0.088,0.27272727272727276
1065321017443876864,1784448382000-632578958264631296-1065321017443876864,1784448382000,1784448571000,1,0.024,0.028,0.8571428571428571
1067763722711203840,1784468718000-632578958264631296-1067763722711203840,1784468718000,1784469043000,1,0.024,0.272,0.08823529411764705
1067765389137543168,1784459343000-632578958264631296-1067765389137543168,1784459343000,1784459545000,1,0.024,0.163,0.147239263803681
1068875501654769664,1784429813000-632578958264631296-1068875501654769664,1784429813000,1784429936000,1,0.024,0.058,0.41379310344827586
1073994678560358400,1784471688000-632578958264631296-1073994678560358400,1784471688000,1784471874000,1,0.024,0.094,0.2553191489361702
1083727333329731584,1784441425000-632578958264631296-1083727333329731584,1784441425000,1784443070000,1,0.024,1.613,0.014879107253564786
1094588896550846464,1784449465000-632578958264631296-1094588896550846464,1784449465000,1784449857000,1,0.024,0.164,0.14634146341463414
1094956363722784768,1784431964000-632578958264631296-1094956363722784768,1784431964000,1784432099000,1,0.024,0.078,0.3076923076923077
1131240847388442624,1784444630000-632578958264631296-1131240847388442624,1784444630000,1784444950000,1,0.024,0.26,0.09230769230769231
1152269234303139840,1784458565000-632578958264631296-1152269234303139840,1784458565000,1784458676000,1,0.024,0.051,0.4705882352941177
1176582767303983104,1784473387000-632578958264631296-1176582767303983104,1784473387000,1784473893000,1,0.024,0.504,0.047619047619047616
1362452416535986176,1784473346000-632578958264631296-1362452416535986176,1784473346000,1784473533000,1,0.024,0.117,0.20512820512820512
1385304935976927232,1784461794000-632578958264631296-1385304935976927232,1784461794000,1784462081000,1,0.024,0.102,0.23529411764705885
1406228892573761536,1784451191000-632578958264631296-1406228892573761536,1784451191000,1784451357000,1,0.024,0.081,0.2962962962962963
1428031634325635072,1784463119000-632578958264631296-1428031634325635072,1784463119000,1784463802000,1,0.024,0.29,0.08275862068965519
1545767666730401792,1784463240000-632578958264631296-1545767666730401792,1784463240000,1784463390000,1,0.024,0.094,0.2553191489361702
944574738938724352,1784471080000-632578958264631296-944574738938724352,1784471080000,1784472264000,1,0.024,0.37,0.06486486486486487
946036270407090176,1784435147000-632578958264631296-946036270407090176,1784435147000,1784435482000,1,0.024,0.12,0.2
947105297703370752,1784476242000-632578958264631296-947105297703370752,1784476242000,1784476547000,1,0.024,0.106,0.22641509433962265
1067765189559975936,1784454606000-632578958264631296-1067765189559975936,1784454606000,1784454770000,1,0.023,0.059,0.3898305084745763
1070334753032372224,1784505151000-632578958264631296-1070334753032372224,1784505151000,1784506150000,1,0.023,0.421,0.05463182897862233
1079026604165824512,1784431527000-632578958264631296-1079026604165824512,1784431527000,1784431786000,1,0.023,0.107,0.21495327102803738
1083016936570224640,1784440181000-632578958264631296-1083016936570224640,1784440181000,1784440380000,1,0.023,0.102,0.22549019607843138
1087441747748847616,1784443513000-632578958264631296-1087441747748847616,1784443513000,1784443846000,1,0.023,0.272,0.08455882352941176
1111626569580806144,1784477106000-632578958264631296-1111626569580806144,1784477106000,1784477641000,1,0.023,0.324,0.07098765432098765
1131239476161413120,1784425264000-632578958264631296-1131239476161413120,1784425264000,1784425399000,1,0.023,0.105,0.21904761904761905
1131240373310455808,1784446274000-632578958264631296-1131240373310455808,1784446274000,1784446418000,1,0.023,0.081,0.2839506172839506
1170761528379441152,1784444899000-632578958264631296-1170761528379441152,1784444899000,1784445106000,1,0.023,0.05,0.45999999999999996
1371466234314358784,1784472021000-632578958264631296-1371466234314358784,1784472021000,1784473199000,1,0.023,1.187,0.019376579612468407
1536014625517076480,1784455020000-632578958264631296-1536014625517076480,1784455020000,1784455280000,1,0.023,0.124,0.18548387096774194
862677666426257408,1784434304000-632578958264631296-862677666426257408,1784434304000,1784434472000,1,0.023,0.259,0.08880308880308879
862677666426257408,1784443638000-632578958264631296-862677666426257408,1784443638000,1784444381000,1,0.023,0.687,0.033478893740902474
929731076446748672,1784430762000-632578958264631296-929731076446748672,1784430762000,1784431746000,1,0.023,0.35,0.06571428571428571
931938734016823296,1784435310000-632578958264631296-931938734016823296,1784435310000,1784435677000,1,0.023,0.346,0.06647398843930637
1067765309810671616,1784480105000-632578958264631296-1067765309810671616,1784480105000,1784481862000,1,0.022,1.806,0.012181616832779622
1067765389137543168,1784466577000-632578958264631296-1067765389137543168,1784466577000,1784466772000,1,0.022,0.094,0.23404255319148934
1071019405950844928,1784445971000-632578958264631296-1071019405950844928,1784445971000,1784446402000,1,0.022,0.195,0.11282051282051281
1079095062366781440,1784463949000-632578958264631296-1079095062366781440,1784463949000,1784464082000,1,0.022,0.147,0.14965986394557823
1080454515951403008,1784453005000-632578958264631296-1080454515951403008,1784453005000,1784453619000,1,0.022,0.178,0.12359550561797752
1082330521322651648,1784463174000-632578958264631296-1082330521322651648,1784463174000,1784463356000,1,0.022,0.199,0.11055276381909547
1083728047674228736,1784504348000-632578958264631296-1083728047674228736,1784504348000,1784504612000,1,0.022,0.274,0.0802919708029197
1090633180173565952,1784474806000-632578958264631296-1090633180173565952,1784474806000,1784474957000,1,0.022,0.149,0.1476510067114094
1094588896550846464,1784496695000-632578958264631296-1094588896550846464,1784496695000,1784497164000,1,0.022,0.21,0.10476190476190476
1101524127430213632,1784448752000-632578958264631296-1101524127430213632,1784448752000,1784474103000,1,0.022,7.422,0.0029641606036108865
1109445504082640896,1784446188000-632578958264631296-1109445504082640896,1784446188000,1784446451000,1,0.022,0.284,0.07746478873239437
1184409623537385472,1784471331000-632578958264631296-1184409623537385472,1784471331000,1784471546000,1,0.022,0.104,0.21153846153846154
1209168031477923840,1784466740000-632578958264631296-1209168031477923840,1784466740000,1784466956000,1,0.022,0.088,0.25
1389244197004902400,1784438631000-632578958264631296-1389244197004902400,1784438631000,1784438802000,1,0.022,0.036,0.6111111111111112
1389244302743306240,1784476128000-632578958264631296-1389244302743306240,1784476128000,1784476911000,1,0.022,0.391,0.056265984654731455
1464628801508999168,1784443619000-632578958264631296-1464628801508999168,1784443619000,1784443917000,1,0.022,0.132,0.16666666666666666
1471165126924042240,1784468175000-632578958264631296-1471165126924042240,1784468175000,1784468298000,1,0.022,0.048,0.4583333333333333
1540361830973571072,1784463247000-632578958264631296-1540361830973571072,1784463247000,1784463389000,1,0.022,0.059,0.3728813559322034
874363612666265600,1784447655000-632578958264631296-874363612666265600,1784447655000,1784447789000,1,0.022,0.022,1.0
946033927888306176,1784457137000-632578958264631296-946033927888306176,1784457137000,1784457248000,1,0.022,0.032,0.6875
946033927888306176,1784460624000-632578958264631296-946033927888306176,1784460624000,1784460857000,1,0.022,0.077,0.2857142857142857
1047650330055016448,1784441021000-632578958264631296-1047650330055016448,1784441021000,1784441392000,1,0.021,0.13,0.16153846153846155
1050036987500691456,1784478189000-632578958264631296-1050036987500691456,1784478189000,1784478373000,1,0.021,0.169,0.1242603550295858
1050037537222950912,1784432529000-632578958264631296-1050037537222950912,1784432529000,1784432786000,1,0.021,0.051,0.411764705882353
1067765061260410880,1784446869000-632578958264631296-1067765061260410880,1784446869000,1784447360000,1,0.021,0.659,0.03186646433990895
1067771070980816896,1784455083000-632578958264631296-1067771070980816896,1784455083000,1784455371000,1,0.021,0.03,0.7000000000000001
1157003119578578944,1784477756000-632578958264631296-1157003119578578944,1784477756000,1784478447000,1,0.021,0.191,0.1099476439790576
1363836271826305024,1784475860000-632578958264631296-1363836271826305024,1784475860000,1784476591000,1,0.021,0.432,0.04861111111111111
1385305434218299392,1784424438000-632578958264631296-1385305434218299392,1784424438000,1784425030000,1,0.021,0.287,0.07317073170731708
1422205318414204928,1784438094000-632578958264631296-1422205318414204928,1784438094000,1784438231000,1,0.021,0.064,0.328125
1428367002015105024,1784469321000-632578958264631296-1428367002015105024,1784469321000,1784469435000,1,0.021,0.059,0.35593220338983056
1536427445069021184,1784475357000-632578958264631296-1536427445069021184,1784475357000,1784475985000,1,0.021,0.352,0.05965909090909092
789852612550721536,1784471376000-632578958264631296-789852612550721536,1784471376000,1784471522000,1,0.021,0.112,0.1875
952583803866447872,1784456266000-632578958264631296-952583803866447872,1784456266000,1784456453000,1,0.021,0.058,0.3620689655172414
1061351650800697344,1784462621000-632578958264631296-1061351650800697344,1784462621000,1784462735000,1,0.02,0.057,0.3508771929824561
1072871041421803520,1784466379000-632578958264631296-1072871041421803520,1784466379000,1784466878000,1,0.02,0.489,0.0408997955010225
1072872003913908224,1784475182000-632578958264631296-1072872003913908224,1784475182000,1784476482000,1,0.02,0.715,0.027972027972027975
1079425050643267584,1784467934000-632578958264631296-1079425050643267584,1784467934000,1784468087000,1,0.02,0.051,0.3921568627450981
1083016936570224640,1784443470000-632578958264631296-1083016936570224640,1784443470000,1784443838000,1,0.02,0.287,0.0696864111498258
1083016936570224640,1784468643000-632578958264631296-1083016936570224640,1784468643000,1784469020000,1,0.02,0.278,0.07194244604316546
1083726930487803904,1784483089000-632578958264631296-1083726930487803904,1784483089000,1784483250000,1,0.02,0.132,0.15151515151515152
1083726930487803904,1784483596000-632578958264631296-1083726930487803904,1784483596000,1784483760000,1,0.02,0.097,0.20618556701030927
1093088075828953088,1784477289000-632578958264631296-1093088075828953088,1784477289000,1784477485000,1,0.02,0.102,0.19607843137254904
1094641057146077184,1784468231000-632578958264631296-1094641057146077184,1784468231000,1784468595000,1,0.02,0.446,0.04484304932735426
1132636899983228928,1784504870000-632578958264631296-1132636899983228928,1784504870000,1784511158000,1,0.02,6.153,0.0032504469364537628
1385588586753032192,1784450961000-632578958264631296-1385588586753032192,1784450961000,1784451860000,1,0.02,0.331,0.060422960725075525
1464283595349688320,1784466334000-632578958264631296-1464283595349688320,1784466334000,1784466552000,1,0.02,0.18,0.11111111111111112
1488160320575766528,1784472684000-632578958264631296-1488160320575766528,1784472684000,1784472977000,1,0.02,0.071,0.28169014084507044
1536014609964597248,1784481606000-632578958264631296-1536014609964597248,1784481606000,1784481813000,1,0.02,0.073,0.27397260273972607
1536397466075660288,1784499560000-632578958264631296-1536397466075660288,1784499560000,1784500018000,1,0.02,0.213,0.09389671361502348
847126508215468032,1784473647000-632578958264631296-847126508215468032,1784473647000,1784473763000,1,0.02,0.045,0.4444444444444445
862677844923252736,1784448488000-632578958264631296-862677844923252736,1784448488000,1784448630000,1,0.02,0.054,0.3703703703703704
866245317551456256,1784430726000-632578958264631296-866245317551456256,1784430726000,1784431032000,1,0.02,0.345,0.05797101449275363
870309644059279360,1784442459000-632578958264631296-870309644059279360,1784442459000,1784442943000,1,0.02,0.639,0.03129890453834116
946033927888306176,1784456598000-632578958264631296-946033927888306176,1784456598000,1784456778000,1,0.02,0.055,0.36363636363636365
946033927888306176,1784456800000-632578958264631296-946033927888306176,1784456800000,1784456936000,1,0.02,0.04,0.5
947452563299500032,1784419985000-632578958264631296-947452563299500032,1784419985000,1784420588000,1,0.02,0.27,0.07407407407407407
1083016936570224640,1784439359000-632578958264631296-1083016936570224640,1784439359000,1784439534000,1,0.019,0.039,0.48717948717948717
1083728870357598208,1784441244000-632578958264631296-1083728870357598208,1784441244000,1784441528000,1,0.019,0.223,0.08520179372197309
1083778254826897408,1784463576000-632578958264631296-1083778254826897408,1784463576000,1784463697000,1,0.019,0.122,0.1557377049180328
1108325683169329152,1784466301000-632578958264631296-1108325683169329152,1784466301000,1784466662000,1,0.019,0.267,0.07116104868913857
1136252936335130624,1784442552000-632578958264631296-1136252936335130624,1784442552000,1784442719000,1,0.019,0.104,0.1826923076923077
1289306380670337024,1784457894000-632578958264631296-1289306380670337024,1784457894000,1784458089000,1,0.019,0.203,0.09359605911330049
1361380561528029184,1784427012000-632578958264631296-1361380561528029184,1784427012000,1784427221000,1,0.019,0.065,0.29230769230769227
1385589008028925952,1784439566000-632578958264631296-1385589008028925952,1784439566000,1784439776000,1,0.019,0.096,0.19791666666666666
1396880990281924608,1784457620000-632578958264631296-1396880990281924608,1784457620000,1784457985000,1,0.019,0.153,0.12418300653594772
1422205727123963904,1784505187000-632578958264631296-1422205727123963904,1784505187000,1784505857000,1,0.019,0.32,0.059375
1484590862305329152,1784466746000-632578958264631296-1484590862305329152,1784466746000,1784467402000,1,0.019,0.35,0.054285714285714284
1536393085787832320,1784429565000-632578958264631296-1536393085787832320,1784429565000,1784429740000,1,0.019,0.107,0.17757009345794392
1545823503347875840,1784485803000-632578958264631296-1545823503347875840,1784485803000,1784486142000,1,0.019,0.204,0.09313725490196079
873201356771426304,1784481559000-632578958264631296-873201356771426304,1784481559000,1784481693000,1,0.019,0.057,0.3333333333333333
874363612666265600,1784469942000-632578958264631296-874363612666265600,1784469942000,1784470125000,1,0.019,0.092,0.20652173913043478
876044057397166080,1784440644000-632578958264631296-876044057397166080,1784440644000,1784440857000,1,0.019,0.172,0.11046511627906977
939140294748667904,1784432137000-632578958264631296-939140294748667904,1784432137000,1784432335000,1,0.019,0.07,0.2714285714285714
1064550465066237952,1784440697000-632578958264631296-1064550465066237952,1784440697000,1784440852000,1,0.018,0.055,0.32727272727272727
1064550465066237952,1784450327000-632578958264631296-1064550465066237952,1784450327000,1784450512000,1,0.018,0.198,0.0909090909090909
1067772524470730752,1784469185000-632578958264631296-1067772524470730752,1784469185000,1784469341000,1,0.018,0.097,0.18556701030927833
1094641057146077184,1784436288000-632578958264631296-1094641057146077184,1784436288000,1784436666000,1,0.018,0.445,0.04044943820224719
1120316585941139456,1784473313000-632578958264631296-1120316585941139456,1784473313000,1784473479000,1,0.018,0.055,0.32727272727272727
1172939590688833536,1784422886000-632578958264631296-1172939590688833536,1784422886000,1784423290000,1,0.018,0.368,0.048913043478260865
1175796809117728768,1784467489000-632578958264631296-1175796809117728768,1784467489000,1784468265000,1,0.018,0.913,0.01971522453450164
1286311379313098752,1784436120000-632578958264631296-1286311379313098752,1784436120000,1784436612000,1,0.018,0.124,0.14516129032258063
1401196266230120448,1784421342000-632578958264631296-1401196266230120448,1784421342000,1784421863000,1,0.018,0.503,0.03578528827037773
1471165126924042240,1784469428000-632578958264631296-1471165126924042240,1784469428000,1784469599000,1,0.018,0.032,0.5625
873570129613422592,1784463025000-632578958264631296-873570129613422592,1784463025000,1784463294000,1,0.018,0.234,0.07692307692307691
873900831743672320,1784466368000-632578958264631296-873900831743672320,1784466368000,1784466684000,1,0.018,0.317,0.05678233438485804
906488270454521856,1784467301000-632578958264631296-906488270454521856,1784467301000,1784467408000,1,0.018,0.045,0.39999999999999997
940981890892955648,1784457971000-632578958264631296-940981890892955648,1784457971000,1784458102000,1,0.018,0.028,0.6428571428571428
947104748366987264,1784469736000-632578958264631296-947104748366987264,1784469736000,1784470294000,1,0.018,0.47,0.03829787234042553
1045646397224779776,1784438150000-632578958264631296-1045646397224779776,1784438150000,1784438574000,1,0.017,0.366,0.04644808743169399
1046442314819436544,1784459365000-632578958264631296-1046442314819436544,1784459365000,1784459588000,1,0.017,0.07,0.24285714285714285
1046443546271285248,1784467885000-632578958264631296-1046443546271285248,1784467885000,1784468000000,1,0.017,0.027,0.6296296296296297
1050441880044568576,1784480653000-632578958264631296-1050441880044568576,1784480653000,1784480782000,1,0.017,0.045,0.3777777777777778
1050467664377413632,1784430262000-632578958264631296-1050467664377413632,1784430262000,1784430890000,1,0.017,0.415,0.040963855421686755
1061351650800697344,1784426822000-632578958264631296-1061351650800697344,1784426822000,1784427224000,1,0.017,0.136,0.125
1067765389137543168,1784459584000-632578958264631296-1067765389137543168,1784459584000,1784459741000,1,0.017,0.11,0.15454545454545457
1067793936933715968,1784503296000-632578958264631296-1067793936933715968,1784503296000,1784503688000,1,0.017,0.125,0.136
1071826388769570816,1784450627000-632578958264631296-1071826388769570816,1784450627000,1784450895000,1,0.017,0.222,0.07657657657657659
1073201833905750016,1784426454000-632578958264631296-1073201833905750016,1784426454000,1784426566000,1,0.017,0.052,0.326923076923077
1073983957575401472,1784468235000-632578958264631296-1073983957575401472,1784468235000,1784468955000,1,0.017,0.854,0.01990632318501171
1073994678560358400,1784494964000-632578958264631296-1073994678560358400,1784494964000,1784496162000,1,0.017,1.126,0.015097690941385437
1082330521322651648,1784438728000-632578958264631296-1082330521322651648,1784438728000,1784438924000,1,0.017,0.176,0.0965909090909091
1093476797997121536,1784474907000-632578958264631296-1093476797997121536,1784474907000,1784475275000,1,0.017,0.204,0.08333333333333334
1132636899983228928,1784500110000-632578958264631296-1132636899983228928,1784500110000,1784502654000,1,0.017,2.705,0.006284658040665435
1172939590688833536,1784484215000-632578958264631296-1172939590688833536,1784484215000,1784484427000,1,0.017,0.14,0.12142857142857143
1286311379313098752,1784479677000-632578958264631296-1286311379313098752,1784479677000,1784479835000,1,0.017,0.03,0.5666666666666668
1401196266230120448,1784456926000-632578958264631296-1401196266230120448,1784456926000,1784457320000,1,0.017,0.494,0.03441295546558705
1428064485414797312,1784456705000-632578958264631296-1428064485414797312,1784456705000,1784456880000,1,0.017,0.132,0.12878787878787878
1500145408670695424,1784469273000-632578958264631296-1500145408670695424,1784469273000,1784469514000,1,0.017,0.106,0.16037735849056606
1569317625765298176,1784468857000-632578958264631296-1569317625765298176,1784468857000,1784469049000,1,0.017,0.235,0.0723404255319149
862677558196436992,1784468814000-632578958264631296-862677558196436992,1784468814000,1784468984000,1,0.017,0.145,0.11724137931034484
866648852977942528,1784431251000-632578958264631296-866648852977942528,1784431251000,1784431470000,1,0.017,0.103,0.1650485436893204
944587945103327232,1784448022000-632578958264631296-944587945103327232,1784448022000,1784448200000,1,0.017,0.085,0.2
1067763722711203840,1784460258000-632578958264631296-1067763722711203840,1784460258000,1784460411000,1,0.016,0.118,0.13559322033898305
1083016936570224640,1784475271000-632578958264631296-1083016936570224640,1784475271000,1784476294000,1,0.016,1.014,0.015779092702169626
1083727289243402240,1784475901000-632578958264631296-1083727289243402240,1784475901000,1784476205000,1,0.016,0.385,0.04155844155844156
1087441747748847616,1784442795000-632578958264631296-1087441747748847616,1784442795000,1784442980000,1,0.016,0.119,0.13445378151260506
1120316585941139456,1784458700000-632578958264631296-1120316585941139456,1784458700000,1784459789000,1,0.016,1.11,0.014414414414414413
1120316585941139456,1784461462000-632578958264631296-1120316585941139456,1784461462000,1784461628000,1,0.016,0.115,0.1391304347826087
1131239137144209408,1784437970000-632578958264631296-1131239137144209408,1784437970000,1784438153000,1,0.016,0.176,0.09090909090909091
1187402009754468352,1784425831000-632578958264631296-1187402009754468352,1784425831000,1784426112000,1,0.016,0.11,0.14545454545454545
1389243940330274816,1784460155000-632578958264631296-1389243940330274816,1784460155000,1784460608000,1,0.016,0.144,0.11111111111111112
1405177997576634368,1784469274000-632578958264631296-1405177997576634368,1784469274000,1784469437000,1,0.016,0.052,0.3076923076923077
1422205318414204928,1784459654000-632578958264631296-1422205318414204928,1784459654000,1784460583000,1,0.016,0.455,0.035164835164835165
1422205318414204928,1784468997000-632578958264631296-1422205318414204928,1784468997000,1784469259000,1,0.016,0.115,0.1391304347826087
1461772563532218368,1784456492000-632578958264631296-1461772563532218368,1784456492000,1784456817000,1,0.016,0.167,0.09580838323353293
1475453057469775872,1784470907000-632578958264631296-1475453057469775872,1784470907000,1784471809000,1,0.016,0.411,0.038929440389294405
780085706063085568,1784421619000-632578958264631296-780085706063085568,1784421619000,1784421829000,1,0.016,0.138,0.11594202898550723
780085706063085568,1784421973000-632578958264631296-780085706063085568,1784421973000,1784422249000,1,0.016,0.216,0.07407407407407407
902974583798235136,1784457551000-632578958264631296-902974583798235136,1784457551000,1784458396000,1,0.016,0.408,0.03921568627450981
908732861828300800,1784432221000-632578958264631296-908732861828300800,1784432221000,1784432375000,1,0.016,0.069,0.23188405797101447
926835749754503168,1784455709000-632578958264631296-926835749754503168,1784455709000,1784455823000,1,0.016,0.068,0.23529411764705882
946036270407090176,1784445438000-632578958264631296-946036270407090176,1784445438000,1784445801000,1,0.016,0.251,0.06374501992031872
952583803866447872,1784460302000-632578958264631296-952583803866447872,1784460302000,1784460653000,1,0.016,0.215,0.07441860465116279
961239466377216000,1784425161000-632578958264631296-961239466377216000,1784425161000,1784425270000,1,0.016,0.041,0.3902439024390244
1045646397224779776,1784468229000-632578958264631296-1045646397224779776,1784468229000,1784468427000,1,0.015,0.111,0.13513513513513511
1061350711461150720,1784441530000-632578958264631296-1061350711461150720,1784441530000,1784441668000,1,0.015,0.032,0.46875
1094955908762435584,1784475869000-632578958264631296-1094955908762435584,1784475869000,1784476375000,1,0.015,0.232,0.0646551724137931
1182027923075366912,1784505103000-632578958264631296-1182027923075366912,1784505103000,1784505582000,1,0.015,0.475,0.031578947368421054
1361380561528029184,1784479245000-632578958264631296-1361380561528029184,1784479245000,1784479585000,1,0.015,0.093,0.16129032258064516
1389243940330274816,1784474262000-632578958264631296-1389243940330274816,1784474262000,1784474486000,1,0.015,0.106,0.14150943396226415
1488156307717357568,1784423527000-632578958264631296-1488156307717357568,1784423527000,1784423642000,1,0.015,0.093,0.16129032258064516
1505916014645215232,1784460622000-632578958264631296-1505916014645215232,1784460622000,1784461383000,1,0.015,0.509,0.029469548133595282
1536014556927623168,1784443661000-632578958264631296-1536014556927623168,1784443661000,1784443826000,1,0.015,0.065,0.23076923076923075
635414692210147328,1784470439000-632578958264631296-635414692210147328,1784470439000,1784470825000,1,0.015,0.373,0.040214477211796246
790193276584984576,1784459148000-632578958264631296-790193276584984576,1784459148000,1784459874000,1,0.015,0.483,0.031055900621118012
927153603469115392,1784472309000-632578958264631296-927153603469115392,1784472309000,1784472699000,1,0.015,0.173,0.08670520231213873
944573988506435584,1784449370000-632578958264631296-944573988506435584,1784449370000,1784449464000,1,0.015,0.045,0.3333333333333333
944591832124227584,1784419609000-632578958264631296-944591832124227584,1784419609000,1784419986000,1,0.015,0.142,0.10563380281690142
946033927888306176,1784460435000-632578958264631296-946033927888306176,1784460435000,1784460580000,1,0.015,0.047,0.3191489361702127
947091862986948608,1784473129000-632578958264631296-947091862986948608,1784473129000,1784473245000,1,0.015,0.048,0.3125
947104748366987264,1784450778000-632578958264631296-947104748366987264,1784450778000,1784451490000,1,0.015,0.394,0.03807106598984771
952162532812914688,1784438171000-632578958264631296-952162532812914688,1784438171000,1784438519000,1,0.015,0.143,0.1048951048951049
965194336809517056,1784433514000-632578958264631296-965194336809517056,1784433514000,1784433666000,1,0.015,0.17,0.08823529411764705
1050024168621342720,1784452095000-632578958264631296-1050024168621342720,1784452095000,1784452368000,1,0.014,0.003,4.666666666666667
1065321017443876864,1784449093000-632578958264631296-1065321017443876864,1784449093000,1784449381000,1,0.014,0.053,0.2641509433962264
1083778254826897408,1784454010000-632578958264631296-1083778254826897408,1784454010000,1784454166000,1,0.014,0.034,0.4117647058823529
1088511709141794816,1784454938000-632578958264631296-1088511709141794816,1784454938000,1784455117000,1,0.014,0.1,0.13999999999999999
1094955908762435584,1784439637000-632578958264631296-1094955908762435584,1784439637000,1784439755000,1,0.014,0.069,0.20289855072463767
1277220593376165888,1784472735000-632578958264631296-1277220593376165888,1784472735000,1784472893000,1,0.014,0.147,0.09523809523809525
1476549765217910784,1784475178000-632578958264631296-1476549765217910784,1784475178000,1784475887000,1,0.014,0.274,0.051094890510948905
800026217909583872,1784458628000-632578958264631296-800026217909583872,1784458628000,1784458904000,1,0.014,0.156,0.08974358974358974
836966844580495360,1784438034000-632578958264631296-836966844580495360,1784438034000,1784438197000,1,0.014,0.121,0.11570247933884298
947581389623001088,1784436584000-632578958264631296-947581389623001088,1784436584000,1784436897000,1,0.014,0.037,0.3783783783783784
996808469547843584,1784458518000-632578958264631296-996808469547843584,1784458518000,1784459205000,1,0.014,0.222,0.06306306306306306
1045646209449984000,1784473303000-632578958264631296-1045646209449984000,1784473303000,1784473496000,1,0.013,0.027,0.48148148148148145
1046836268442320896,1784452352000-632578958264631296-1046836268442320896,1784452352000,1784452498000,1,0.013,0.127,0.10236220472440945
1050024168621342720,1784481512000-632578958264631296-1050024168621342720,1784481512000,1784481976000,1,0.013,0.001,13.0
1050441880044568576,1784475651000-632578958264631296-1050441880044568576,1784475651000,1784475761000,1,0.013,0.022,0.5909090909090909
1067774958987378688,1784437290000-632578958264631296-1067774958987378688,1784437290000,1784438055000,1,0.013,0.821,0.015834348355663826
1076104369969037312,1784457566000-632578958264631296-1076104369969037312,1784457566000,1784457958000,1,0.013,0.27,0.04814814814814814
1089954932305428480,1784451563000-632578958264631296-1089954932305428480,1784451563000,1784452717000,1,0.013,0.503,0.02584493041749503
1120316585941139456,1784448649000-632578958264631296-1120316585941139456,1784448649000,1784448868000,1,0.013,0.127,0.10236220472440945
1120316662394912768,1784459539000-632578958264631296-1120316662394912768,1784459539000,1784459820000,1,0.013,0.299,0.043478260869565216
1126869078934290432,1784427446000-632578958264631296-1126869078934290432,1784427446000,1784428438000,1,0.013,1.097,0.011850501367365542
1131239137144209408,1784419070000-632578958264631296-1131239137144209408,1784419070000,1784419346000,1,0.013,0.351,0.037037037037037035
1141991039255445504,1784419426000-632578958264631296-1141991039255445504,1784419426000,1784419810000,1,0.013,0.387,0.033591731266149866
1184409623537385472,1784471963000-632578958264631296-1184409623537385472,1784471963000,1784472146000,1,0.013,0.074,0.17567567567567569
1389243774684626944,1784446570000-632578958264631296-1389243774684626944,1784446570000,1784446729000,1,0.013,0.101,0.1287128712871287
1428367002015105024,1784495808000-632578958264631296-1428367002015105024,1784495808000,1784496203000,1,0.013,0.198,0.06565656565656565
1536014618822967296,1784421623000-632578958264631296-1536014618822967296,1784421623000,1784421911000,1,0.013,0.185,0.07027027027027027
794226357327364096,1784451877000-632578958264631296-794226357327364096,1784451877000,1784452453000,1,0.013,0.747,0.017402945113788485
812260483275948032,1784425852000-632578958264631296-812260483275948032,1784425852000,1784426683000,1,0.013,0.524,0.024809160305343508
873900831743672320,1784467600000-632578958264631296-873900831743672320,1784467600000,1784467755000,1,0.013,0.16,0.08124999999999999
938442824968306688,1784471808000-632578958264631296-938442824968306688,1784471808000,1784472076000,1,0.013,0.079,0.16455696202531644
947104748366987264,1784436415000-632578958264631296-947104748366987264,1784436415000,1784436555000,1,0.013,0.089,0.14606741573033707
961239466377216000,1784425346000-632578958264631296-961239466377216000,1784425346000,1784425457000,1,0.013,0.032,0.40625
1067765247101632512,1784455836000-632578958264631296-1067765247101632512,1784455836000,1784456202000,1,0.012,0.333,0.036036036036036036
1067767710965825536,1784472950000-632578958264631296-1067767710965825536,1784472950000,1784474674000,1,0.012,1.62,0.007407407407407407
1067771070980816896,1784452503000-632578958264631296-1067771070980816896,1784452503000,1784452810000,1,0.012,0.097,0.12371134020618557
1083727448777949184,1784449276000-632578958264631296-1083727448777949184,1784449276000,1784449473000,1,0.012,0.341,0.03519061583577712
1083728870357598208,1784454974000-632578958264631296-1083728870357598208,1784454974000,1784455171000,1,0.012,0.133,0.09022556390977443
1112389405491855360,1784449682000-632578958264631296-1112389405491855360,1784449682000,1784449891000,1,0.012,0.07,0.1714285714285714
1211337321434054656,1784449663000-632578958264631296-1211337321434054656,1784449663000,1784449893000,1,0.012,0.116,0.10344827586206896
1268615116379652096,1784470292000-632578958264631296-1268615116379652096,1784470292000,1784470656000,1,0.012,0.405,0.029629629629629627
1355523374926790656,1784495899000-632578958264631296-1355523374926790656,1784495899000,1784496071000,1,0.012,0.095,0.12631578947368421
1406228892573761536,1784450610000-632578958264631296-1406228892573761536,1784450610000,1784450779000,1,0.012,0.071,0.16901408450704228
1406586595699589120,1784433725000-632578958264631296-1406586595699589120,1784433725000,1784433999000,1,0.012,0.142,0.08450704225352114
1422205318414204928,1784432580000-632578958264631296-1422205318414204928,1784432580000,1784432698000,1,0.012,0.035,0.3428571428571428
1464253789857906688,1784437004000-632578958264631296-1464253789857906688,1784437004000,1784437606000,1,0.012,0.377,0.03183023872679045
1536014563953082368,1784440668000-632578958264631296-1536014563953082368,1784440668000,1784441003000,1,0.012,0.243,0.04938271604938272
940981890892955648,1784458446000-632578958264631296-940981890892955648,1784458446000,1784458604000,1,0.012,0.042,0.2857142857142857
946030864989421568,1784500771000-632578958264631296-946030864989421568,1784500771000,1784501014000,1,0.012,0.133,0.09022556390977443
951558414842986496,1784462056000-632578958264631296-951558414842986496,1784462056000,1784462169000,1,0.012,0.065,0.18461538461538463
961238953837461504,1784456698000-632578958264631296-961238953837461504,1784456698000,1784456809000,1,0.012,0.04,0.3
1067765061260410880,1784430107000-632578958264631296-1067765061260410880,1784430107000,1784430693000,1,0.011,0.621,0.017713365539452495
1070370579279773696,1784464347000-632578958264631296-1070370579279773696,1784464347000,1784464557000,1,0.011,0.153,0.0718954248366013
1071826388769570816,1784447676000-632578958264631296-1071826388769570816,1784447676000,1784447946000,1,0.011,0.222,0.04954954954954954
1083726561296777216,1784421857000-632578958264631296-1083726561296777216,1784421857000,1784422224000,1,0.011,0.402,0.027363184079601987
1083727333329731584,1784440455000-632578958264631296-1083727333329731584,1784440455000,1784440840000,1,0.011,0.428,0.02570093457943925
1094955908762435584,1784436943000-632578958264631296-1094955908762435584,1784436943000,1784437207000,1,0.011,0.135,0.08148148148148147
1126868873732161536,1784444685000-632578958264631296-1126868873732161536,1784444685000,1784444931000,1,0.011,0.145,0.07586206896551724
1184409623537385472,1784473883000-632578958264631296-1184409623537385472,1784473883000,1784474060000,1,0.011,0.068,0.16176470588235292
1475453057469775872,1784484999000-632578958264631296-1475453057469775872,1784484999000,1784485287000,1,0.011,0.144,0.0763888888888889
1489984398731247616,1784427621000-632578958264631296-1489984398731247616,1784427621000,1784427755000,1,0.011,0.124,0.08870967741935483
1506655599683698688,1784463940000-632578958264631296-1506655599683698688,1784463940000,1784464236000,1,0.011,0.152,0.07236842105263158
1536014543027699712,1784486702000-632578958264631296-1536014543027699712,1784486702000,1784487046000,1,0.011,0.195,0.056410256410256404
1536014556927623168,1784445354000-632578958264631296-1536014556927623168,1784445354000,1784445508000,1,0.011,0.07,0.1571428571428571
1536014640524296192,1784429029000-632578958264631296-1536014640524296192,1784429029000,1784429162000,1,0.011,0.087,0.12643678160919541
928334310946111488,1784478029000-632578958264631296-928334310946111488,1784478029000,1784478176000,1,0.011,0.095,0.11578947368421051
943819597830684672,1784461110000-632578958264631296-943819597830684672,1784461110000,1784461226000,1,0.011,0.068,0.16176470588235292
1060533930890887168,1784453732000-632578958264631296-1060533930890887168,1784453732000,1784454104000,1,0.01,0.355,0.028169014084507043
1064494636166283264,1784485959000-632578958264631296-1064494636166283264,1784485959000,1784486121000,1,0.01,0.067,0.14925373134328357
1065321017443876864,1784457482000-632578958264631296-1065321017443876864,1784457482000,1784457657000,1,0.01,0.078,0.12820512820512822
1065321017443876864,1784460777000-632578958264631296-1065321017443876864,1784460777000,1784461431000,1,0.01,0.212,0.04716981132075472
1071826388769570816,1784450899000-632578958264631296-1071826388769570816,1784450899000,1784451100000,1,0.01,0.185,0.05405405405405406
1083019060351860736,1784473502000-632578958264631296-1083019060351860736,1784473502000,1784473876000,1,0.01,0.423,0.023640661938534282
1083727931903049728,1784433614000-632578958264631296-1083727931903049728,1784433614000,1784433906000,1,0.01,0.23,0.043478260869565216
1083728047674228736,1784470553000-632578958264631296-1083728047674228736,1784470553000,1784471228000,1,0.01,0.718,0.01392757660167131
1108325683169329152,1784482736000-632578958264631296-1108325683169329152,1784482736000,1784482935000,1,0.01,0.137,0.072992700729927
1131239137144209408,1784443451000-632578958264631296-1131239137144209408,1784443451000,1784443697000,1,0.01,0.257,0.038910505836575876
1132636899983228928,1784482067000-632578958264631296-1132636899983228928,1784482067000,1784482470000,1,0.01,0.359,0.02785515320334262
1132636899983228928,1784489310000-632578958264631296-1132636899983228928,1784489310000,1784489713000,1,0.01,0.378,0.026455026455026457
1152269356621627392,1784451635000-632578958264631296-1152269356621627392,1784451635000,1784451789000,1,0.01,0.111,0.09009009009009009
1157003119578578944,1784497313000-632578958264631296-1157003119578578944,1784497313000,1784497697000,1,0.01,0.174,0.0574712643678161
1176180359524515840,1784476432000-632578958264631296-1176180359524515840,1784476432000,1784476853000,1,0.01,0.43,0.023255813953488372
1363836271826305024,1784495999000-632578958264631296-1363836271826305024,1784495999000,1784496330000,1,0.01,0.23,0.043478260869565216
1389244302743306240,1784488556000-632578958264631296-1389244302743306240,1784488556000,1784490470000,1,0.01,0.894,0.011185682326621925
1406228892573761536,1784432896000-632578958264631296-1406228892573761536,1784432896000,1784433745000,1,0.01,0.435,0.022988505747126436
1406228892573761536,1784444848000-632578958264631296-1406228892573761536,1784444848000,1784445140000,1,0.01,0.116,0.08620689655172413
1428367002015105024,1784465239000-632578958264631296-1428367002015105024,1784465239000,1784465344000,1,0.01,0.033,0.30303030303030304
1464286463544786944,1784467043000-632578958264631296-1464286463544786944,1784467043000,1784467461000,1,0.01,0.141,0.07092198581560284
1469693281720860672,1784454936000-632578958264631296-1469693281720860672,1784454936000,1784455336000,1,0.01,0.155,0.06451612903225806
1475453057469775872,1784478536000-632578958264631296-1475453057469775872,1784478536000,1784478988000,1,0.01,0.195,0.05128205128205128
1500484476822618112,1784432745000-632578958264631296-1500484476822618112,1784432745000,1784432881000,1,0.01,0.094,0.10638297872340426
1504876024033181696,1784438164000-632578958264631296-1504876024033181696,1784438164000,1784438565000,1,0.01,0.203,0.04926108374384236
1506655599683698688,1784427305000-632578958264631296-1506655599683698688,1784427305000,1784427682000,1,0.01,0.177,0.056497175141242945
1536014563953082368,1784451893000-632578958264631296-1536014563953082368,1784451893000,1784452069000,1,0.01,0.057,0.17543859649122806
1536014633725329408,1784447356000-632578958264631296-1536014633725329408,1784447356000,1784448575000,1,0.01,0.568,0.017605633802816902
1536014633725329408,1784478213000-632578958264631296-1536014633725329408,1784478213000,1784479425000,1,0.01,0.537,0.018621973929236497
1536014758619119616,1784480794000-632578958264631296-1536014758619119616,1784480794000,1784481070000,1,0.01,0.062,0.16129032258064516
780109531760820224,1784475481000-632578958264631296-780109531760820224,1784475481000,1784476977000,1,0.01,0.842,0.011876484560570073
809467481230934016,1784456378000-632578958264631296-809467481230934016,1784456378000,1784456564000,1,0.01,0.05,0.19999999999999998
809467481230934016,1784462860000-632578958264631296-809467481230934016,1784462860000,1784463023000,1,0.01,0.012,0.8333333333333334
877447467317067776,1784493482000-632578958264631296-877447467317067776,1784493482000,1784494426000,1,0.01,1.194,0.008375209380234507
902974583798235136,1784470137000-632578958264631296-902974583798235136,1784470137000,1784470609000,1,0.01,0.199,0.05025125628140703
908732861828300800,1784431550000-632578958264631296-908732861828300800,1784431550000,1784432016000,1,0.01,0.234,0.042735042735042736
922469481249243136,1784463369000-632578958264631296-922469481249243136,1784463369000,1784464435000,1,0.01,0.447,0.02237136465324385
939141093658722304,1784476719000-632578958264631296-939141093658722304,1784476719000,1784477384000,1,0.01,0.402,0.02487562189054726
943858330336493568,1784501809000-632578958264631296-943858330336493568,1784501809000,1784502500000,1,0.01,0.265,0.03773584905660377
944589217739046912,1784418895000-632578958264631296-944589217739046912,1784418895000,1784419329000,1,0.01,0.134,0.07462686567164178
944591832124227584,1784473839000-632578958264631296-944591832124227584,1784473839000,1784474779000,1,0.01,0.284,0.035211267605633804
947091862986948608,1784469430000-632578958264631296-947091862986948608,1784469430000,1784469723000,1,0.01,0.13,0.07692307692307693
952162532812914688,1784425431000-632578958264631296-952162532812914688,1784425431000,1784425771000,1,0.01,0.365,0.027397260273972605
996809766619578368,1784504264000-632578958264631296-996809766619578368,1784504264000,1784504892000,1,0.01,0.246,0.04065040650406504
1065321017443876864,1784505172000-632578958264631296-1065321017443876864,1784505172000,1784505547000,1,0.009,0.136,0.06617647058823528
1072871041421803520,1784472145000-632578958264631296-1072871041421803520,1784472145000,1784472495000,1,0.009,0.352,0.025568181818181816
1131239137144209408,1784445163000-632578958264631296-1131239137144209408,1784445163000,1784445360000,1,0.009,0.104,0.08653846153846154
1135541524696662016,1784438158000-632578958264631296-1135541524696662016,1784438158000,1784438321000,1,0.009,0.135,0.06666666666666665
1389243940330274816,1784458620000-632578958264631296-1389243940330274816,1784458620000,1784458844000,1,0.009,0.094,0.09574468085106383
1461772563532218368,1784449875000-632578958264631296-1461772563532218368,1784449875000,1784450237000,1,0.009,0.185,0.048648648648648644
1464286677953413120,1784444439000-632578958264631296-1464286677953413120,1784444439000,1784445186000,1,0.009,0.428,0.02102803738317757
1478688867300147200,1784451692000-632578958264631296-1478688867300147200,1784451692000,1784451857000,1,0.009,0.065,0.13846153846153844
1478688867300147200,1784464817000-632578958264631296-1478688867300147200,1784464817000,1784465072000,1,0.009,0.114,0.07894736842105263
1536397466075660288,1784473825000-632578958264631296-1536397466075660288,1784473825000,1784474772000,1,0.009,0.43,0.020930232558139535
861290333428776960,1784467466000-632578958264631296-861290333428776960,1784467466000,1784467598000,1,0.009,0.046,0.19565217391304346
866245317551456256,1784505413000-632578958264631296-866245317551456256,1784505413000,1784505880000,1,0.009,0.46,0.019565217391304346
893133531117518848,1784473156000-632578958264631296-893133531117518848,1784473156000,1784473667000,1,0.009,0.169,0.05325443786982248
944574346884546560,1784440601000-632578958264631296-944574346884546560,1784440601000,1784441269000,1,0.009,0.243,0.037037037037037035
1050024168621342720,1784424203000-632578958264631296-1050024168621342720,1784424203000,1784424818000,1,0.008,0.002,4.0
1076923968528580608,1784424238000-632578958264631296-1076923968528580608,1784424238000,1784424640000,1,0.008,0.12,0.06666666666666667
1083727448777949184,1784439979000-632578958264631296-1083727448777949184,1784439979000,1784440770000,1,0.008,0.917,0.008724100327153763
1083727593376579584,1784473995000-632578958264631296-1083727593376579584,1784473995000,1784474582000,1,0.008,0.694,0.011527377521613834
1089954932305428480,1784442623000-632578958264631296-1089954932305428480,1784442623000,1784446080000,1,0.008,1.329,0.006019563581640332
1132636899983228928,1784462740000-632578958264631296-1132636899983228928,1784462740000,1784465877000,1,0.008,3.285,0.00243531202435312
1136252936335130624,1784442030000-632578958264631296-1136252936335130624,1784442030000,1784442225000,1,0.008,0.214,0.03738317757009346
1181865772805259264,1784465631000-632578958264631296-1181865772805259264,1784465631000,1784465857000,1,0.008,0.19,0.042105263157894736
1357047782162038784,1784441666000-632578958264631296-1357047782162038784,1784441666000,1784441775000,1,0.008,0.058,0.13793103448275862
1406586435233906688,1784441187000-632578958264631296-1406586435233906688,1784441187000,1784441325000,1,0.008,0.056,0.14285714285714285
1505916014645215232,1784463716000-632578958264631296-1505916014645215232,1784463716000,1784464071000,1,0.008,0.198,0.0404040404040404
1526262198169501696,1784478663000-632578958264631296-1526262198169501696,1784478663000,1784480903000,1,0.008,1.093,0.007319304666056725
1536014667858575360,1784482384000-632578958264631296-1536014667858575360,1784482384000,1784483335000,1,0.008,0.435,0.01839080459770115
788799318415900672,1784440454000-632578958264631296-788799318415900672,1784440454000,1784440794000,1,0.008,0.298,0.02684563758389262
912747932862644224,1784419121000-632578958264631296-912747932862644224,1784419121000,1784419500000,1,0.008,0.139,0.05755395683453237
929726540265029632,1784463196000-632578958264631296-929726540265029632,1784463196000,1784463380000,1,0.008,0.202,0.039603960396039604
939547788868321280,1784455726000-632578958264631296-939547788868321280,1784455726000,1784455843000,1,0.008,0.001,8.0
947091862986948608,1784470803000-632578958264631296-947091862986948608,1784470803000,1784471237000,1,0.008,0.542,0.014760147601476014
947104127047958528,1784428161000-632578958264631296-947104127047958528,1784428161000,1784428506000,1,0.008,0.002,4.0
947452563299500032,1784438511000-632578958264631296-947452563299500032,1784438511000,1784438659000,1,0.008,0.048,0.16666666666666666
1046836268442320896,1784430586000-632578958264631296-1046836268442320896,1784430586000,1784430782000,1,0.007,0.026,0.2692307692307693
1046837731746906112,1784477348000-632578958264631296-1046837731746906112,1784477348000,1784478905000,1,0.007,0.804,0.008706467661691543
1050036836505747456,1784487435000-632578958264631296-1050036836505747456,1784487435000,1784487628000,1,0.007,0.168,0.041666666666666664
1067774958987378688,1784446568000-632578958264631296-1067774958987378688,1784446568000,1784446741000,1,0.007,0.075,0.09333333333333334
1071826388769570816,1784467253000-632578958264631296-1071826388769570816,1784467253000,1784467720000,1,0.007,0.478,0.014644351464435146
1079425050643267584,1784435178000-632578958264631296-1079425050643267584,1784435178000,1784436569000,1,0.007,0.591,0.011844331641285956
1090633180173565952,1784484992000-632578958264631296-1090633180173565952,1784484992000,1784485131000,1,0.007,0.11,0.06363636363636364
1131239476161413120,1784434041000-632578958264631296-1131239476161413120,1784434041000,1784434214000,1,0.007,0.113,0.061946902654867256
1152269234303139840,1784456955000-632578958264631296-1152269234303139840,1784456955000,1784457081000,1,0.007,0.063,0.11111111111111112
1389243940330274816,1784458391000-632578958264631296-1389243940330274816,1784458391000,1784458615000,1,0.007,0.17,0.041176470588235294
1464286463544786944,1784467554000-632578958264631296-1464286463544786944,1784467554000,1784467666000,1,0.007,0.033,0.21212121212121213
780067386190462976,1784418801000-632578958264631296-780067386190462976,1784418801000,1784419607000,1,0.007,0.563,0.012433392539964477
818154714091749376,1784472183000-632578958264631296-818154714091749376,1784472183000,1784472769000,1,0.007,0.379,0.018469656992084433
847126508215468032,1784472285000-632578958264631296-847126508215468032,1784472285000,1784472548000,1,0.007,0.102,0.06862745098039216
912747932862644224,1784420071000-632578958264631296-912747932862644224,1784420071000,1784420450000,1,0.007,0.111,0.06306306306306306
952583803866447872,1784431044000-632578958264631296-952583803866447872,1784431044000,1784431170000,1,0.007,0.046,0.15217391304347827
966383863687282688,1784476807000-632578958264631296-966383863687282688,1784476807000,1784478748000,1,0.007,0.684,0.01023391812865497
1050036721544069120,1784441254000-632578958264631296-1050036721544069120,1784441254000,1784441615000,1,0.006,0.403,0.01488833746898263
1050036836505747456,1784483664000-632578958264631296-1050036836505747456,1784483664000,1784483859000,1,0.006,0.216,0.02777777777777778
1068875501654769664,1784435763000-632578958264631296-1068875501654769664,1784435763000,1784436133000,1,0.006,0.079,0.0759493670886076
1074385452921782272,1784476657000-632578958264631296-1074385452921782272,1784476657000,1784477430000,1,0.006,0.373,0.0160857908847185
1083016936570224640,1784476454000-632578958264631296-1083016936570224640,1784476454000,1784476637000,1,0.006,0.155,0.03870967741935484
1083726517403385856,1784439814000-632578958264631296-1083726517403385856,1784439814000,1784440094000,1,0.006,0.24,0.025
1132635162635403264,1784445758000-632578958264631296-1132635162635403264,1784445758000,1784445981000,1,0.006,0.043,0.13953488372093026
1175796809117728768,1784450615000-632578958264631296-1175796809117728768,1784450615000,1784450969000,1,0.006,0.365,0.016438356164383564
1268615353760481280,1784468755000-632578958264631296-1268615353760481280,1784468755000,1784469045000,1,0.006,0.221,0.027149321266968326
1298646515224412160,1784479922000-632578958264631296-1298646515224412160,1784479922000,1784480583000,1,0.006,0.198,0.030303030303030304
1357047782162038784,1784461755000-632578958264631296-1357047782162038784,1784461755000,1784461863000,1,0.006,0.045,0.13333333333333333
1385305434218299392,1784452997000-632578958264631296-1385305434218299392,1784452997000,1784453254000,1,0.006,0.07,0.0857142857142857
1422205318414204928,1784449032000-632578958264631296-1422205318414204928,1784449032000,1784451108000,1,0.006,0.992,0.006048387096774193
1464286677953413120,1784437659000-632578958264631296-1464286677953413120,1784437659000,1784437778000,1,0.006,0.052,0.11538461538461539
1468940686052032512,1784450319000-632578958264631296-1468940686052032512,1784450319000,1784450701000,1,0.006,0.172,0.034883720930232565
1500145408670695424,1784475315000-632578958264631296-1500145408670695424,1784475315000,1784475604000,1,0.006,0.14,0.04285714285714285
786246735176400896,1784480718000-632578958264631296-786246735176400896,1784480718000,1784480963000,1,0.006,0.186,0.03225806451612903
873570129613422592,1784423951000-632578958264631296-873570129613422592,1784423951000,1784424446000,1,0.006,0.534,0.011235955056179775
946030864989421568,1784472248000-632578958264631296-946030864989421568,1784472248000,1784473109000,1,0.006,0.266,0.022556390977443608
947104748366987264,1784475860000-632578958264631296-947104748366987264,1784475860000,1784476015000,1,0.006,0.101,0.0594059405940594
1067765309810671616,1784468957000-632578958264631296-1067765309810671616,1784468957000,1784469341000,1,0.005,0.372,0.013440860215053764
1071826388769570816,1784477857000-632578958264631296-1071826388769570816,1784477857000,1784478277000,1,0.005,0.395,0.012658227848101266
1083019060351860736,1784464175000-632578958264631296-1083019060351860736,1784464175000,1784464358000,1,0.005,0.203,0.02463054187192118
1083040452048846848,1784473635000-632578958264631296-1083040452048846848,1784473635000,1784473832000,1,0.005,0.068,0.07352941176470588
1083728582527680512,1784430808000-632578958264631296-1083728582527680512,1784430808000,1784431193000,1,0.005,0.497,0.01006036217303823
1120316481867874304,1784497962000-632578958264631296-1120316481867874304,1784497962000,1784498157000,1,0.005,0.229,0.021834061135371178
1350071704793120768,1784433126000-632578958264631296-1350071704793120768,1784433126000,1784433443000,1,0.005,0.081,0.06172839506172839
1355523374926790656,1784466024000-632578958264631296-1355523374926790656,1784466024000,1784466170000,1,0.005,0.086,0.058139534883720936
1398705978894974976,1784438971000-632578958264631296-1398705978894974976,1784438971000,1784439196000,1,0.005,0.13,0.038461538461538464
1464260641047969792,1784483165000-632578958264631296-1464260641047969792,1784483165000,1784489461000,1,0.005,3.157,0.0015837820715869496
1471164933021368320,1784456484000-632578958264631296-1471164933021368320,1784456484000,1784456797000,1,0.005,0.123,0.04065040650406504
1471164933021368320,1784467195000-632578958264631296-1471164933021368320,1784467195000,1784467305000,1,0.005,0.039,0.12820512820512822
1489984398731247616,1784465435000-632578958264631296-1489984398731247616,1784465435000,1784465596000,1,0.005,0.082,0.06097560975609756
1505916014645215232,1784427422000-632578958264631296-1505916014645215232,1784427422000,1784427872000,1,0.005,0.205,0.024390243902439025
1536014744312348672,1784468630000-632578958264631296-1536014744312348672,1784468630000,1784468809000,1,0.005,0.061,0.0819672131147541
1540361293100220416,1784460919000-632578958264631296-1540361293100220416,1784460919000,1784461535000,1,0.005,0.261,0.019157088122605363
800734942576246784,1784457802000-632578958264631296-800734942576246784,1784457802000,1784458094000,1,0.005,0.078,0.06410256410256411
947091862986948608,1784448577000-632578958264631296-947091862986948608,1784448577000,1784448672000,1,0.005,0.139,0.03597122302158273
1050441880044568576,1784446191000-632578958264631296-1050441880044568576,1784446191000,1784446403000,1,0.004,0.104,0.038461538461538464
1060630916881186816,1784444638000-632578958264631296-1060630916881186816,1784444638000,1784444821000,1,0.004,0.041,0.0975609756097561
1067774753596506112,1784468063000-632578958264631296-1067774753596506112,1784468063000,1784468546000,1,0.004,0.593,0.0067453625632377745
1067776196789403648,1784503831000-632578958264631296-1067776196789403648,1784503831000,1784504376000,1,0.004,0.673,0.005943536404160475
1083726698509238272,1784489275000-632578958264631296-1083726698509238272,1784489275000,1784489635000,1,0.004,0.343,0.011661807580174927
1112389405491855360,1784469485000-632578958264631296-1112389405491855360,1784469485000,1784469682000,1,0.004,0.091,0.04395604395604396
1113518928358801408,1784470735000-632578958264631296-1113518928358801408,1784470735000,1784470981000,1,0.004,0.111,0.036036036036036036
1370798572273926144,1784469026000-632578958264631296-1370798572273926144,1784469026000,1784469312000,1,0.004,0.048,0.08333333333333333
1428064485414797312,1784478455000-632578958264631296-1428064485414797312,1784478455000,1784478563000,1,0.004,0.055,0.07272727272727272
1441118393376702464,1784475002000-632578958264631296-1441118393376702464,1784475002000,1784475352000,1,0.004,0.137,0.029197080291970802
1486716779844599808,1784457811000-632578958264631296-1486716779844599808,1784457811000,1784459069000,1,0.004,0.6,0.006666666666666667
1488156307717357568,1784422838000-632578958264631296-1488156307717357568,1784422838000,1784423061000,1,0.004,0.089,0.04494382022471911
1501933614227521536,1784438694000-632578958264631296-1501933614227521536,1784438694000,1784440007000,1,0.004,0.781,0.005121638924455826
1504892206538817536,1784470761000-632578958264631296-1504892206538817536,1784470761000,1784471908000,1,0.004,0.593,0.0067453625632377745
1536014674678513664,1784479544000-632578958264631296-1536014674678513664,1784479544000,1784480026000,1,0.004,0.23,0.017391304347826087
1536397466075660288,1784451815000-632578958264631296-1536397466075660288,1784451815000,1784452569000,1,0.004,0.437,0.009153318077803204
1536427445069021184,1784495349000-632578958264631296-1536427445069021184,1784495349000,1784496506000,1,0.004,0.543,0.007366482504604051
847126508215468032,1784444354000-632578958264631296-847126508215468032,1784444354000,1784444637000,1,0.004,0.077,0.05194805194805195
893133531117518848,1784505022000-632578958264631296-893133531117518848,1784505022000,1784506492000,1,0.004,0.546,0.007326007326007326
927153603469115392,1784482900000-632578958264631296-927153603469115392,1784482900000,1784483199000,1,0.004,0.232,0.017241379310344827
944591832124227584,1784476121000-632578958264631296-944591832124227584,1784476121000,1784476682000,1,0.004,0.182,0.02197802197802198
946035487334727680,1784429018000-632578958264631296-946035487334727680,1784429018000,1784429129000,1,0.004,0.02,0.2
951882940915122176,1784442504000-632578958264631296-951882940915122176,1784442504000,1784442911000,1,0.004,0.267,0.0149812734082397
951882940915122176,1784477870000-632578958264631296-951882940915122176,1784477870000,1784478732000,1,0.004,0.257,0.01556420233463035
1001786725204230144,1784504164000-632578958264631296-1001786725204230144,1784504164000,1784504410000,1,0.003,0.251,0.01195219123505976
1046752835124854784,1784476706000-632578958264631296-1046752835124854784,1784476706000,1784476871000,1,0.003,0.16,0.01875
1067764977248501760,1784442600000-632578958264631296-1067764977248501760,1784442600000,1784443054000,1,0.003,0.337,0.008902077151335312
1067765247101632512,1784444631000-632578958264631296-1067765247101632512,1784444631000,1784444899000,1,0.003,0.257,0.011673151750972763
1070370579279773696,1784505285000-632578958264631296-1070370579279773696,1784505285000,1784505897000,1,0.003,0.177,0.01694915254237288
1071018553202704384,1784470874000-632578958264631296-1071018553202704384,1784470874000,1784471017000,1,0.003,0.05,0.06
1079026604165824512,1784485234000-632578958264631296-1079026604165824512,1784485234000,1784485370000,1,0.003,0.088,0.034090909090909095
1082330521322651648,1784455698000-632578958264631296-1082330521322651648,1784455698000,1784455892000,1,0.003,0.183,0.01639344262295082
1083016936570224640,1784441951000-632578958264631296-1083016936570224640,1784441951000,1784442327000,1,0.003,0.394,0.0076142131979695426
1083728047674228736,1784479110000-632578958264631296-1083728047674228736,1784479110000,1784479305000,1,0.003,0.156,0.019230769230769232
1120316721542987776,1784467060000-632578958264631296-1120316721542987776,1784467060000,1784467309000,1,0.003,0.138,0.021739130434782608
1132636899983228928,1784473404000-632578958264631296-1132636899983228928,1784473404000,1784478089000,1,0.003,4.777,0.0006280092108017584
1132637029964709888,1784477037000-632578958264631296-1132637029964709888,1784477037000,1784477316000,1,0.003,0.109,0.027522935779816515
1181865650805538816,1784469458000-632578958264631296-1181865650805538816,1784469458000,1784470309000,1,0.003,0.96,0.003125
1187437506908389376,1784435469000-632578958264631296-1187437506908389376,1784435469000,1784435829000,1,0.003,0.317,0.00946372239747634
1187437506908389376,1784447355000-632578958264631296-1187437506908389376,1784447355000,1784447718000,1,0.003,0.288,0.010416666666666668
1428064485414797312,1784487801000-632578958264631296-1428064485414797312,1784487801000,1784488584000,1,0.003,0.41,0.007317073170731708
1469693281720860672,1784426883000-632578958264631296-1469693281720860672,1784426883000,1784427568000,1,0.003,0.439,0.00683371298405467
1505916014645215232,1784432336000-632578958264631296-1505916014645215232,1784432336000,1784432667000,1,0.003,0.17,0.01764705882352941
789852612550721536,1784462608000-632578958264631296-789852612550721536,1784462608000,1784463045000,1,0.003,0.317,0.00946372239747634
789852692640956416,1784445785000-632578958264631296-789852692640956416,1784445785000,1784446125000,1,0.003,0.244,0.012295081967213115
812260483275948032,1784435959000-632578958264631296-812260483275948032,1784435959000,1784436577000,1,0.003,0.41,0.007317073170731708
862287863801184256,1784476246000-632578958264631296-862287863801184256,1784476246000,1784477069000,1,0.003,0.305,0.009836065573770493
869905949161160704,1784436081000-632578958264631296-869905949161160704,1784436081000,1784436281000,1,0.003,0.239,0.012552301255230127
869918310366445568,1784445346000-632578958264631296-869918310366445568,1784445346000,1784445516000,1,0.003,0.126,0.023809523809523808
902974583798235136,1784456476000-632578958264631296-902974583798235136,1784456476000,1784456614000,1,0.003,0.058,0.05172413793103448
947583451614150656,1784472720000-632578958264631296-947583451614150656,1784472720000,1784473010000,1,0.003,0.199,0.01507537688442211
1060533930890887168,1784443373000-632578958264631296-1060533930890887168,1784443373000,1784443557000,1,0.002,0.235,0.00851063829787234
1064494636166283264,1784486401000-632578958264631296-1064494636166283264,1784486401000,1784486832000,1,0.002,0.149,0.01342281879194631
1065671842468986880,1784487072000-632578958264631296-1065671842468986880,1784487072000,1784487528000,1,0.002,0.443,0.004514672686230248
1067765389137543168,1784466868000-632578958264631296-1067765389137543168,1784466868000,1784467179000,1,0.002,0.215,0.009302325581395349
1072871041421803520,1784438888000-632578958264631296-1072871041421803520,1784438888000,1784439041000,1,0.002,0.113,0.017699115044247787
1079095785133441024,1784457070000-632578958264631296-1079095785133441024,1784457070000,1784457251000,1,0.002,0.055,0.03636363636363636
1079444806125486080,1784436874000-632578958264631296-1079444806125486080,1784436874000,1784437258000,1,0.002,0.407,0.004914004914004915
1083727593376579584,1784442678000-632578958264631296-1083727593376579584,1784442678000,1784442939000,1,0.002,0.323,0.006191950464396285
1089902742123577344,1784460210000-632578958264631296-1089902742123577344,1784460210000,1784460302000,1,0.002,0.047,0.0425531914893617
1089954932305428480,1784432306000-632578958264631296-1089954932305428480,1784432306000,1784432688000,1,0.002,0.159,0.012578616352201259
1090633180173565952,1784435463000-632578958264631296-1090633180173565952,1784435463000,1784435616000,1,0.002,0.235,0.00851063829787234
1094226778622263296,1784472314000-632578958264631296-1094226778622263296,1784472314000,1784472800000,1,0.002,0.617,0.003241491085899514
1094641057146077184,1784473043000-632578958264631296-1094641057146077184,1784473043000,1784473372000,1,0.002,0.292,0.006849315068493151
1112389405491855360,1784480496000-632578958264631296-1112389405491855360,1784480496000,1784480810000,1,0.002,0.092,0.021739130434782608
1127222273418199040,1784471841000-632578958264631296-1127222273418199040,1784471841000,1784471965000,1,0.002,0.085,0.023529411764705882
1132637029964709888,1784503922000-632578958264631296-1132637029964709888,1784503922000,1784504201000,1,0.002,0.105,0.01904761904761905
1135631306680434688,1784459520000-632578958264631296-1135631306680434688,1784459520000,1784459909000,1,0.002,0.22,0.00909090909090909
1136252936335130624,1784439398000-632578958264631296-1136252936335130624,1784439398000,1784439585000,1,0.002,0.149,0.01342281879194631
1428031634325635072,1784480682000-632578958264631296-1428031634325635072,1784480682000,1784480820000,1,0.002,0.197,0.01015228426395939
1428064485414797312,1784458698000-632578958264631296-1428064485414797312,1784458698000,1784458841000,1,0.002,0.095,0.021052631578947368
1441118393376702464,1784419489000-632578958264631296-1441118393376702464,1784419489000,1784419770000,1,0.002,0.106,0.018867924528301886
942721856836730880,1784450910000-632578958264631296-942721856836730880,1784450910000,1784451077000,1,0.002,0.062,0.03225806451612903
1050037424450699264,1784498905000-632578958264631296-1050037424450699264,1784498905000,1784499844000,1,0.001,0.618,0.0016181229773462784
1063501597117513728,1784440896000-632578958264631296-1063501597117513728,1784440896000,1784441088000,1,0.001,0.073,0.013698630136986302
1064550465066237952,1784464710000-632578958264631296-1064550465066237952,1784464710000,1784464871000,1,0.001,0.028,0.03571428571428571
1065321017443876864,1784484191000-632578958264631296-1065321017443876864,1784484191000,1784484538000,1,0.001,0.117,0.008547008547008546
1065671842468986880,1784480645000-632578958264631296-1065671842468986880,1784480645000,1784481284000,1,0.001,0.748,0.0013368983957219253
1065671842468986880,1784497667000-632578958264631296-1065671842468986880,1784497667000,1784498046000,1,0.001,0.332,0.003012048192771084
1083040452048846848,1784455250000-632578958264631296-1083040452048846848,1784455250000,1784455408000,1,0.001,0.065,0.015384615384615384
1083727333329731584,1784431174000-632578958264631296-1083727333329731584,1784431174000,1784431584000,1,0.001,0.358,0.002793296089385475
1108325683169329152,1784439385000-632578958264631296-1108325683169329152,1784439385000,1784439684000,1,0.001,0.454,0.002202643171806167
1125482414773108736,1784420895000-632578958264631296-1125482414773108736,1784420895000,1784421102000,1,0.001,0.094,0.010638297872340425
1126869078934290432,1784474937000-632578958264631296-1126869078934290432,1784474937000,1784475650000,1,0.001,0.779,0.0012836970474967907
1127222273418199040,1784474938000-632578958264631296-1127222273418199040,1784474938000,1784475049000,1,0.001,0.057,0.017543859649122806
1181299462874595328,1784471733000-632578958264631296-1181299462874595328,1784471733000,1784472047000,1,0.001,0.13,0.007692307692307692
1183367596062277632,1784481314000-632578958264631296-1183367596062277632,1784481314000,1784482962000,1,0.001,1.695,0.0005899705014749262
1211337321434054656,1784452031000-632578958264631296-1211337321434054656,1784452031000,1784452256000,1,0.001,0.132,0.007575757575757576
1385305554984894464,1784436845000-632578958264631296-1385305554984894464,1784436845000,1784437129000,1,0.001,0.179,0.00558659217877095
1405141042860130304,1784483793000-632578958264631296-1405141042860130304,1784483793000,1784484158000,1,0.001,0.152,0.006578947368421053
1477629515881512960,1784473499000-632578958264631296-1477629515881512960,1784473499000,1784473869000,1,0.001,0.147,0.006802721088435375
790970454885007360,1784433367000-632578958264631296-790970454885007360,1784433367000,1784433742000,1,0.001,0.454,0.002202643171806167
946025328671719424,1784452613000-632578958264631296-946025328671719424,1784452613000,1784453812000,1,0.001,0.586,0.0017064846416382255
946029440482148352,1784452626000-632578958264631296-946029440482148352,1784452626000,1784453160000,1,0.001,0.238,0.004201680672268908
1045646209449984000,1784426398000-632578958264631296-1045646209449984000,1784426398000,1784426590000,1,0.0,0.083,0.0
1045646209449984000,1784472516000-632578958264631296-1045646209449984000,1784472516000,1784472691000,1,0.0,0.025,0.0
1045646397224779776,1784450840000-632578958264631296-1045646397224779776,1784450840000,1784451011000,1,0.0,0.117,0.0
1045646397224779776,1784451725000-632578958264631296-1045646397224779776,1784451725000,1784451921000,1,0.0,0.159,0.0
1046442514266980352,1784428989000-632578958264631296-1046442514266980352,1784428989000,1784429399000,1,0.0,0.196,0.0
1046837731746906112,1784440760000-632578958264631296-1046837731746906112,1784440760000,1784440951000,1,0.0,0.005,0.0
1046837731746906112,1784441934000-632578958264631296-1046837731746906112,1784441934000,1784442337000,1,0.0,0.36,0.0
1046837731746906112,1784451304000-632578958264631296-1046837731746906112,1784451304000,1784451458000,1,0.0,0.116,0.0
1046837731746906112,1784451572000-632578958264631296-1046837731746906112,1784451572000,1784451778000,1,0.0,0.095,0.0
1046837731746906112,1784475981000-632578958264631296-1046837731746906112,1784475981000,1784476461000,1,0.0,0.598,0.0
1046837731746906112,1784479103000-632578958264631296-1046837731746906112,1784479103000,1784480174000,1,0.0,0.444,0.0
1046837731746906112,1784480178000-632578958264631296-1046837731746906112,1784480178000,1784480759000,1,0.0,0.35,0.0
1046837731746906112,1784482620000-632578958264631296-1046837731746906112,1784482620000,1784483008000,1,0.0,0.071,0.0
1046837731746906112,1784483895000-632578958264631296-1046837731746906112,1784483895000,1784484282000,1,0.0,0.109,0.0
1046837731746906112,1784485071000-632578958264631296-1046837731746906112,1784485071000,1784486537000,1,0.0,1.317,0.0
1046837731746906112,1784487914000-632578958264631296-1046837731746906112,1784487914000,1784489183000,1,0.0,2.16,0.0
1046837731746906112,1784491245000-632578958264631296-1046837731746906112,1784491245000,1784491632000,1,0.0,0.128,0.0
1046837731746906112,1784491637000-632578958264631296-1046837731746906112,1784491637000,1784492024000,1,0.0,0.109,0.0
1046837731746906112,1784492617000-632578958264631296-1046837731746906112,1784492617000,1784493102000,1,0.0,0.207,0.0
1046837731746906112,1784493107000-632578958264631296-1046837731746906112,1784493107000,1784493494000,1,0.0,0.119,0.0
1046837731746906112,1784493499000-632578958264631296-1046837731746906112,1784493499000,1784494082000,1,0.0,0.267,0.0
1046837731746906112,1784496047000-632578958264631296-1046837731746906112,1784496047000,1784496434000,1,0.0,0.077,0.0
1046837731746906112,1784496439000-632578958264631296-1046837731746906112,1784496439000,1784496826000,1,0.0,0.075,0.0
1047649870816477184,1784472483000-632578958264631296-1047649870816477184,1784472483000,1784472814000,1,0.0,0.111,0.0
1047650330055016448,1784454143000-632578958264631296-1047650330055016448,1784454143000,1784455130000,1,0.0,0.309,0.0
1047650330055016448,1784456844000-632578958264631296-1047650330055016448,1784456844000,1784457245000,1,0.0,0.115,0.0
1047650330055016448,1784467641000-632578958264631296-1047650330055016448,1784467641000,1784468065000,1,0.0,0.121,0.0
1047650330055016448,1784480517000-632578958264631296-1047650330055016448,1784480517000,1784480940000,1,0.0,0.144,0.0
1047650330055016448,1784492691000-632578958264631296-1047650330055016448,1784492691000,1784495638000,1,0.0,0.836,0.0
1050024168621342720,1784453454000-632578958264631296-1050024168621342720,1784453454000,1784454225000,1,0.0,0.001,0.0
1050024168621342720,1784456322000-632578958264631296-1050024168621342720,1784456322000,1784456780000,1,0.0,0.001,0.0
1050024168621342720,1784463669000-632578958264631296-1050024168621342720,1784463669000,1784464129000,1,0.0,0.001,0.0
1050024168621342720,1784475945000-632578958264631296-1050024168621342720,1784475945000,1784476216000,1,0.0,0.001,0.0
1050024168621342720,1784487178000-632578958264631296-1050024168621342720,1784487178000,1784487564000,1,0.0,0.001,0.0
1050035941135089664,1784422420000-632578958264631296-1050035941135089664,1784422420000,1784422804000,1,0.0,0.365,0.0
1050036019790872576,1784471087000-632578958264631296-1050036019790872576,1784471087000,1784471958000,1,0.0,1.02,0.0
1050036019790872576,1784475888000-632578958264631296-1050036019790872576,1784475888000,1784476276000,1,0.0,0.383,0.0
1050036721544069120,1784504830000-632578958264631296-1050036721544069120,1784504830000,1784505188000,1,0.0,0.39,0.0
1050036836505747456,1784470431000-632578958264631296-1050036836505747456,1784470431000,1784470882000,1,0.0,0.586,0.0
1050036987500691456,1784420473000-632578958264631296-1050036987500691456,1784420473000,1784420857000,1,0.0,0.379,0.0
1050037336936546304,1784453712000-632578958264631296-1050037336936546304,1784453712000,1784454651000,1,0.0,0.382,0.0
1050037336936546304,1784457122000-632578958264631296-1050037336936546304,1784457122000,1784458920000,1,0.0,0.764,0.0
1050037336936546304,1784476718000-632578958264631296-1050037336936546304,1784476718000,1784476991000,1,0.0,0.142,0.0
1050037336936546304,1784483054000-632578958264631296-1050037336936546304,1784483054000,1784483787000,1,0.0,0.325,0.0
1050037424450699264,1784435709000-632578958264631296-1050037424450699264,1784435709000,1784436741000,1,0.0,0.459,0.0
1050037424450699264,1784447890000-632578958264631296-1050037424450699264,1784447890000,1784448677000,1,0.0,0.329,0.0
1050037424450699264,1784469979000-632578958264631296-1050037424450699264,1784469979000,1784470842000,1,0.0,0.345,0.0
1050037591694376960,1784454738000-632578958264631296-1050037591694376960,1784454738000,1784454916000,1,0.0,0.086,0.0
1050441880044568576,1784458530000-632578958264631296-1050441880044568576,1784458530000,1784459043000,1,0.0,0.397,0.0
1050467664377413632,1784482883000-632578958264631296-1050467664377413632,1784482883000,1784483236000,1,0.0,0.169,0.0
1050467664377413632,1784483242000-632578958264631296-1050467664377413632,1784483242000,1784484142000,1,0.0,0.202,0.0
1062738572429230080,1784452001000-632578958264631296-1062738572429230080,1784452001000,1784452271000,1,0.0,0.176,0.0
1063501597117513728,1784440656000-632578958264631296-1063501597117513728,1784440656000,1784440849000,1,0.0,0.094,0.0
1064532839803912192,1784431254000-632578958264631296-1064532839803912192,1784431254000,1784431534000,1,0.0,0.073,0.0
1064532839803912192,1784440397000-632578958264631296-1064532839803912192,1784440397000,1784440669000,1,0.0,0.063,0.0
1066703715756408832,1784437016000-632578958264631296-1066703715756408832,1784437016000,1784438290000,1,0.0,1.008,0.0
1067763553357791232,1784500601000-632578958264631296-1067763553357791232,1784500601000,1784500984000,1,0.0,0.387,0.0
1067763772824748032,1784476493000-632578958264631296-1067763772824748032,1784476493000,1784477072000,1,0.0,0.639,0.0
1067763772824748032,1784479189000-632578958264631296-1067763772824748032,1784479189000,1784479573000,1,0.0,0.374,0.0
1067763772824748032,1784486174000-632578958264631296-1067763772824748032,1784486174000,1784486546000,1,0.0,0.41,0.0
1067763903368265728,1784452808000-632578958264631296-1067763903368265728,1784452808000,1784453192000,1,0.0,0.49,0.0
1067763903368265728,1784480331000-632578958264631296-1067763903368265728,1784480331000,1784480666000,1,0.0,0.387,0.0
1067764779667423232,1784476758000-632578958264631296-1067764779667423232,1784476758000,1784477024000,1,0.0,0.232,0.0
1067764779667423232,1784477910000-632578958264631296-1067764779667423232,1784477910000,1784478273000,1,0.0,0.371,0.0
1067764779667423232,1784494023000-632578958264631296-1067764779667423232,1784494023000,1784494415000,1,0.0,0.406,0.0
1067764901566480384,1784482295000-632578958264631296-1067764901566480384,1784482295000,1784482710000,1,0.0,0.476,0.0
1067765133431799808,1784448696000-632578958264631296-1067765133431799808,1784448696000,1784448898000,1,0.0,0.173,0.0
1067765133431799808,1784502653000-632578958264631296-1067765133431799808,1784502653000,1784503037000,1,0.0,0.362,0.0
1067765446171688960,1784483665000-632578958264631296-1067765446171688960,1784483665000,1784484068000,1,0.0,0.339,0.0
1067767710965825536,1784475445000-632578958264631296-1067767710965825536,1784475445000,1784475825000,1,0.0,0.358,0.0
1067767710965825536,1784477774000-632578958264631296-1067767710965825536,1784477774000,1784478250000,1,0.0,0.439,0.0
1067767710965825536,1784478542000-632578958264631296-1067767710965825536,1784478542000,1784478922000,1,0.0,0.363,0.0
1067767710965825536,1784480366000-632578958264631296-1067767710965825536,1784480366000,1784480745000,1,0.0,0.361,0.0
1067767710965825536,1784503420000-632578958264631296-1067767710965825536,1784503420000,1784503800000,1,0.0,0.376,0.0
1067771070980816896,1784461092000-632578958264631296-1067771070980816896,1784461092000,1784461229000,1,0.0,0.085,0.0
1067774753596506112,1784431015000-632578958264631296-1067774753596506112,1784431015000,1784431371000,1,0.0,0.367,0.0
1067774753596506112,1784434420000-632578958264631296-1067774753596506112,1784434420000,1784434995000,1,0.0,0.595,0.0
1067774753596506112,1784459118000-632578958264631296-1067774753596506112,1784459118000,1784459492000,1,0.0,0.388,0.0
1067774753596506112,1784483193000-632578958264631296-1067774753596506112,1784483193000,1784484073000,1,0.0,1.055,0.0
1067775063052255232,1784481719000-632578958264631296-1067775063052255232,1784481719000,1784482042000,1,0.0,0.126,0.0
1067775063052255232,1784488274000-632578958264631296-1067775063052255232,1784488274000,1784488653000,1,0.0,0.124,0.0
1067775063052255232,1784494902000-632578958264631296-1067775063052255232,1784494902000,1784495243000,1,0.0,0.175,0.0
1067775974323519488,1784420127000-632578958264631296-1067775974323519488,1784420127000,1784420438000,1,0.0,0.137,0.0
1067776159577538560,1784448798000-632578958264631296-1067776159577538560,1784448798000,1784449174000,1,0.0,0.2,0.0
1068875501654769664,1784432551000-632578958264631296-1068875501654769664,1784432551000,1784432921000,1,0.0,0.062,0.0
1071457116943810560,1784482782000-632578958264631296-1071457116943810560,1784482782000,1784483426000,1,0.0,0.817,0.0
1071826388769570816,1784429918000-632578958264631296-1071826388769570816,1784429918000,1784430194000,1,0.0,0.239,0.0
1071826388769570816,1784449139000-632578958264631296-1071826388769570816,1784449139000,1784449471000,1,0.0,0.267,0.0
1072572023244324864,1784428024000-632578958264631296-1072572023244324864,1784428024000,1784428386000,1,0.0,0.35,0.0
1072871041421803520,1784424061000-632578958264631296-1072871041421803520,1784424061000,1784424420000,1,0.0,0.41,0.0
1072871041421803520,1784466885000-632578958264631296-1072871041421803520,1784466885000,1784467156000,1,0.0,0.21,0.0
1072872003913908224,1784461668000-632578958264631296-1072872003913908224,1784461668000,1784462002000,1,0.0,0.202,0.0
1073277847704961024,1784466093000-632578958264631296-1073277847704961024,1784466093000,1784466298000,1,0.0,0.056,0.0
1073277847704961024,1784478885000-632578958264631296-1073277847704961024,1784478885000,1784479456000,1,0.0,0.199,0.0
1073277847704961024,1784481718000-632578958264631296-1073277847704961024,1784481718000,1784482135000,1,0.0,0.097,0.0
1073983957575401472,1784433440000-632578958264631296-1073983957575401472,1784433440000,1784434019000,1,0.0,0.684,0.0
1073983957575401472,1784477530000-632578958264631296-1073983957575401472,1784477530000,1784478070000,1,0.0,0.436,0.0
1073994678560358400,1784438027000-632578958264631296-1073994678560358400,1784438027000,1784438194000,1,0.0,0.134,0.0
1076924285072703488,1784449510000-632578958264631296-1076924285072703488,1784449510000,1784449787000,1,0.0,0.055,0.0
1079026604165824512,1784444780000-632578958264631296-1079026604165824512,1784444780000,1784444928000,1,0.0,0.065,0.0
1079026604165824512,1784444991000-632578958264631296-1079026604165824512,1784444991000,1784445532000,1,0.0,0.502,0.0
1079095522620342272,1784420146000-632578958264631296-1079095522620342272,1784420146000,1784420372000,1,0.0,0.093,0.0
1079095522620342272,1784438428000-632578958264631296-1079095522620342272,1784438428000,1784438538000,1,0.0,0.097,0.0
1079095785133441024,1784491961000-632578958264631296-1079095785133441024,1784491961000,1784492557000,1,0.0,0.469,0.0
1080454515951403008,1784467366000-632578958264631296-1080454515951403008,1784467366000,1784467701000,1,0.0,0.357,0.0
1080454515951403008,1784469688000-632578958264631296-1080454515951403008,1784469688000,1784469834000,1,0.0,0.034,0.0
1080818558042112000,1784475127000-632578958264631296-1080818558042112000,1784475127000,1784475489000,1,0.0,0.4,0.0
1081223436249858048,1784443103000-632578958264631296-1081223436249858048,1784443103000,1784443390000,1,0.0,0.12,0.0
1081223436249858048,1784480528000-632578958264631296-1081223436249858048,1784480528000,1784481958000,1,0.0,0.416,0.0
1082330521322651648,1784435314000-632578958264631296-1082330521322651648,1784435314000,1784435595000,1,0.0,0.28,0.0
1083040210243026944,1784470629000-632578958264631296-1083040210243026944,1784470629000,1784470961000,1,0.0,0.132,0.0
1083040210243026944,1784479115000-632578958264631296-1083040210243026944,1784479115000,1784479243000,1,0.0,0.048,0.0
1083040452048846848,1784433754000-632578958264631296-1083040452048846848,1784433754000,1784433970000,1,0.0,0.098,0.0
1083726517403385856,1784443393000-632578958264631296-1083726517403385856,1784443393000,1784443588000,1,0.0,0.164,0.0
1083726517403385856,1784447268000-632578958264631296-1083726517403385856,1784447268000,1784447532000,1,0.0,0.267,0.0
1083726655622479872,1784452196000-632578958264631296-1083726655622479872,1784452196000,1784456267000,1,0.0,3.723,0.0
1083726655622479872,1784482292000-632578958264631296-1083726655622479872,1784482292000,1784483819000,1,0.0,1.552,0.0
1083726789898928128,1784423125000-632578958264631296-1083726789898928128,1784423125000,1784423487000,1,0.0,0.38,0.0
1083726887294861312,1784477349000-632578958264631296-1083726887294861312,1784477349000,1784477718000,1,0.0,0.354,0.0
1083727048683290624,1784431237000-632578958264631296-1083727048683290624,1784431237000,1784431820000,1,0.0,0.716,0.0
1083727144086929408,1784432634000-632578958264631296-1083727144086929408,1784432634000,1784433018000,1,0.0,0.228,0.0
1083727144086929408,1784435819000-632578958264631296-1083727144086929408,1784435819000,1784436014000,1,0.0,0.142,0.0
1083727144086929408,1784463613000-632578958264631296-1083727144086929408,1784463613000,1784464209000,1,0.0,0.534,0.0
1083727333329731584,1784439070000-632578958264631296-1083727333329731584,1784439070000,1784439280000,1,0.0,-0.088,0.0
1083727448777949184,1784475208000-632578958264631296-1083727448777949184,1784475208000,1784475564000,1,0.0,0.285,0.0
1083727517765861376,1784445679000-632578958264631296-1083727517765861376,1784445679000,1784445879000,1,0.0,0.159,0.0
1083727593376579584,1784442253000-632578958264631296-1083727593376579584,1784442253000,1784442603000,1,0.0,0.414,0.0
1083728047674228736,1784419869000-632578958264631296-1083728047674228736,1784419869000,1784420253000,1,0.0,0.366,0.0
1083728047674228736,1784421158000-632578958264631296-1083728047674228736,1784421158000,1784421542000,1,0.0,0.367,0.0
1083728047674228736,1784471523000-632578958264631296-1083728047674228736,1784471523000,1784471907000,1,0.0,0.36,0.0
1083728677599969280,1784431547000-632578958264631296-1083728677599969280,1784431547000,1784431897000,1,0.0,0.371,0.0
1083728677599969280,1784439979000-632578958264631296-1083728677599969280,1784439979000,1784440330000,1,0.0,0.358,0.0
1083728677599969280,1784440421000-632578958264631296-1083728677599969280,1784440421000,1784440699000,1,0.0,0.26,0.0
1083728677599969280,1784440700000-632578958264631296-1083728677599969280,1784440700000,1784440863000,1,0.0,0.105,0.0
1083728677599969280,1784475782000-632578958264631296-1083728677599969280,1784475782000,1784476313000,1,0.0,0.615,0.0
1083778254826897408,1784431689000-632578958264631296-1083778254826897408,1784431689000,1784432022000,1,0.0,0.199,0.0
1083778254826897408,1784432461000-632578958264631296-1083778254826897408,1784432461000,1784432814000,1,0.0,0.17,0.0
1083778254826897408,1784481549000-632578958264631296-1083778254826897408,1784481549000,1784482193000,1,0.0,0.273,0.0
1083778254826897408,1784483110000-632578958264631296-1083778254826897408,1784483110000,1784483438000,1,0.0,0.121,0.0
1083778254826897408,1784483943000-632578958264631296-1083778254826897408,1784483943000,1784484323000,1,0.0,0.127,0.0
1083778254826897408,1784484329000-632578958264631296-1083778254826897408,1784484329000,1784484657000,1,0.0,0.113,0.0
1083778254826897408,1784485922000-632578958264631296-1083778254826897408,1784485922000,1784486231000,1,0.0,0.074,0.0
1083778254826897408,1784486985000-632578958264631296-1083778254826897408,1784486985000,1784487368000,1,0.0,0.11,0.0
1083778254826897408,1784492888000-632578958264631296-1083778254826897408,1784492888000,1784493287000,1,0.0,0.141,0.0
1090633180173565952,1784480519000-632578958264631296-1090633180173565952,1784480519000,1784480862000,1,0.0,0.414,0.0
1093087265762050048,1784434017000-632578958264631296-1093087265762050048,1784434017000,1784434616000,1,0.0,0.388,0.0
1093089257012068352,1784480466000-632578958264631296-1093089257012068352,1784480466000,1784481185000,1,0.0,0.321,0.0
1093089257012068352,1784487313000-632578958264631296-1093089257012068352,1784487313000,1784498486000,1,0.0,4.236,0.0
1094226778622263296,1784463739000-632578958264631296-1094226778622263296,1784463739000,1784464116000,1,0.0,0.422,0.0
1094226815196594176,1784448877000-632578958264631296-1094226815196594176,1784448877000,1784449213000,1,0.0,0.244,0.0
1094584849307533312,1784471778000-632578958264631296-1094584849307533312,1784471778000,1784472957000,1,0.0,0.564,0.0
1094641057146077184,1784454994000-632578958264631296-1094641057146077184,1784454994000,1784455180000,1,0.0,0.188,0.0
1094956363722784768,1784487602000-632578958264631296-1094956363722784768,1784487602000,1784487986000,1,0.0,0.176,0.0
1101157025884143616,1784440847000-632578958264631296-1101157025884143616,1784440847000,1784441181000,1,0.0,0.293,0.0
1101157025884143616,1784474458000-632578958264631296-1101157025884143616,1784474458000,1784475099000,1,0.0,0.493,0.0
1108325683169329152,1784455570000-632578958264631296-1108325683169329152,1784455570000,1784455846000,1,0.0,0.358,0.0
1108325683169329152,1784465434000-632578958264631296-1108325683169329152,1784465434000,1784465706000,1,0.0,0.21,0.0
1108703058243616768,1784437624000-632578958264631296-1108703058243616768,1784437624000,1784437908000,1,0.0,0.238,0.0
1108703058243616768,1784503526000-632578958264631296-1108703058243616768,1784503526000,1784503908000,1,0.0,0.111,0.0
1108736100332994560,1784441492000-632578958264631296-1108736100332994560,1784441492000,1784441757000,1,0.0,0.348,0.0
1109445504082640896,1784504846000-632578958264631296-1109445504082640896,1784504846000,1784505131000,1,0.0,0.211,0.0
1111626569580806144,1784425744000-632578958264631296-1111626569580806144,1784425744000,1784426031000,1,0.0,0.12,0.0
1112389405491855360,1784426628000-632578958264631296-1112389405491855360,1784426628000,1784427394000,1,0.0,0.264,0.0
1113518928358801408,1784422457000-632578958264631296-1113518928358801408,1784422457000,1784422687000,1,0.0,0.144,0.0
1120316585941139456,1784426000000-632578958264631296-1120316585941139456,1784426000000,1784426971000,1,0.0,1.163,0.0
1120316662394912768,1784448453000-632578958264631296-1120316662394912768,1784448453000,1784449027000,1,0.0,0.619,0.0
1120316662394912768,1784480320000-632578958264631296-1120316662394912768,1784480320000,1784480523000,1,0.0,0.178,0.0
1126868873732161536,1784451788000-632578958264631296-1126868873732161536,1784451788000,1784451995000,1,0.0,0.096,0.0
1126868873732161536,1784474164000-632578958264631296-1126868873732161536,1784474164000,1784474426000,1,0.0,0.35,0.0
1126869078934290432,1784441652000-632578958264631296-1126869078934290432,1784441652000,1784442470000,1,0.0,0.821,0.0
1131239137144209408,1784448979000-632578958264631296-1131239137144209408,1784448979000,1784449103000,1,0.0,0.109,0.0
1131240373310455808,1784439852000-632578958264631296-1131240373310455808,1784439852000,1784440311000,1,0.0,0.5,0.0
1131240645348818944,1784468319000-632578958264631296-1131240645348818944,1784468319000,1784468678000,1,0.0,0.361,0.0
1131240847388442624,1784431335000-632578958264631296-1131240847388442624,1784431335000,1784431694000,1,0.0,0.412,0.0
1131240847388442624,1784475613000-632578958264631296-1131240847388442624,1784475613000,1784475973000,1,0.0,0.396,0.0
1131240847388442624,1784483548000-632578958264631296-1131240847388442624,1784483548000,1784483908000,1,0.0,0.384,0.0
1132636348465807360,1784442706000-632578958264631296-1132636348465807360,1784442706000,1784442980000,1,0.0,0.103,0.0
1132636490090676224,1784429691000-632578958264631296-1132636490090676224,1784429691000,1784430285000,1,0.0,0.329,0.0
1132636899983228928,1784478710000-632578958264631296-1132636899983228928,1784478710000,1784480028000,1,0.0,1.33,0.0
1132636899983228928,1784480031000-632578958264631296-1132636899983228928,1784480031000,1784480740000,1,0.0,0.656,0.0
1132636899983228928,1784480745000-632578958264631296-1132636899983228928,1784480745000,1784481147000,1,0.0,0.395,0.0
1132636899983228928,1784481152000-632578958264631296-1132636899983228928,1784481152000,1784481555000,1,0.0,0.292,0.0
1132636899983228928,1784482577000-632578958264631296-1132636899983228928,1784482577000,1784483182000,1,0.0,0.596,0.0
1132636899983228928,1784483186000-632578958264631296-1132636899983228928,1784483186000,1784483600000,1,0.0,0.403,0.0
1132636899983228928,1784485645000-632578958264631296-1132636899983228928,1784485645000,1784486047000,1,0.0,0.353,0.0
1132636899983228928,1784486154000-632578958264631296-1132636899983228928,1784486154000,1784487371000,1,0.0,1.232,0.0
1134878026966761472,1784433556000-632578958264631296-1134878026966761472,1784433556000,1784433859000,1,0.0,0.232,0.0
1134878026966761472,1784477478000-632578958264631296-1134878026966761472,1784477478000,1784478288000,1,0.0,0.97,0.0
1135541524696662016,1784478378000-632578958264631296-1135541524696662016,1784478378000,1784479060000,1,0.0,0.815,0.0
1135541524696662016,1784485600000-632578958264631296-1135541524696662016,1784485600000,1784485979000,1,0.0,0.348,0.0
1135631306680434688,1784450905000-632578958264631296-1135631306680434688,1784450905000,1784451245000,1,0.0,0.174,0.0
1136252936335130624,1784438948000-632578958264631296-1136252936335130624,1784438948000,1784439157000,1,0.0,0.105,0.0
1138783468012961792,1784477381000-632578958264631296-1138783468012961792,1784477381000,1784478030000,1,0.0,0.692,0.0
1142833661045899264,1784426535000-632578958264631296-1142833661045899264,1784426535000,1784428668000,1,0.0,2.193,0.0
1142833661045899264,1784476677000-632578958264631296-1142833661045899264,1784476677000,1784476828000,1,0.0,0.132,0.0
1152269234303139840,1784438546000-632578958264631296-1152269234303139840,1784438546000,1784439199000,1,0.0,0.398,0.0
1152269234303139840,1784439689000-632578958264631296-1152269234303139840,1784439689000,1784439850000,1,0.0,0.181,0.0
1152269234303139840,1784460681000-632578958264631296-1152269234303139840,1784460681000,1784460843000,1,0.0,0.15,0.0
1152269356621627392,1784468578000-632578958264631296-1152269356621627392,1784468578000,1784468742000,1,0.0,0.094,0.0
1152269748554170368,1784427614000-632578958264631296-1152269748554170368,1784427614000,1784427862000,1,0.0,0.093,0.0
1153273376152748032,1784481958000-632578958264631296-1153273376152748032,1784481958000,1784482338000,1,0.0,0.369,0.0
1161574576161816576,1784428071000-632578958264631296-1161574576161816576,1784428071000,1784429037000,1,0.0,1.158,0.0
1175796546902425600,1784425700000-632578958264631296-1175796546902425600,1784425700000,1784426077000,1,0.0,0.362,0.0
1176180359524515840,1784459665000-632578958264631296-1176180359524515840,1784459665000,1784459921000,1,0.0,0.142,0.0
1181865772805259264,1784434317000-632578958264631296-1181865772805259264,1784434317000,1784434709000,1,0.0,0.422,0.0
1181865772805259264,1784468208000-632578958264631296-1181865772805259264,1784468208000,1784468678000,1,0.0,0.524,0.0
1187402009754468352,1784476061000-632578958264631296-1187402009754468352,1784476061000,1784476631000,1,0.0,0.365,0.0
1188144161019133952,1784504164000-632578958264631296-1188144161019133952,1784504164000,1784504600000,1,0.0,0.001,0.0
1188144161019133952,1784504740000-632578958264631296-1188144161019133952,1784504740000,1784505059000,1,0.0,0.001,0.0
1209168031477923840,1784420562000-632578958264631296-1209168031477923840,1784420562000,1784421088000,1,0.0,0.18,0.0
1209168031477923840,1784421876000-632578958264631296-1209168031477923840,1784421876000,1784422714000,1,0.0,0.194,0.0
1211337321434054656,1784431174000-632578958264631296-1211337321434054656,1784431174000,1784431393000,1,0.0,0.208,0.0
1211337321434054656,1784477735000-632578958264631296-1211337321434054656,1784477735000,1784478283000,1,0.0,0.39,0.0
1211337321434054656,1784483932000-632578958264631296-1211337321434054656,1784483932000,1784484700000,1,0.0,0.517,0.0
1211786303754993664,1784449109000-632578958264631296-1211786303754993664,1784449109000,1784449294000,1,0.0,0.082,0.0
1268615019327651840,1784420452000-632578958264631296-1268615019327651840,1784420452000,1784420824000,1,0.0,0.353,0.0
1268615019327651840,1784499643000-632578958264631296-1268615019327651840,1784499643000,1784500384000,1,0.0,0.834,0.0
1268615730958434304,1784421218000-632578958264631296-1268615730958434304,1784421218000,1784421898000,1,0.0,0.839,0.0
1289307004661137408,1784449071000-632578958264631296-1289307004661137408,1784449071000,1784449376000,1,0.0,0.094,0.0
1294704486559776768,1784472616000-632578958264631296-1294704486559776768,1784472616000,1784473290000,1,0.0,0.304,0.0
1294704486559776768,1784479900000-632578958264631296-1294704486559776768,1784479900000,1784480268000,1,0.0,0.197,0.0
1312806942439112704,1784439003000-632578958264631296-1312806942439112704,1784439003000,1784439424000,1,0.0,0.251,0.0
1312806942439112704,1784453543000-632578958264631296-1312806942439112704,1784453543000,1784453882000,1,0.0,0.202,0.0
1312806942439112704,1784479380000-632578958264631296-1312806942439112704,1784479380000,1784479560000,1,0.0,0.077,0.0
1355523374926790656,1784469368000-632578958264631296-1355523374926790656,1784469368000,1784469526000,1,0.0,0.098,0.0
1362128357327634432,1784483470000-632578958264631296-1362128357327634432,1784483470000,1784483803000,1,0.0,0.191,0.0
1362453820235317248,1784442617000-632578958264631296-1362453820235317248,1784442617000,1784443018000,1,0.0,0.218,0.0
1362453820235317248,1784484858000-632578958264631296-1362453820235317248,1784484858000,1784485024000,1,0.0,0.088,0.0
1363836271826305024,1784486567000-632578958264631296-1363836271826305024,1784486567000,1784487212000,1,0.0,0.409,0.0
1364616390270517248,1784472505000-632578958264631296-1364616390270517248,1784472505000,1784472913000,1,0.0,0.219,0.0
1370798572273926144,1784424783000-632578958264631296-1370798572273926144,1784424783000,1784425323000,1,0.0,0.07,0.0
1370798572273926144,1784449112000-632578958264631296-1370798572273926144,1784449112000,1784449371000,1,0.0,0.352,0.0
1371466234314358784,1784439316000-632578958264631296-1371466234314358784,1784439316000,1784439845000,1,0.0,0.241,0.0
1385305035948163072,1784440306000-632578958264631296-1385305035948163072,1784440306000,1784440670000,1,0.0,0.138,0.0
1385305128772304896,1784487396000-632578958264631296-1385305128772304896,1784487396000,1784487866000,1,0.0,0.22,0.0
1385305291104452608,1784429539000-632578958264631296-1385305291104452608,1784429539000,1784429925000,1,0.0,0.247,0.0
1385588705250508800,1784472624000-632578958264631296-1385588705250508800,1784472624000,1784473721000,1,0.0,0.401,0.0
1385589109656911872,1784471395000-632578958264631296-1385589109656911872,1784471395000,1784471719000,1,0.0,0.15,0.0
1385589109656911872,1784473026000-632578958264631296-1385589109656911872,1784473026000,1784473648000,1,0.0,0.277,0.0
1385589109656911872,1784479887000-632578958264631296-1385589109656911872,1784479887000,1784480058000,1,0.0,0.07,0.0
1385589109656911872,1784499157000-632578958264631296-1385589109656911872,1784499157000,1784500204000,1,0.0,0.464,0.0
1389243940330274816,1784459533000-632578958264631296-1389243940330274816,1784459533000,1784459814000,1,0.0,0.065,0.0
1396880990281924608,1784480004000-632578958264631296-1396880990281924608,1784480004000,1784480660000,1,0.0,0.306,0.0
1396880990281924608,1784493877000-632578958264631296-1396880990281924608,1784493877000,1784494043000,1,0.0,0.081,0.0
1396881232180019200,1784453540000-632578958264631296-1396881232180019200,1784453540000,1784454134000,1,0.0,0.266,0.0
1396881232180019200,1784457971000-632578958264631296-1396881232180019200,1784457971000,1784459142000,1,0.0,0.497,0.0
1396881382210273280,1784432004000-632578958264631296-1396881382210273280,1784432004000,1784432707000,1,0.0,0.338,0.0
1396881382210273280,1784445906000-632578958264631296-1396881382210273280,1784445906000,1784446069000,1,0.0,0.05,0.0
1396881382210273280,1784450543000-632578958264631296-1396881382210273280,1784450543000,1784451045000,1,0.0,0.291,0.0
1396881382210273280,1784471946000-632578958264631296-1396881382210273280,1784471946000,1784472488000,1,0.0,0.279,0.0
1396881382210273280,1784477134000-632578958264631296-1396881382210273280,1784477134000,1784478107000,1,0.0,0.427,0.0
1396881382210273280,1784482308000-632578958264631296-1396881382210273280,1784482308000,1784482607000,1,0.0,0.174,0.0
1396881382210273280,1784489343000-632578958264631296-1396881382210273280,1784489343000,1784492554000,1,0.0,1.704,0.0
1396881508228136960,1784474273000-632578958264631296-1396881508228136960,1784474273000,1784474588000,1,0.0,0.124,0.0
1397607242391355392,1784479467000-632578958264631296-1397607242391355392,1784479467000,1784479693000,1,0.0,0.102,0.0
1397607242391355392,1784480152000-632578958264631296-1397607242391355392,1784480152000,1784480353000,1,0.0,0.054,0.0
1397607641592627200,1784471373000-632578958264631296-1397607641592627200,1784471373000,1784472164000,1,0.0,0.383,0.0
1401196266230120448,1784469130000-632578958264631296-1401196266230120448,1784469130000,1784469616000,1,0.0,0.363,0.0
1405141042860130304,1784481532000-632578958264631296-1405141042860130304,1784481532000,1784481728000,1,0.0,0.045,0.0
1405141042860130304,1784491634000-632578958264631296-1405141042860130304,1784491634000,1784492090000,1,0.0,0.196,0.0
1405177997576634368,1784472701000-632578958264631296-1405177997576634368,1784472701000,1784475784000,1,0.0,1.525,0.0
1405177997576634368,1784478561000-632578958264631296-1405177997576634368,1784478561000,1784479608000,1,0.0,0.496,0.0
1405177997576634368,1784487481000-632578958264631296-1405177997576634368,1784487481000,1784488570000,1,0.0,0.601,0.0
1406228892573761536,1784473408000-632578958264631296-1406228892573761536,1784473408000,1784473949000,1,0.0,0.26,0.0
1406228892573761536,1784478480000-632578958264631296-1406228892573761536,1784478480000,1784478740000,1,0.0,0.112,0.0
1406228892573761536,1784492134000-632578958264631296-1406228892573761536,1784492134000,1784492391000,1,0.0,0.135,0.0
1406229042385911808,1784478528000-632578958264631296-1406229042385911808,1784478528000,1784482221000,1,0.0,1.544,0.0
1406229042385911808,1784485020000-632578958264631296-1406229042385911808,1784485020000,1784487728000,1,0.0,1.105,0.0
1406229042385911808,1784492354000-632578958264631296-1406229042385911808,1784492354000,1784494730000,1,0.0,1.057,0.0
1406229042385911808,1784500614000-632578958264631296-1406229042385911808,1784500614000,1784502146000,1,0.0,0.654,0.0
1406586435233906688,1784484934000-632578958264631296-1406586435233906688,1784484934000,1784486675000,1,0.0,0.697,0.0
1406586595699589120,1784472496000-632578958264631296-1406586595699589120,1784472496000,1784473743000,1,0.0,0.716,0.0
1406586595699589120,1784475171000-632578958264631296-1406586595699589120,1784475171000,1784475515000,1,0.0,0.168,0.0
1406586595699589120,1784480443000-632578958264631296-1406586595699589120,1784480443000,1784480599000,1,0.0,0.071,0.0
1422205318414204928,1784420528000-632578958264631296-1422205318414204928,1784420528000,1784423291000,1,0.0,1.533,0.0
1422205318414204928,1784451269000-632578958264631296-1422205318414204928,1784451269000,1784451895000,1,0.0,0.289,0.0
1422205318414204928,1784452194000-632578958264631296-1422205318414204928,1784452194000,1784454318000,1,0.0,1.005,0.0
1422205318414204928,1784455398000-632578958264631296-1422205318414204928,1784455398000,1784456301000,1,0.0,0.428,0.0
1422205318414204928,1784456899000-632578958264631296-1422205318414204928,1784456899000,1784458000000,1,0.0,0.532,0.0
1422205318414204928,1784482981000-632578958264631296-1422205318414204928,1784482981000,1784483104000,1,0.0,0.048,0.0
1422205318414204928,1784483368000-632578958264631296-1422205318414204928,1784483368000,1784483999000,1,0.0,0.273,0.0
1422205318414204928,1784486061000-632578958264631296-1422205318414204928,1784486061000,1784486539000,1,0.0,0.223,0.0
1422205727123963904,1784496134000-632578958264631296-1422205727123963904,1784496134000,1784496377000,1,0.0,0.089,0.0
1428031634325635072,1784482401000-632578958264631296-1428031634325635072,1784482401000,1784482797000,1,0.0,0.14,0.0
1428366867084345344,1784420289000-632578958264631296-1428366867084345344,1784420289000,1784420503000,1,0.0,0.09,0.0
1428367002015105024,1784425962000-632578958264631296-1428367002015105024,1784425962000,1784426428000,1,0.0,0.207,0.0
1441118393376702464,1784495889000-632578958264631296-1441118393376702464,1784495889000,1784496340000,1,0.0,0.204,0.0
1454186236603269120,1784455140000-632578958264631296-1454186236603269120,1784455140000,1784455434000,1,0.0,0.12,0.0
1464253789857906688,1784478774000-632578958264631296-1464253789857906688,1784478774000,1784479330000,1,0.0,0.302,0.0
1464260641047969792,1784480848000-632578958264631296-1464260641047969792,1784480848000,1784481174000,1,0.0,0.156,0.0
1464628801508999168,1784476862000-632578958264631296-1464628801508999168,1784476862000,1784477027000,1,0.0,0.082,0.0
1464628801508999168,1784481730000-632578958264631296-1464628801508999168,1784481730000,1784482736000,1,0.0,0.494,0.0
1467925946630668288,1784441361000-632578958264631296-1467925946630668288,1784441361000,1784442065000,1,0.0,0.204,0.0
1471148657502846976,1784482051000-632578958264631296-1471148657502846976,1784482051000,1784482438000,1,0.0,0.2,0.0
1471164933021368320,1784434099000-632578958264631296-1471164933021368320,1784434099000,1784434419000,1,0.0,0.133,0.0
1471164933021368320,1784452540000-632578958264631296-1471164933021368320,1784452540000,1784452792000,1,0.0,0.108,0.0
1471165126924042240,1784430256000-632578958264631296-1471165126924042240,1784430256000,1784430572000,1,0.0,0.159,0.0
1475452919183572992,1784419453000-632578958264631296-1475452919183572992,1784419453000,1784419719000,1,0.0,0.134,0.0
1475452919183572992,1784484708000-632578958264631296-1475452919183572992,1784484708000,1784485009000,1,0.0,0.123,0.0
1475453057469775872,1784456815000-632578958264631296-1475453057469775872,1784456815000,1784457201000,1,0.0,0.194,0.0
1475453057469775872,1784459076000-632578958264631296-1475453057469775872,1784459076000,1784459560000,1,0.0,0.23,0.0
1482772108667781120,1784483039000-632578958264631296-1482772108667781120,1784483039000,1784483341000,1,0.0,0.129,0.0
1484590862305329152,1784430789000-632578958264631296-1484590862305329152,1784430789000,1784430955000,1,0.0,0.092,0.0
1484590862305329152,1784479387000-632578958264631296-1484590862305329152,1784479387000,1784479529000,1,0.0,0.053,0.0
1486716779844599808,1784436611000-632578958264631296-1486716779844599808,1784436611000,1784436736000,1,0.0,0.055,0.0
1488160320575766528,1784419845000-632578958264631296-1488160320575766528,1784419845000,1784420413000,1,0.0,0.252,0.0
1489984398731247616,1784466707000-632578958264631296-1489984398731247616,1784466707000,1784466884000,1,0.0,0.05,0.0
1489984398731247616,1784485300000-632578958264631296-1489984398731247616,1784485300000,1784485509000,1,0.0,0.06,0.0
1489984398731247616,1784487615000-632578958264631296-1489984398731247616,1784487615000,1784487933000,1,0.0,0.14,0.0
1491416395517263872,1784441382000-632578958264631296-1491416395517263872,1784441382000,1784441811000,1,0.0,0.199,0.0
1499777554695847936,1784479234000-632578958264631296-1499777554695847936,1784479234000,1784479425000,1,0.0,0.114,0.0
1500484476822618112,1784435428000-632578958264631296-1500484476822618112,1784435428000,1784435544000,1,0.0,0.038,0.0
1500491887742550016,1784467334000-632578958264631296-1500491887742550016,1784467334000,1784468876000,1,0.0,0.027,0.0
1500848886552461312,1784428093000-632578958264631296-1500848886552461312,1784428093000,1784428614000,1,0.0,0.0,0.0
1500848886552461312,1784429112000-632578958264631296-1500848886552461312,1784429112000,1784441181000,1,0.0,0.0,0.0
1500848886552461312,1784443232000-632578958264631296-1500848886552461312,1784443232000,1784452990000,1,0.0,0.0,0.0
1500848886552461312,1784456362000-632578958264631296-1500848886552461312,1784456362000,1784460300000,1,0.0,0.0,0.0
1500848886552461312,1784460563000-632578958264631296-1500848886552461312,1784460563000,1784462853000,1,0.0,0.0,0.0
1501933902321680384,1784421908000-632578958264631296-1501933902321680384,1784421908000,1784422651000,1,0.0,0.32,0.0
1504892206538817536,1784477209000-632578958264631296-1504892206538817536,1784477209000,1784478832000,1,0.0,0.817,0.0
1505916014645215232,1784471922000-632578958264631296-1505916014645215232,1784471922000,1784472249000,1,0.0,0.192,0.0
1505944797024616448,1784461786000-632578958264631296-1505944797024616448,1784461786000,1784462552000,1,0.0,0.0,0.0
1505944797024616448,1784503125000-632578958264631296-1505944797024616448,1784503125000,1784504295000,1,0.0,0.0,0.0
1505944797024616448,1784504972000-632578958264631296-1505944797024616448,1784504972000,1784506992000,1,0.0,0.0,0.0
1506655599683698688,1784432421000-632578958264631296-1506655599683698688,1784432421000,1784432639000,1,0.0,0.102,0.0
1506655599683698688,1784461106000-632578958264631296-1506655599683698688,1784461106000,1784461335000,1,0.0,0.119,0.0
1506655599683698688,1784463745000-632578958264631296-1506655599683698688,1784463745000,1784463936000,1,0.0,0.102,0.0
1506655599683698688,1784472095000-632578958264631296-1506655599683698688,1784472095000,1784472356000,1,0.0,0.149,0.0
1525526061327056896,1784484641000-632578958264631296-1525526061327056896,1784484641000,1784485106000,1,0.0,0.258,0.0
1525526061327056896,1784499419000-632578958264631296-1525526061327056896,1784499419000,1784499730000,1,0.0,0.109,0.0
1526262198169501696,1784494921000-632578958264631296-1526262198169501696,1784494921000,1784495439000,1,0.0,0.254,0.0
1536004619845500928,1784430456000-632578958264631296-1536004619845500928,1784430456000,1784430637000,1,0.0,0.049,0.0
1536004619845500928,1784476358000-632578958264631296-1536004619845500928,1784476358000,1784476971000,1,0.0,0.244,0.0
1536014505966829568,1784436310000-632578958264631296-1536014505966829568,1784436310000,1784436615000,1,0.0,0.095,0.0
1536014505966829568,1784473444000-632578958264631296-1536014505966829568,1784473444000,1784473969000,1,0.0,0.251,0.0
1536014505966829568,1784482341000-632578958264631296-1536014505966829568,1784482341000,1784482734000,1,0.0,0.195,0.0
1536014529144553472,1784476017000-632578958264631296-1536014529144553472,1784476017000,1784476871000,1,0.0,0.521,0.0
1536014550107684864,1784481409000-632578958264631296-1536014550107684864,1784481409000,1784482177000,1,0.0,0.365,0.0
1536014589357981696,1784482089000-632578958264631296-1536014589357981696,1784482089000,1784483018000,1,0.0,0.48,0.0
1536014589357981696,1784483913000-632578958264631296-1536014589357981696,1784483913000,1784484265000,1,0.0,0.165,0.0
1536014603211767808,1784463157000-632578958264631296-1536014603211767808,1784463157000,1784463324000,1,0.0,0.056,0.0
1536014633725329408,1784465863000-632578958264631296-1536014633725329408,1784465863000,1784466259000,1,0.0,0.184,0.0
1536014640524296192,1784427801000-632578958264631296-1536014640524296192,1784427801000,1784429025000,1,0.0,0.598,0.0
1536014640524296192,1784470947000-632578958264631296-1536014640524296192,1784470947000,1784471213000,1,0.0,0.139,0.0
1536014681523617792,1784471301000-632578958264631296-1536014681523617792,1784471301000,1784471596000,1,0.0,0.118,0.0
1536014688339361792,1784439982000-632578958264631296-1536014688339361792,1784439982000,1784440364000,1,0.0,0.236,0.0
1536014688339361792,1784441689000-632578958264631296-1536014688339361792,1784441689000,1784441867000,1,0.0,0.238,0.0
1536014695108968448,1784465962000-632578958264631296-1536014695108968448,1784465962000,1784466567000,1,0.0,0.328,0.0
1536014695108968448,1784484671000-632578958264631296-1536014695108968448,1784484671000,1784485719000,1,0.0,0.502,0.0
1536014695108968448,1784488968000-632578958264631296-1536014695108968448,1784488968000,1784490845000,1,0.0,0.882,0.0
1536014723353411584,1784466813000-632578958264631296-1536014723353411584,1784466813000,1784467646000,1,0.0,0.382,0.0
1536014751404916736,1784450951000-632578958264631296-1536014751404916736,1784450951000,1784451142000,1,0.0,0.068,0.0
1536402078727929856,1784422668000-632578958264631296-1536402078727929856,1784422668000,1784423155000,1,0.0,0.259,0.0
1536402078727929856,1784480479000-632578958264631296-1536402078727929856,1784480479000,1784481279000,1,0.0,0.348,0.0
1536402078727929856,1784483089000-632578958264631296-1536402078727929856,1784483089000,1784483574000,1,0.0,0.22,0.0
1540361293100220416,1784468292000-632578958264631296-1540361293100220416,1784468292000,1784468915000,1,0.0,0.249,0.0
1540361293100220416,1784478059000-632578958264631296-1540361293100220416,1784478059000,1784478682000,1,0.0,0.26,0.0
1540361293100220416,1784482841000-632578958264631296-1540361293100220416,1784482841000,1784483473000,1,0.0,0.248,0.0
1540361293100220416,1784485302000-632578958264631296-1540361293100220416,1784485302000,1784485580000,1,0.0,0.083,0.0
1540361293100220416,1784497929000-632578958264631296-1540361293100220416,1784497929000,1784498314000,1,0.0,0.179,0.0
1540361603277389824,1784475417000-632578958264631296-1540361603277389824,1784475417000,1784475811000,1,0.0,0.157,0.0
1540361729291059200,1784445757000-632578958264631296-1540361729291059200,1784445757000,1784446036000,1,0.0,0.121,0.0
1540361934212169728,1784479397000-632578958264631296-1540361934212169728,1784479397000,1784479685000,1,0.0,0.104,0.0
1545823503347875840,1784476462000-632578958264631296-1545823503347875840,1784476462000,1784477009000,1,0.0,0.345,0.0
1545823503347875840,1784492391000-632578958264631296-1545823503347875840,1784492391000,1784493016000,1,0.0,0.332,0.0
1545824482457812992,1784424832000-632578958264631296-1545824482457812992,1784424832000,1784426077000,1,0.0,0.615,0.0
1545824482457812992,1784472883000-632578958264631296-1545824482457812992,1784472883000,1784473017000,1,0.0,0.057,0.0
1545824482457812992,1784475158000-632578958264631296-1545824482457812992,1784475158000,1784475495000,1,0.0,0.149,0.0
1545825206881222656,1784479235000-632578958264631296-1545825206881222656,1784479235000,1784479698000,1,0.0,0.294,0.0
1569317625765298176,1784429651000-632578958264631296-1569317625765298176,1784429651000,1784430140000,1,0.0,0.847,0.0
1570836903035404288,1784425627000-632578958264631296-1570836903035404288,1784425627000,1784426901000,1,0.0,0.0,0.0
1570836903035404288,1784427903000-632578958264631296-1570836903035404288,1784427903000,1784428100000,1,0.0,0.0,0.0
1570836903035404288,1784428292000-632578958264631296-1570836903035404288,1784428292000,1784429445000,1,0.0,0.0,0.0
1570836903035404288,1784435575000-632578958264631296-1570836903035404288,1784435575000,1784438415000,1,0.0,0.0,0.0
1570836903035404288,1784440698000-632578958264631296-1570836903035404288,1784440698000,1784446989000,1,0.0,0.0,0.0
1570836903035404288,1784448305000-632578958264631296-1570836903035404288,1784448305000,1784450072000,1,0.0,0.0,0.0
1570836903035404288,1784465140000-632578958264631296-1570836903035404288,1784465140000,1784465489000,1,0.0,0.0,0.0
1570836903035404288,1784478622000-632578958264631296-1570836903035404288,1784478622000,1784481655000,1,0.0,0.0,0.0
1570836903035404288,1784481659000-632578958264631296-1570836903035404288,1784481659000,1784483174000,1,0.0,0.0,0.0
1570836903035404288,1784484239000-632578958264631296-1570836903035404288,1784484239000,1784489034000,1,0.0,0.0,0.0
635414442816888832,1784477985000-632578958264631296-635414442816888832,1784477985000,1784478453000,1,0.0,0.321,0.0
642055098863718400,1784478211000-632578958264631296-642055098863718400,1784478211000,1784479028000,1,0.0,0.585,0.0
642055098863718400,1784502446000-632578958264631296-642055098863718400,1784502446000,1784503178000,1,0.0,0.476,0.0
780059706918961152,1784419284000-632578958264631296-780059706918961152,1784419284000,1784419579000,1,0.0,0.096,0.0
780059706918961152,1784462467000-632578958264631296-780059706918961152,1784462467000,1784462711000,1,0.0,0.113,0.0
780067386190462976,1784471600000-632578958264631296-780067386190462976,1784471600000,1784472262000,1,0.0,0.453,0.0
780067386190462976,1784477992000-632578958264631296-780067386190462976,1784477992000,1784478823000,1,0.0,0.533,0.0
780109531760820224,1784473081000-632578958264631296-780109531760820224,1784473081000,1784473240000,1,0.0,0.071,0.0
780451764301201408,1784426981000-632578958264631296-780451764301201408,1784426981000,1784427306000,1,0.0,0.219,0.0
787000328028422144,1784420143000-632578958264631296-787000328028422144,1784420143000,1784420659000,1,0.0,0.36,0.0
788799318415900672,1784436679000-632578958264631296-788799318415900672,1784436679000,1784436819000,1,0.0,0.195,0.0
789852612550721536,1784426137000-632578958264631296-789852612550721536,1784426137000,1784426795000,1,0.0,0.476,0.0
790193276584984576,1784464536000-632578958264631296-790193276584984576,1784464536000,1784464831000,1,0.0,0.272,0.0
790970454885007360,1784478073000-632578958264631296-790970454885007360,1784478073000,1784478218000,1,0.0,0.15,0.0
797458881650360320,1784427645000-632578958264631296-797458881650360320,1784427645000,1784428236000,1,0.0,0.429,0.0
800734942576246784,1784447421000-632578958264631296-800734942576246784,1784447421000,1784448172000,1,0.0,0.938,0.0
800734942576246784,1784448869000-632578958264631296-800734942576246784,1784448869000,1784449197000,1,0.0,0.258,0.0
800734942576246784,1784455466000-632578958264631296-800734942576246784,1784455466000,1784455622000,1,0.0,0.082,0.0
809467481230934016,1784456063000-632578958264631296-809467481230934016,1784456063000,1784456267000,1,0.0,0.124,0.0
809467481230934016,1784459558000-632578958264631296-809467481230934016,1784459558000,1784459703000,1,0.0,0.013,0.0
809467481230934016,1784466063000-632578958264631296-809467481230934016,1784466063000,1784466209000,1,0.0,0.02,0.0
847126508215468032,1784440343000-632578958264631296-847126508215468032,1784440343000,1784440477000,1,0.0,0.041,0.0
847126508215468032,1784463500000-632578958264631296-847126508215468032,1784463500000,1784464654000,1,0.0,0.588,0.0
857602255610707968,1784440995000-632578958264631296-857602255610707968,1784440995000,1784441421000,1,0.0,0.297,0.0
862677666426257408,1784432923000-632578958264631296-862677666426257408,1784432923000,1784433316000,1,0.0,0.472,0.0
862677666426257408,1784459253000-632578958264631296-862677666426257408,1784459253000,1784460060000,1,0.0,0.848,0.0
863411203819438080,1784458897000-632578958264631296-863411203819438080,1784458897000,1784459533000,1,0.0,0.484,0.0
869905949161160704,1784437899000-632578958264631296-869905949161160704,1784437899000,1784438058000,1,0.0,0.105,0.0
869918310366445568,1784419450000-632578958264631296-869918310366445568,1784419450000,1784419825000,1,0.0,0.377,0.0
869954569466019840,1784420955000-632578958264631296-869954569466019840,1784420955000,1784421619000,1,0.0,0.325,0.0
870286624469024768,1784430006000-632578958264631296-870286624469024768,1784430006000,1784430368000,1,0.0,0.338,0.0
870286624469024768,1784435817000-632578958264631296-870286624469024768,1784435817000,1784436169000,1,0.0,0.188,0.0
870309644059279360,1784481116000-632578958264631296-870309644059279360,1784481116000,1784482476000,1,0.0,1.547,0.0
870568761881526272,1784472159000-632578958264631296-870568761881526272,1784472159000,1784472449000,1,0.0,0.265,0.0
870568761881526272,1784503984000-632578958264631296-870568761881526272,1784503984000,1784504309000,1,0.0,0.37,0.0
871730443827806208,1784433321000-632578958264631296-871730443827806208,1784433321000,1784433945000,1,0.0,0.633,0.0
871730443827806208,1784473742000-632578958264631296-871730443827806208,1784473742000,1784474904000,1,0.0,1.395,0.0
873822835015942144,1784430389000-632578958264631296-873822835015942144,1784430389000,1784430717000,1,0.0,0.33,0.0
873822835015942144,1784487391000-632578958264631296-873822835015942144,1784487391000,1784487737000,1,0.0,0.407,0.0
873916972050415616,1784467853000-632578958264631296-873916972050415616,1784467853000,1784468187000,1,0.0,0.322,0.0
876044057397166080,1784470199000-632578958264631296-876044057397166080,1784470199000,1784470512000,1,0.0,0.423,0.0
877447467317067776,1784478667000-632578958264631296-877447467317067776,1784478667000,1784479617000,1,0.0,1.267,0.0
879404563604439040,1784420291000-632578958264631296-879404563604439040,1784420291000,1784420770000,1,0.0,0.18,0.0
893133531117518848,1784423907000-632578958264631296-893133531117518848,1784423907000,1784424465000,1,0.0,0.329,0.0
893133531117518848,1784424496000-632578958264631296-893133531117518848,1784424496000,1784424794000,1,0.0,0.187,0.0
893133531117518848,1784472682000-632578958264631296-893133531117518848,1784472682000,1784473060000,1,0.0,0.127,0.0
902974583798235136,1784423105000-632578958264631296-902974583798235136,1784423105000,1784423630000,1,0.0,0.331,0.0
902974583798235136,1784458806000-632578958264631296-902974583798235136,1784458806000,1784458949000,1,0.0,0.058,0.0
902974583798235136,1784467662000-632578958264631296-902974583798235136,1784467662000,1784467973000,1,0.0,0.169,0.0
902974583798235136,1784469006000-632578958264631296-902974583798235136,1784469006000,1784469247000,1,0.0,0.089,0.0
915980150607183872,1784425550000-632578958264631296-915980150607183872,1784425550000,1784425719000,1,0.0,0.085,0.0
925753337108758528,1784419797000-632578958264631296-925753337108758528,1784419797000,1784420030000,1,0.0,0.063,0.0
925753337108758528,1784478183000-632578958264631296-925753337108758528,1784478183000,1784478376000,1,0.0,0.039,0.0
926866983197081600,1784479034000-632578958264631296-926866983197081600,1784479034000,1784479332000,1,0.0,0.147,0.0
928334310946111488,1784423850000-632578958264631296-928334310946111488,1784423850000,1784424009000,1,0.0,0.106,0.0
929726540265029632,1784442608000-632578958264631296-929726540265029632,1784442608000,1784442969000,1,0.0,0.192,0.0
931938734016823296,1784427861000-632578958264631296-931938734016823296,1784427861000,1784428226000,1,0.0,0.359,0.0
931938734016823296,1784438475000-632578958264631296-931938734016823296,1784438475000,1784438919000,1,0.0,0.416,0.0
931939397496995840,1784482870000-632578958264631296-931939397496995840,1784482870000,1784483297000,1,0.0,0.134,0.0
931939397496995840,1784484482000-632578958264631296-931939397496995840,1784484482000,1784485055000,1,0.0,0.167,0.0
938442824968306688,1784422241000-632578958264631296-938442824968306688,1784422241000,1784422701000,1,0.0,0.215,0.0
938442824968306688,1784423435000-632578958264631296-938442824968306688,1784423435000,1784423610000,1,0.0,0.064,0.0
939141093658722304,1784477385000-632578958264631296-939141093658722304,1784477385000,1784477479000,1,0.0,0.087,0.0
939141093658722304,1784477480000-632578958264631296-939141093658722304,1784477480000,1784477624000,1,0.0,0.065,0.0
939545096838184960,1784429460000-632578958264631296-939545096838184960,1784429460000,1784429547000,1,0.0,0.113,0.0
939546232131420160,1784441252000-632578958264631296-939546232131420160,1784441252000,1784441421000,1,0.0,0.118,0.0
939546232131420160,1784471349000-632578958264631296-939546232131420160,1784471349000,1784471532000,1,0.0,0.269,0.0
939546232131420160,1784474682000-632578958264631296-939546232131420160,1784474682000,1784475337000,1,0.0,0.901,0.0
939547018001383424,1784437324000-632578958264631296-939547018001383424,1784437324000,1784437509000,1,0.0,0.21,0.0
940988876032311296,1784449232000-632578958264631296-940988876032311296,1784449232000,1784449768000,1,0.0,0.139,0.0
941659394423128064,1784438604000-632578958264631296-941659394423128064,1784438604000,1784438800000,1,0.0,0.1,0.0
942469061864849408,1784482047000-632578958264631296-942469061864849408,1784482047000,1784482523000,1,0.0,0.144,0.0
942469061864849408,1784484898000-632578958264631296-942469061864849408,1784484898000,1784485146000,1,0.0,0.081,0.0
942470042409238528,1784469065000-632578958264631296-942470042409238528,1784469065000,1784469200000,1,0.0,0.028,0.0
943818921138454528,1784441581000-632578958264631296-943818921138454528,1784441581000,1784442435000,1,0.0,0.37,0.0
943857890790211584,1784472429000-632578958264631296-943857890790211584,1784472429000,1784473082000,1,0.0,0.163,0.0
944590866851299328,1784422404000-632578958264631296-944590866851299328,1784422404000,1784422495000,1,0.0,0.046,0.0
946024601958219776,1784474810000-632578958264631296-946024601958219776,1784474810000,1784475123000,1,0.0,0.144,0.0
946024601958219776,1784479346000-632578958264631296-946024601958219776,1784479346000,1784479662000,1,0.0,0.122,0.0
946025929669345280,1784436860000-632578958264631296-946025929669345280,1784436860000,1784437017000,1,0.0,0.046,0.0
946030864989421568,1784473137000-632578958264631296-946030864989421568,1784473137000,1784473466000,1,0.0,0.093,0.0
946033560920260608,1784457457000-632578958264631296-946033560920260608,1784457457000,1784457567000,1,0.0,0.03,0.0
946033560920260608,1784457572000-632578958264631296-946033560920260608,1784457572000,1784457689000,1,0.0,0.116,0.0
946033560920260608,1784460008000-632578958264631296-946033560920260608,1784460008000,1784460147000,1,0.0,0.17,0.0
946036270407090176,1784461823000-632578958264631296-946036270407090176,1784461823000,1784462033000,1,0.0,0.029,0.0
947093103351693312,1784463122000-632578958264631296-947093103351693312,1784463122000,1784463431000,1,0.0,0.152,0.0
947104127047958528,1784427753000-632578958264631296-947104127047958528,1784427753000,1784427983000,1,0.0,0.001,0.0
947105297703370752,1784492958000-632578958264631296-947105297703370752,1784492958000,1784493184000,1,0.0,0.089,0.0
947581389623001088,1784441169000-632578958264631296-947581389623001088,1784441169000,1784441502000,1,0.0,0.117,0.0
947581389623001088,1784482776000-632578958264631296-947581389623001088,1784482776000,1784483570000,1,0.0,0.297,0.0
947583451614150656,1784479689000-632578958264631296-947583451614150656,1784479689000,1784480033000,1,0.0,0.147,0.0
951557397191589888,1784485921000-632578958264631296-951557397191589888,1784485921000,1784486386000,1,0.0,0.147,0.0
951882940915122176,1784442036000-632578958264631296-951882940915122176,1784442036000,1784442236000,1,0.0,0.066,0.0
964169792938311680,1784450478000-632578958264631296-964169792938311680,1784450478000,1784451246000,1,0.0,0.294,0.0
970285003134992384,1784478778000-632578958264631296-970285003134992384,1784478778000,1784479052000,1,0.0,0.113,0.0
996808469547843584,1784448553000-632578958264631296-996808469547843584,1784448553000,1784448780000,1,0.0,0.081,0.0
996808469547843584,1784448923000-632578958264631296-996808469547843584,1784448923000,1784449186000,1,0.0,0.1,0.0
996808469547843584,1784455671000-632578958264631296-996808469547843584,1784455671000,1784455919000,1,0.0,0.135,0.0
996809766619578368,1784430239000-632578958264631296-996809766619578368,1784430239000,1784430337000,1,0.0,0.016,0.0
997896292355014656,1784478416000-632578958264631296-997896292355014656,1784478416000,1784478591000,1,0.0,0.105,0.0
