vehicle_id_agg,trip_id,start_time_agg,end_time_agg,counts,total_distance,total_fuel_consumed,mean_mileage,account_id,start_time_trips,vehicle_id_trips,vehicle_plate,duration,end_time_trips,carbon_emission,distance,engine_hours,fuel_consumed,mileage,odo_distance_km,raw_fuel_consumed,id,load_estimation,driver_ids,vehicle_device_type,active_driver,adblue_consumed
1286352128566099968,1788269962000-632578958264631296-1286352128566099968,1788269962000,1788289927000,1,249.686,85.787,2.910534230128108,632578958264631296,1788269962000,1286352128566099968,NL01AG9587,19965000,1788289927000,226.47882197073778,249.686,5.5,85.7874325646734,2.9105195543853912,256.3999999999942,85.7874325646734,1788269962000-632578958264631296-1286352128566099968,"{'confidence': 58.9, 'count': 6, 'error_code': None, 'flags': {'alta-status': 'present', 'alta_partial': False, 'gps_dup_rows_count': 0}, 'load_class': 'HIGH', 'mean': 54848.27223375876, 'std': 11035.422743446201, 'timestamp': 1788289932272}",,,,
1094226778622263296,1788255592000-632578958264631296-1094226778622263296,1788255592000,1788274885000,1,227.727,77.612,2.9341725506364997,632578958264631296,1788255592000,1094226778622263296,RJ47GA6284,19293000,1788274885000,204.8958182200951,227.727,5.349999999999454,77.61205235609663,2.9341705712812716,242.0,77.61205235609663,1788255592000-632578958264631296-1094226778622263296,"{'confidence': 44.1, 'count': 5, 'error_code': None, 'flags': {'alta-status': 'present', 'alta_partial': False, 'gps_dup_rows_count': 0}, 'load_class': 'HIGH', 'mean': 45512.28315523651, 'std': 11379.780291468236, 'timestamp': 1788275090691}",,,,
862677844923252736,1788245209000-632578958264631296-862677844923252736,1788245209000,1788263281000,1,220.604,57.912,3.809296864207764,632578958264631296,1788245209000,862677844923252736,RJ47GA4377,18072000,1788263281000,152.88649225351682,220.604,5.0,57.911550096029096,3.8093264579206365,228.90000000002328,57.911550096029096,1788245209000-632578958264631296-862677844923252736,"{'confidence': 51.8, 'count': 4, 'error_code': None, 'flags': {'alta-status': 'present', 'alta_partial': False, 'gps_dup_rows_count': 2}, 'load_class': 'HIGH', 'mean': 32896.21135118628, 'std': 6347.294848459636, 'timestamp': 1788264537965}",['900758004234715136'],,900758004234715136,2.407012669232384
1045014601197944832,1788239716000-632578958264631296-1045014601197944832,1788239716000,1788259204000,1,218.115,94.035,2.3195086935715428,632578958264631296,1788239716000,1045014601197944832,RJ47GA5632,19488000,1788259204000,248.25248924764253,218.115,5.399999999999636,94.0350338059252,2.319507859700014,232.80000000001746,94.0350338059252,1788239716000-632578958264631296-1045014601197944832,"{'confidence': 50.7, 'count': 8, 'error_code': None, 'flags': {'alta-status': 'present', 'alta_partial': False, 'gps_dup_rows_count': 0}, 'load_class': 'HIGH', 'mean': 44951.35576808207, 'std': 12537.700556805008, 'timestamp': 1788259471125}",,,,
1135541524696662016,1788262596000-632578958264631296-1135541524696662016,1788262596000,1788280443000,1,214.61,80.804,2.655932874610168,632578958264631296,1788262596000,1135541524696662016,RJ47GA6226,17847000,1788280443000,213.32220305280225,214.61,4.899999999999636,80.80386479272812,2.65593731872233,226.69999999998254,80.80386479272812,1788262596000-632578958264631296-1135541524696662016,"{'confidence': 43.3, 'count': 6, 'error_code': None, 'flags': {'alta-status': 'present', 'alta_partial': False, 'gps_dup_rows_count': 0}, 'load_class': 'MEDIUM', 'mean': 40549.61684907381, 'std': 11265.936272832772, 'timestamp': 1788280447078}",,,,
866648789010612224,1788268243000-632578958264631296-866648789010612224,1788268243000,1788283901000,1,203.894,56.407,3.614693211835411,632578958264631296,1788268243000,866648789010612224,RJ47GA4406,15658000,1788283901000,148.913941149968,203.894,4.300000000001091,56.40679589013939,3.6147062917226114,212.79999999998836,56.40679589013939,1788268243000-632578958264631296-866648789010612224,"{'confidence': 89.1, 'count': 5, 'error_code': None, 'flags': {'alta-status': 'present', 'alta_partial': False, 'gps_dup_rows_count': 0}, 'load_class': 'LOW', 'mean': 23584.85032796668, 'std': 1149.2965370038094, 'timestamp': 1788284034806}",,,,3.780828715469688
1536014688339361792,1788234523000-632578958264631296-1536014688339361792,1788234523000,1788248921000,1,200.654,63.339,3.1679376055826585,632578958264631296,1788234523000,1536014688339361792,RJ47GA8902,14398000,1788248921000,167.21432413873308,200.654,3.9499999999999886,63.33875914345949,3.167949652211019,,63.33875914345949,1788234523000-632578958264631296-1536014688339361792,"{'confidence': 63, 'count': 7, 'error_code': None, 'flags': {'alta-status': 'present', 'alta_partial': False, 'gps_dup_rows_count': 0}, 'load_class': 'MEDIUM', 'mean': 35437.951705253785, 'std': 6929.01958436832, 'timestamp': 1788249262476}",,,,
786329294770012160,1788238231000-632578958264631296-786329294770012160,1788238231000,1788253229000,1,200.647,59.914,3.3489167807190303,632578958264631296,1788238231000,786329294770012160,RJ47GA3336,14998000,1788253229000,158.1727620530228,200.647,4.100000000000364,59.9139250200844,3.348920971756381,,59.9139250200844,1788238231000-632578958264631296-786329294770012160,"{'confidence': 50.7, 'count': 6, 'error_code': None, 'flags': {'alta-status': 'present', 'alta_partial': False, 'gps_dup_rows_count': 0}, 'load_class': 'HIGH', 'mean': 54474.86271629364, 'std': 13162.19898485222, 'timestamp': 1788253266882}",['900758004226326533'],,900758004226326533,
1525559056574447616,1788254309000-632578958264631296-1525559056574447616,1788254309000,1788269494000,1,195.198,65.69,2.9715025117978384,632578958264631296,1788254309000,1525559056574447616,NL01AK6560,15185000,1788269494000,173.42164601311984,195.198,4.149999999999864,65.69001742921206,2.971501723383564,206.875,65.69001742921206,1788254309000-632578958264631296-1525559056574447616,"{'confidence': 47.8, 'count': 5, 'error_code': None, 'flags': {'alta-status': 'present', 'alta_partial': False, 'gps_dup_rows_count': 0}, 'load_class': 'HIGH', 'mean': 58928.79321613463, 'std': 13762.58430989382, 'timestamp': 1788271010264}",,,,
940983317312831488,1788224457000-632578958264631296-940983317312831488,1788224457000,1788242590000,1,190.463,69.686,2.733160175645036,632578958264631296,1788224457000,940983317312831488,RJ47GA3400,18133000,1788242590000,183.97012969320647,190.463,5.0,69.68565518682063,2.733173699657222,192.5,69.68565518682063,1788224457000-632578958264631296-940983317312831488,"{'confidence': 69.6, 'count': 8, 'error_code': None, 'flags': {'alta-status': 'present', 'alta_partial': False, 'gps_dup_rows_count': 0}, 'load_class': 'HIGH', 'mean': 44788.358687103486, 'std': 7703.626212651448, 'timestamp': 1788242748556}",,,,
946033927888306176,1788254232000-632578958264631296-946033927888306176,1788254232000,1788270698000,1,190.141,84.425,2.2521883328397987,632578958264631296,1788254232000,946033927888306176,RJ47GA3780,16466000,1788270698000,222.8820044399843,190.141,4.549999999999272,84.42500168181223,2.252188287974441,195.0,84.42500168181223,1788254232000-632578958264631296-946033927888306176,"{'confidence': 52, 'count': 15, 'error_code': None, 'flags': {'alta-status': 'present', 'alta_partial': False, 'gps_dup_rows_count': 0}, 'load_class': 'HIGH', 'mean': 43797.125545916635, 'std': 16295.111668904317, 'timestamp': 1788271534942}",,,,
1050036509840769024,1788233711000-632578958264631296-1050036509840769024,1788233711000,1788249864000,1,188.041,67.622,2.780766614415427,632578958264631296,1788233711000,1050036509840769024,RJ47GA6390,16153000,1788249864000,178.5211547203595,188.041,4.450000000000728,67.62164951528769,2.780781027198816,199.20000000001164,67.62164951528769,1788233711000-632578958264631296-1050036509840769024,"{'confidence': 32.3, 'count': 5, 'error_code': None, 'flags': {'alta-status': 'present', 'alta_partial': False, 'gps_dup_rows_count': 0}, 'load_class': 'HIGH', 'mean': 46990.918111998544, 'std': 14233.35763726946, 'timestamp': 1788249898795}",,,,
1083726887294861312,1788233618000-632578958264631296-1083726887294861312,1788233618000,1788249639000,1,187.834,66.699,2.8161441700775125,632578958264631296,1788233618000,1083726887294861312,RJ47GA6339,16021000,1788249639000,176.08664420989382,187.834,4.400000000000546,66.6994864431416,2.816123631778189,201.0,66.6994864431416,1788233618000-632578958264631296-1083726887294861312,"{'confidence': 36.5, 'count': 11, 'error_code': None, 'flags': {'alta-status': 'present', 'alta_partial': False, 'gps_dup_rows_count': 0}, 'load_class': 'HIGH', 'mean': 48701.615879883815, 'std': 20502.928655320116, 'timestamp': 1788249877665}",,,,
1088472759995990016,1788244984000-632578958264631296-1088472759995990016,1788244984000,1788259907000,1,184.085,46.761,3.9367207715831567,632578958264631296,1788244984000,1088472759995990016,RJ47GA5727,14923000,1788259907000,123.44916457236438,184.085,4.100000000000364,46.761047186501656,3.9367167990442087,190.59999999997672,46.761047186501656,1788244984000-632578958264631296-1088472759995990016,"{'confidence': 79.9, 'count': 11, 'error_code': None, 'flags': {'alta-status': 'present', 'alta_partial': False, 'gps_dup_rows_count': 0}, 'load_class': 'HIGH', 'mean': 35291.03538558863, 'std': 4696.6122813977545, 'timestamp': 1788260287067}",,,,
926578486859005952,1788306527000-632578958264631296-926578486859005952,1788306527000,1788322450000,1,183.499,61.14,3.0012921164540396,632578958264631296,1788306527000,926578486859005952,RJ47GA4004,15923000,1788322450000,161.40961314668118,183.499,4.349999999999909,61.14000497980348,3.001291872001248,165.375,61.14000497980348,1788306527000-632578958264631296-926578486859005952,"{'confidence': 37.9, 'count': 7, 'error_code': None, 'flags': {'alta-status': 'present', 'alta_partial': False, 'gps_dup_rows_count': 0}, 'load_class': 'HIGH', 'mean': 44149.910049693855, 'std': 14505.172239059713, 'timestamp': 1788322575266}",,,,
1501933902321680384,1788239263000-632578958264631296-1501933902321680384,1788239263000,1788253958000,1,179.561,60.17,2.9842280206082767,632578958264631296,1788239263000,1501933902321680384,NL01AK3119,14695000,1788253958000,158.8484616730657,179.561,4.0499999999999545,60.169871845858225,2.9842343766327972,189.5,60.169871845858225,1788239263000-632578958264631296-1501933902321680384,"{'confidence': 57.1, 'count': 17, 'error_code': None, 'flags': {'alta-status': 'present', 'alta_partial': False, 'gps_dup_rows_count': 0}, 'load_class': 'HIGH', 'mean': 57219.28810649014, 'std': 20229.187924490514, 'timestamp': 1788253974941}",,,,
1050037048276156416,1788246452000-632578958264631296-1050037048276156416,1788246452000,1788260157000,1,178.418,48.159,3.7047696173093296,632578958264631296,1788246452000,1050037048276156416,RJ47GA6245,13705000,1788260157000,127.13967370270797,178.418,0.0,48.158967311631805,3.704772131957797,169.79999999998836,48.158967311631805,1788246452000-632578958264631296-1050037048276156416,"{'confidence': 42.5, 'count': 11, 'error_code': None, 'flags': {'alta-status': 'present', 'alta_partial': False, 'gps_dup_rows_count': 0}, 'load_class': 'HIGH', 'mean': 37872.36560132461, 'std': 14433.76654926393, 'timestamp': 1788260505976}",,,,
1501933902321680384,1788222660000-632578958264631296-1501933902321680384,1788222660000,1788237248000,1,177.92,63.248,2.813053377181887,632578958264631296,1788222660000,1501933902321680384,NL01AK3119,14588000,1788237248000,166.9735962500966,177.92,4.0499999999999545,63.24757433715779,2.813072309327639,188.125,63.247574337157786,1788222660000-632578958264631296-1501933902321680384,"{'confidence': 60.4, 'count': 10, 'error_code': None, 'flags': {'alta-status': 'present', 'alta_partial': False, 'gps_dup_rows_count': 0}, 'load_class': 'HIGH', 'mean': 61975.70541610718, 'std': 15518.865265210445, 'timestamp': 1788237315086}",,,,
1072871041421803520,1788224162000-632578958264631296-1072871041421803520,1788224162000,1788240074000,1,177.634,71.668,2.478567840598314,632578958264631296,1788224162000,1072871041421803520,RJ47GA5833,15912000,1788240074000,189.20462405229702,177.634,4.400000000000546,71.66841820162766,2.478553377587532,189.89999999999418,71.66841820162766,1788224162000-632578958264631296-1072871041421803520,"{'confidence': 80.5, 'count': 16, 'error_code': None, 'flags': {'alta-status': 'present', 'alta_partial': False, 'gps_dup_rows_count': 0}, 'load_class': 'HIGH', 'mean': 50400.56115552464, 'std': 7853.875238234143, 'timestamp': 1788240132517}",,,,
1428064485414797312,1788229629000-632578958264631296-1428064485414797312,1788229629000,1788249285000,1,175.496,74.343,2.3606257482210835,632578958264631296,1788229629000,1428064485414797312,NL01AJ9496,19656000,1788249285000,196.26648709521712,175.496,5.450000000000273,74.34336632394587,2.3606141163327043,182.125,74.34336632394587,1788229629000-632578958264631296-1428064485414797312,"{'confidence': 65.9, 'count': 24, 'error_code': None, 'flags': {'alta-status': 'present', 'alta_partial': False, 'gps_dup_rows_count': 2}, 'load_class': 'HIGH', 'mean': 75158.1765241871, 'std': 25088.763490062578, 'timestamp': 1788249636428}",,,,
1152270574152581120,1788259427000-632578958264631296-1152270574152581120,1788259427000,1788276832000,1,175.495,61.475,2.8547376982513217,632578958264631296,1788259427000,1152270574152581120,RJ47GA5213,17405000,1788276832000,162.29324826317725,175.495,4.849999999999454,61.4747152512035,2.854750921299539,182.0,61.4747152512035,1788259427000-632578958264631296-1152270574152581120,"{'confidence': 48.6, 'count': 7, 'error_code': None, 'flags': {'alta-status': 'present', 'alta_partial': False, 'gps_dup_rows_count': 0}, 'load_class': 'HIGH', 'mean': 44662.06270239663, 'std': 12158.994906060494, 'timestamp': 1788276856030}",,,,
870286624469024768,1788261639000-632578958264631296-870286624469024768,1788261639000,1788276240000,1,171.728,48.02,3.576176593086214,632578958264631296,1788261639000,870286624469024768,RJ47GA4517,14601000,1788276240000,126.7723893098626,171.728,3.9000000000000057,48.01984443555401,3.57618817842009,,48.01984443555401,1788261639000-632578958264631296-870286624469024768,"{'confidence': 34.6, 'count': 8, 'error_code': None, 'flags': {'alta-status': 'present', 'alta_partial': False, 'gps_dup_rows_count': 0}, 'load_class': 'HIGH', 'mean': 37935.14768926321, 'std': 14025.194477253437, 'timestamp': 1788276250789}",,,,3.7695793092162333
1289307004661137408,1788276160000-632578958264631296-1289307004661137408,1788276160000,1788290250000,1,170.989,36.47,4.68848368522073,632578958264631296,1788276160000,1289307004661137408,NL01AG9584,14090000,1788290250000,96.28169655615126,170.989,3.8499999999994543,36.47033960460275,4.688440026986211,173.69999999998254,31.078285662833366,1788276160000-632578958264631296-1289307004661137408,"{'confidence': 78.2, 'count': 24, 'error_code': None, 'flags': {'alta-status': 'present', 'alta_partial': False, 'gps_dup_rows_count': 0}, 'load_class': 'LOW', 'mean': 16913.06758256028, 'std': 3619.8306850182043, 'timestamp': 1788290260577}",,,,
1536427445069021184,1788267839000-632578958264631296-1536427445069021184,1788267839000,1788282130000,1,169.849,52.691,3.2234916778956553,632578958264631296,1788267839000,1536427445069021184,NL01AK8053,14291000,1788282130000,139.1041104638508,169.849,3.8999999999999773,52.69095093327681,3.223494679666758,174.875,52.69095093327681,1788267839000-632578958264631296-1536427445069021184,"{'confidence': 71.2, 'count': 7, 'error_code': None, 'flags': {'alta-status': 'present', 'alta_partial': False, 'gps_dup_rows_count': 0}, 'load_class': 'HIGH', 'mean': 65415.434789125495, 'std': 9955.548052459815, 'timestamp': 1788282142601}",,,,
961239466377216000,1788254554000-632578958264631296-961239466377216000,1788254554000,1788268875000,1,168.286,41.469,4.058115700884998,632578958264631296,1788254554000,961239466377216000,RJ47GA2691,14321000,1788268875000,109.47698572320274,168.286,3.9499999999989086,41.468555198182855,4.058159229221815,,41.468555198182855,1788254554000-632578958264631296-961239466377216000,"{'confidence': 33.1, 'count': 8, 'error_code': None, 'flags': {'alta-status': 'present', 'alta_partial': False, 'gps_dup_rows_count': 0}, 'load_class': 'HIGH', 'mean': 36553.23163431742, 'std': 13827.763106613473, 'timestamp': 1788270642692}",,,,
1545824860603678720,1788259921000-632578958264631296-1545824860603678720,1788259921000,1788273929000,1,167.492,44.254,3.784787815790663,632578958264631296,1788259921000,1545824860603678720,NL01AK8994,14008000,1788273929000,116.83030719308756,167.492,3.8999999999999773,44.25390423980589,3.784796005622094,174.22499999999854,44.25390423980589,1788259921000-632578958264631296-1545824860603678720,"{'confidence': 80.7, 'count': 36, 'error_code': None, 'flags': {'alta-status': 'present', 'alta_partial': False, 'gps_dup_rows_count': 0}, 'load_class': 'HIGH', 'mean': 34039.26187333428, 'std': 7885.187694037447, 'timestamp': 1788274135139}",,,,
1072871041421803520,1788253941000-632578958264631296-1072871041421803520,1788253941000,1788268782000,1,167.064,59.584,2.8038399570354455,632578958264631296,1788253941000,1072871041421803520,RJ47GA5833,14841000,1788268782000,157.30219181430417,167.064,4.100000000000364,59.5841635660243,2.803832260142058,178.60000000000582,59.5841635660243,1788253941000-632578958264631296-1072871041421803520,"{'confidence': 72.3, 'count': 21, 'error_code': None, 'flags': {'alta-status': 'present', 'alta_partial': False, 'gps_dup_rows_count': 0}, 'load_class': 'HIGH', 'mean': 60309.70022633877, 'std': 15286.766640249723, 'timestamp': 1788270365243}",,,,
951558414842986496,1788250331000-632578958264631296-951558414842986496,1788250331000,1788264966000,1,166.007,57.667,2.8787174640609012,632578958264631296,1788250331000,951558414842986496,RJ47GA3895,14635000,1788264966000,152.23982877359853,166.007,4.049999999999272,57.666601808181255,2.8787373418013393,168.0,57.66660180818125,1788250331000-632578958264631296-951558414842986496,"{'confidence': 41.2, 'count': 10, 'error_code': None, 'flags': {'alta-status': 'present', 'alta_partial': False, 'gps_dup_rows_count': 0}, 'load_class': 'HIGH', 'mean': 48861.81666247454, 'std': 18173.63641969191, 'timestamp': 1788268706236}",,,,
1105914860262129664,1788261037000-632578958264631296-1105914860262129664,1788261037000,1788275986000,1,164.85,52.372,3.1476743297945466,632578958264631296,1788261037000,1105914860262129664,RJ47GA3915,14949000,1788275986000,138.26210902564318,164.85,4.100000000000364,52.37201099456181,3.147673668996931,,52.37201099456181,1788261037000-632578958264631296-1105914860262129664,"{'confidence': 67.6, 'count': 19, 'error_code': None, 'flags': {'alta-status': 'present', 'alta_partial': False, 'gps_dup_rows_count': 0}, 'load_class': 'HIGH', 'mean': 39541.937035359515, 'std': 11152.594139680758, 'timestamp': 1788276184613}",,,,
1060872975626010624,1788260795000-632578958264631296-1060872975626010624,1788260795000,1788276266000,1,163.806,52.501,3.1200548560979793,632578958264631296,1788260795000,1060872975626010624,RJ47GA3504,15471000,1788276266000,138.60164942336368,163.806,4.25,52.500624781577145,3.120077154919511,168.125,52.500624781577145,1788260795000-632578958264631296-1060872975626010624,"{'confidence': 70, 'count': 8, 'error_code': None, 'flags': {'alta-status': 'present', 'alta_partial': False, 'gps_dup_rows_count': 0}, 'load_class': 'HIGH', 'mean': 59255.95082119389, 'std': 10068.40721927876, 'timestamp': 1788277080585}",,,,
873897783357079552,1788264787000-632578958264631296-873897783357079552,1788264787000,1788279440000,1,163.733,57.441,2.85045524973451,632578958264631296,1788264787000,873897783357079552,RJ14GN1588,14653000,1788279440000,151.64505676228217,163.733,4.0,57.44130937965233,2.8504398971448204,170.79999999998836,57.44130937965233,1788264787000-632578958264631296-873897783357079552,"{'confidence': 59.9, 'count': 7, 'error_code': None, 'flags': {'alta-status': 'present', 'alta_partial': False, 'gps_dup_rows_count': 0}, 'load_class': 'HIGH', 'mean': 37326.64563127217, 'std': 7929.206068232947, 'timestamp': 1788279446541}",,,,3.355090735463661
1071858322266652672,1788266923000-632578958264631296-1071858322266652672,1788266923000,1788279842000,1,162.949,27.669,5.889226209837725,632578958264631296,1788266923000,1071858322266652672,RJ47GA5753,12919000,1788279842000,73.04721859233725,162.949,3.550000000000182,27.669400981945923,5.889140863812809,168.79999999998836,27.669400981945927,1788266923000-632578958264631296-1071858322266652672,"{'confidence': 72.6, 'count': 10, 'error_code': None, 'flags': {'alta-status': 'present', 'alta_partial': False, 'gps_dup_rows_count': 0}, 'load_class': 'LOW', 'mean': 18885.634455985528, 'std': 3269.9437551499605, 'timestamp': 1788279901768}",,,,
1132635709874634752,1788234317000-632578958264631296-1132635709874634752,1788234317000,1788247236000,1,162.261,47.828,3.392594296228151,632578958264631296,1788234317000,1132635709874634752,RJ47GA5218,12919000,1788247236000,126.26490768107033,162.261,3.5499999999992724,47.82761654585997,3.3926214960851016,168.89999999999418,47.82761654585997,1788234317000-632578958264631296-1132635709874634752,"{'confidence': 49.3, 'count': 10, 'error_code': None, 'flags': {'alta-status': 'present', 'alta_partial': False, 'gps_dup_rows_count': 0}, 'load_class': 'HIGH', 'mean': 40992.084454986834, 'std': 13152.487398694138, 'timestamp': 1788247248419}",,,,
1060872975626010624,1788230634000-632578958264631296-1060872975626010624,1788230634000,1788244671000,1,162.135,48.225,3.3620528771384133,632578958264631296,1788230634000,1060872975626010624,RJ47GA3504,14037000,1788244671000,127.31458006745184,162.135,3.899999999999636,48.22521972251963,3.3620375590385985,166.375,48.22521972251963,1788230634000-632578958264631296-1060872975626010624,"{'confidence': 65.3, 'count': 18, 'error_code': None, 'flags': {'alta-status': 'present', 'alta_partial': False, 'gps_dup_rows_count': 0}, 'load_class': 'HIGH', 'mean': 59289.45868974967, 'std': 17464.607454652993, 'timestamp': 1788245029864}",,,,
1536014550107684864,1788263155000-632578958264631296-1536014550107684864,1788263155000,1788276418000,1,161.652,50.911,3.1751880733043936,632578958264631296,1788263155000,1536014550107684864,NL01AK9195,13263000,1788276418000,134.40626289141883,161.652,3.6499999999999773,50.91146321644652,3.175159183949356,166.46999999999753,50.91146321644652,1788263155000-632578958264631296-1536014550107684864,"{'confidence': 66.1, 'count': 17, 'error_code': None, 'flags': {'alta-status': 'present', 'alta_partial': False, 'gps_dup_rows_count': 0}, 'load_class': 'HIGH', 'mean': 54793.904314675, 'std': 15296.499196063416, 'timestamp': 1788276425310}",,,,
1081223436249858048,1788230433000-632578958264631296-1081223436249858048,1788230433000,1788242871000,1,161.522,43.238,3.7356491974651926,632578958264631296,1788230433000,1081223436249858048,RJ47GA5875,12438000,1788242871000,114.14962559949063,161.522,3.4500000000007276,43.2384945452616,3.735606470547222,168.20000000001164,43.2384945452616,1788230433000-632578958264631296-1081223436249858048,"{'confidence': 63.8, 'count': 14, 'error_code': None, 'flags': {'alta-status': 'present', 'alta_partial': False, 'gps_dup_rows_count': 0}, 'load_class': 'HIGH', 'mean': 34573.242207868854, 'std': 9367.018045692594, 'timestamp': 1788242907058}",,,,
1079787761596104704,1788230463000-632578958264631296-1079787761596104704,1788230463000,1788242898000,1,161.493,44.497,3.629300851742814,632578958264631296,1788230463000,1079787761596104704,RJ47GA5703,12435000,1788242898000,117.4710660281161,161.493,3.350000000000364,44.49661591974095,3.6293321786826835,166.39999999996508,44.49661591974095,1788230463000-632578958264631296-1079787761596104704,"{'confidence': 54.2, 'count': 11, 'error_code': None, 'flags': {'alta-status': 'present', 'alta_partial': False, 'gps_dup_rows_count': 0}, 'load_class': 'HIGH', 'mean': 31775.340092381528, 'std': 9648.119579151558, 'timestamp': 1788242933516}",,,,
1536014730089463808,1788231247000-632578958264631296-1536014730089463808,1788231247000,1788248675000,1,160.913,62.05,2.593279613215149,632578958264631296,1788231247000,1536014730089463808,RJ47GA8943,17428000,1788248675000,163.81199999999808,160.913,4.699999999999989,62.049999999999265,2.59327961321518,,62.04999999999927,1788231247000-632578958264631296-1536014730089463808,"{'confidence': 71.8, 'count': 32, 'error_code': None, 'flags': {'alta-status': 'present', 'alta_partial': False, 'gps_dup_rows_count': 0}, 'load_class': 'HIGH', 'mean': 62486.111634317844, 'std': 19930.85533476038, 'timestamp': 1788248835633}",,,,
1462138758710165504,1788305564000-632578958264631296-1462138758710165504,1788305564000,1788320064000,1,158.903,46.258,3.4351463530632533,632578958264631296,1788305564000,1462138758710165504,RJ14GQ0822,14500000,1788320064000,122.1221370366618,158.903,4.0,46.25838524115977,3.4351177450658468,166.19999999998254,46.25838524115977,1788305564000-632578958264631296-1462138758710165504,"{'confidence': 45.4, 'count': 5, 'error_code': None, 'flags': {'alta-status': 'present', 'alta_partial': False, 'gps_dup_rows_count': 0}, 'load_class': 'MEDIUM', 'mean': 28331.827663346525, 'std': 6918.947059165866, 'timestamp': 1788320494568}",,,,
1067776270814674944,1788238644000-632578958264631296-1067776270814674944,1788238644000,1788254137000,1,158.726,63.186,2.512043807172475,632578958264631296,1788238644000,1067776270814674944,RJ47GA6416,15493000,1788254137000,166.8113657752233,158.726,0.0,63.18612339970579,2.512038901261967,163.70000000001164,63.1861233997058,1788238644000-632578958264631296-1067776270814674944,"{'confidence': 51.6, 'count': 5, 'error_code': None, 'flags': {'alta-status': 'present', 'alta_partial': False, 'gps_dup_rows_count': 0}, 'load_class': 'MEDIUM', 'mean': 30104.328836417, 'std': 6512.712658427916, 'timestamp': 1788254689848}",,,,
1131239476161413120,1788229608000-632578958264631296-1131239476161413120,1788229608000,1788245146000,1,158.713,62.058,2.5574946018241,632578958264631296,1788229608000,1131239476161413120,RJ47GA6182,15538000,1788245146000,163.8337246137761,158.713,4.300000000000182,62.05822902036973,2.557485163617942,170.19999999998254,62.05822902036972,1788229608000-632578958264631296-1131239476161413120,"{'confidence': 75, 'count': 10, 'error_code': None, 'flags': {'alta-status': 'present', 'alta_partial': False, 'gps_dup_rows_count': 0}, 'load_class': 'HIGH', 'mean': 62128.17828515502, 'std': 9820.08016255785, 'timestamp': 1788245166305}",,,,
1536014688339361792,1788250989000-632578958264631296-1536014688339361792,1788250989000,1788262657000,1,157.681,54.02,2.9189374305812663,632578958264631296,1788250989000,1536014688339361792,RJ47GA8902,11668000,1788262657000,142.61280000000116,157.681,3.1999999999999886,54.02000000000044,2.9189374305812428,,54.02000000000044,1788250989000-632578958264631296-1536014688339361792,"{'confidence': 42.5, 'count': 6, 'error_code': None, 'flags': {'alta-status': 'present', 'alta_partial': False, 'gps_dup_rows_count': 0}, 'load_class': 'HIGH', 'mean': 73933.90204327898, 'std': 20830.316830447788, 'timestamp': 1788263462675}",,,,
786329294770012160,1788259622000-632578958264631296-786329294770012160,1788259622000,1788272253000,1,157.168,53.495,2.9379942050658943,632578958264631296,1788259622000,786329294770012160,RJ47GA3336,12631000,1788272253000,141.22551075690762,157.168,3.4500000000007276,53.494511650343796,2.9380210259193933,,53.49451165034379,1788259622000-632578958264631296-786329294770012160,"{'confidence': 46.3, 'count': 8, 'error_code': None, 'flags': {'alta-status': 'present', 'alta_partial': False, 'gps_dup_rows_count': 0}, 'load_class': 'HIGH', 'mean': 51810.137860225965, 'std': 15729.996801300897, 'timestamp': 1788273087696}",['900758004226326533'],,900758004226326533,
1462138758710165504,1788252118000-632578958264631296-1462138758710165504,1788252118000,1788266071000,1,156.887,49.096,3.1955149095649342,632578958264631296,1788252118000,1462138758710165504,RJ14GQ0822,13953000,1788266071000,129.61436390406772,156.887,3.850000000000364,49.096349963662014,3.1954921316170704,164.0,49.096349963662014,1788252118000-632578958264631296-1462138758710165504,"{'confidence': 43.5, 'count': 11, 'error_code': None, 'flags': {'alta-status': 'present', 'alta_partial': False, 'gps_dup_rows_count': 2}, 'load_class': 'HIGH', 'mean': 43128.39850115225, 'std': 16173.969337927914, 'timestamp': 1788269091088}",,,,
1067763722711203840,1788240904000-632578958264631296-1067763722711203840,1788240904000,1788254908000,1,154.56,56.836,2.7194031951579984,632578958264631296,1788240904000,1067763722711203840,RJ47GA6235,14004000,1788254908000,150.046792844522,154.56,3.9000000000005457,56.83590638050075,2.719407674529959,165.29999999998836,56.83590638050075,1788240904000-632578958264631296-1067763722711203840,"{'confidence': 68.7, 'count': 18, 'error_code': None, 'flags': {'alta-status': 'present', 'alta_partial': False, 'gps_dup_rows_count': 0}, 'load_class': 'HIGH', 'mean': 47955.76746789874, 'std': 12717.938750900217, 'timestamp': 1788254928133}",,,,
877447567619653632,1788250320000-632578958264631296-877447567619653632,1788250320000,1788265215000,1,154.503,52.451,2.9456635717145523,632578958264631296,1788250320000,877447567619653632,RJ14GN1570,14895000,1788265215000,138.4710261876542,154.503,4.100000000000364,52.45114628320234,2.9456553564298384,160.79999999998836,52.45114628320234,1788250320000-632578958264631296-877447567619653632,"{'confidence': 62.8, 'count': 11, 'error_code': None, 'flags': {'alta-status': 'present', 'alta_partial': False, 'gps_dup_rows_count': 0}, 'load_class': 'HIGH', 'mean': 39790.20813883141, 'std': 9831.527259376535, 'timestamp': 1788268461772}",,,,2.7853470268322837
792451146961649664,1788259506000-632578958264631296-792451146961649664,1788259506000,1788271122000,1,154.43,33.472,4.613706978967495,632578958264631296,1788259506000,792451146961649664,RJ47GA2227,11616000,1788271122000,88.36690911939345,154.43,3.100000000000364,33.472314060376306,4.61366368998104,,33.472314060376306,1788259506000-632578958264631296-792451146961649664,"{'confidence': None, 'count': None, 'error_code': 'RANSAC_NO_VALID_MODEL', 'flags': {'alta-status': 'present', 'alta_partial': False, 'gps_dup_rows_count': 0}, 'load_class': None, 'mean': None, 'std': None, 'timestamp': 1788271635831}",['900758004180189185'],,900758004180189185,
1501933614227521536,1788245326000-632578958264631296-1501933614227521536,1788245326000,1788259549000,1,153.676,57.491,2.6730444765267607,632578958264631296,1788245326000,1501933614227521536,NL01AK3126,14223000,1788259549000,151.77735299916986,153.676,3.9500000000000455,57.49142159059464,2.673024874812641,154.625,57.49142159059464,1788245326000-632578958264631296-1501933614227521536,"{'confidence': 0, 'count': 3, 'error_code': None, 'flags': {'alta-status': 'present', 'alta_partial': False, 'gps_dup_rows_count': 0}, 'load_class': 'HIGH', 'mean': 44791.032878919694, 'std': 19049.24985638896, 'timestamp': 1788259884192}",,,,
1073664045493518336,1788251278000-632578958264631296-1073664045493518336,1788251278000,1788269873000,1,153.11,60.328,2.5379591566105293,632578958264631296,1788251278000,1073664045493518336,RJ47GA5839,18595000,1788269873000,159.26592000002276,153.11,5.149999999999636,60.328000000008615,2.537959156610167,158.6149999999907,60.328000000008615,1788251278000-632578958264631296-1073664045493518336,"{'confidence': 49.6, 'count': 6, 'error_code': None, 'flags': {'alta-status': 'present', 'alta_partial': False, 'gps_dup_rows_count': 0}, 'load_class': 'HIGH', 'mean': 66034.45657213288, 'std': 16319.364471093944, 'timestamp': 1788271073103}",,,,
1135630948969218048,1788255442000-632578958264631296-1135630948969218048,1788255442000,1788272134000,1,153.068,58.655,2.609632597391527,632578958264631296,1788255442000,1135630948969218048,RJ47GA6252,16692000,1788272134000,154.85042084134759,153.068,4.604950277777232,58.65546243990439,2.6096120230375175,161.70000000001164,58.63390331130379,1788255442000-632578958264631296-1135630948969218048,"{'confidence': 67.7, 'count': 3, 'error_code': None, 'flags': {'alta-status': 'present', 'alta_partial': False, 'gps_dup_rows_count': 0}, 'load_class': 'HIGH', 'mean': 53150.338296322225, 'std': 5947.10152732183, 'timestamp': 1788272168302}",,,,
1094956363722784768,1788245105000-632578958264631296-1094956363722784768,1788245105000,1788258487000,1,151.925,46.974,3.2342359603184745,632578958264631296,1788245105000,1094956363722784768,RJ47GA5978,13382000,1788258487000,124.01102805802302,151.925,3.699999999999818,46.97387426440265,3.2342446174411155,159.24499999999534,46.97387426440265,1788245105000-632578958264631296-1094956363722784768,"{'confidence': 66, 'count': 7, 'error_code': None, 'flags': {'alta-status': 'present', 'alta_partial': False, 'gps_dup_rows_count': 0}, 'load_class': 'HIGH', 'mean': 55833.17745565567, 'std': 10042.006821645144, 'timestamp': 1788258721647}",,,,
1083728870357598208,1788226918000-632578958264631296-1083728870357598208,1788226918000,1788243023000,1,151.591,64.989,2.332563972364554,632578958264631296,1788226918000,1083728870357598208,RJ47GA6364,16105000,1788243023000,171.57118526814472,151.591,4.450000000000728,64.98908532884269,2.332560909773609,161.90000000002328,64.98908532884269,1788226918000-632578958264631296-1083728870357598208,"{'confidence': 38, 'count': 6, 'error_code': None, 'flags': {'alta-status': 'present', 'alta_partial': False, 'gps_dup_rows_count': 0}, 'load_class': 'MEDIUM', 'mean': 40829.721678487935, 'std': 12391.765440181243, 'timestamp': 1788243030486}",,,,
1083726517403385856,1788305469000-632578958264631296-1083726517403385856,1788305469000,1788318932000,1,151.547,56.62,2.6765630519251147,632578958264631296,1788305469000,1083726517403385856,RJ47GA6316,13463000,1788318932000,149.4772726375913,151.547,3.6958333333340607,56.62017902939064,2.676554588803655,161.19999999998254,56.62045264403843,1788305469000-632578958264631296-1083726517403385856,"{'confidence': 83.3, 'count': 17, 'error_code': None, 'flags': {'alta-status': 'present', 'alta_partial': False, 'gps_dup_rows_count': 6}, 'load_class': 'HIGH', 'mean': 57174.68969774603, 'std': 7886.033032050967, 'timestamp': 1788318938614}",,,,
1537822792169291776,1788250535000-632578958264631296-1537822792169291776,1788250535000,1788263054000,1,151.078,50.798,2.9740934682467812,632578958264631296,1788250535000,1537822792169291776,NL01AK8056,12519000,1788263054000,134.10661809465498,151.078,3.4500000000000455,50.79796139949052,2.974095728209976,155.18499999999767,50.79796139949052,1788250535000-632578958264631296-1537822792169291776,"{'confidence': 70.4, 'count': 6, 'error_code': None, 'flags': {'alta-status': 'present', 'alta_partial': False, 'gps_dup_rows_count': 0}, 'load_class': 'HIGH', 'mean': 54254.78859923432, 'std': 7855.91019948998, 'timestamp': 1788263990536}",,,,
1081223436249858048,1788255945000-632578958264631296-1081223436249858048,1788255945000,1788268329000,1,150.46,41.57,3.619437094058215,632578958264631296,1788255945000,1081223436249858048,RJ47GA5875,12384000,1788268329000,109.74598308970114,150.46,3.399999999999636,41.57044814003831,3.6193980756027844,156.79999999998836,41.57044814003831,1788255945000-632578958264631296-1081223436249858048,"{'confidence': 69.3, 'count': 16, 'error_code': None, 'flags': {'alta-status': 'present', 'alta_partial': False, 'gps_dup_rows_count': 0}, 'load_class': 'MEDIUM', 'mean': 30703.648888232972, 'std': 7531.241966312484, 'timestamp': 1788270983543}",,,,
1079787761596104704,1788255972000-632578958264631296-1079787761596104704,1788255972000,1788268221000,1,150.394,43.457,3.460754308857031,632578958264631296,1788255972000,1079787761596104704,RJ47GA5703,12249000,1788268221000,114.7264039029657,150.394,3.350000000000364,43.456971175365794,3.4607566043455185,155.59999999997672,43.456971175365794,1788255972000-632578958264631296-1079787761596104704,"{'confidence': 75, 'count': 11, 'error_code': None, 'flags': {'alta-status': 'present', 'alta_partial': False, 'gps_dup_rows_count': 0}, 'load_class': 'MEDIUM', 'mean': 24670.85349125941, 'std': 4092.227497746791, 'timestamp': 1788270520617}",,,,
1083727333329731584,1788257002000-632578958264631296-1083727333329731584,1788257002000,1788272136000,1,150.306,56.011,2.6835085965256824,632578958264631296,1788257002000,1083727333329731584,RJ47GA6318,15134000,1788272136000,147.86820457297992,150.306,4.149999999999636,56.010683550371176,2.6835237578350166,160.60000000000582,56.010683550371176,1788257002000-632578958264631296-1083727333329731584,"{'confidence': 75.4, 'count': 12, 'error_code': None, 'flags': {'alta-status': 'present', 'alta_partial': False, 'gps_dup_rows_count': 0}, 'load_class': 'HIGH', 'mean': 52367.43509963117, 'std': 8908.590321167232, 'timestamp': 1788272169689}",,,,
952249131684855808,1788231968000-632578958264631296-952249131684855808,1788231968000,1788244885000,1,149.416,45.005,3.3199866681479833,632578958264631296,1788231968000,952249131684855808,RJ47GA1379,12917000,1788244885000,118.81392834393063,149.416,0.0,45.005275887852505,3.3199663162231445,,0.001,1788231968000-632578958264631296-952249131684855808,"{'confidence': None, 'count': None, 'error_code': 'OBD_PREPROCESS_EMPTY', 'flags': {'alta-status': 'present', 'alta_partial': False, 'gps_dup_rows_count': 0}, 'load_class': None, 'mean': None, 'std': None, 'timestamp': 1788246040532}",,,,
866648789010612224,1788252348000-632578958264631296-866648789010612224,1788252348000,1788265970000,1,149.395,50.696,2.946879438219978,632578958264631296,1788252348000,866648789010612224,RJ47GA4406,13622000,1788265970000,133.83832075469778,149.395,3.6999999999989086,50.6963336192037,2.9468600455834424,155.5,50.6963336192037,1788252348000-632578958264631296-866648789010612224,"{'confidence': 75, 'count': 11, 'error_code': None, 'flags': {'alta-status': 'present', 'alta_partial': False, 'gps_dup_rows_count': 0}, 'load_class': 'MEDIUM', 'mean': 30052.490862237704, 'std': 4975.62366017487, 'timestamp': 1788269141163}",,,,1.979752639379003
1294723291725955072,1788222665000-632578958264631296-1294723291725955072,1788222665000,1788237188000,1,148.397,60.879,2.4375728904876888,632578958264631296,1788222665000,1294723291725955072,NL01AH7658,14523000,1788237188000,160.7192876077972,148.397,4.0,60.87851803325652,2.437592188412572,153.0,60.87851803325652,1788222665000-632578958264631296-1294723291725955072,"{'confidence': 32.1, 'count': 9, 'error_code': None, 'flags': {'alta-status': 'present', 'alta_partial': False, 'gps_dup_rows_count': 0}, 'load_class': 'HIGH', 'mean': 53745.44504513483, 'std': 21887.201691869275, 'timestamp': 1788237228412}",,,,
1073278104413143040,1788226824000-632578958264631296-1073278104413143040,1788226824000,1788239951000,1,147.729,48.834,3.0251259368472785,632578958264631296,1788226824000,1073278104413143040,RJ47GA3367,13127000,1788239951000,128.92220858554856,147.729,3.649999999999636,48.83416991876839,3.0251154109045983,,48.83416991876839,1788226824000-632578958264631296-1073278104413143040,"{'confidence': 60.4, 'count': 8, 'error_code': None, 'flags': {'alta-status': 'present', 'alta_partial': False, 'gps_dup_rows_count': 0}, 'load_class': 'LOW', 'mean': 27354.662154765225, 'std': 6120.535643743388, 'timestamp': 1788239967164}",,,,
1363836271826305024,1788230779000-632578958264631296-1363836271826305024,1788230779000,1788244429000,1,147.244,55.333,2.6610521750131024,632578958264631296,1788230779000,1363836271826305024,NL01AJ4205,13650000,1788244429000,146.0779119492924,147.244,3.75,55.33254240503499,2.6610741816664025,152.125,55.33254240503499,1788230779000-632578958264631296-1363836271826305024,"{'confidence': 0, 'count': 5, 'error_code': None, 'flags': {'alta-status': 'present', 'alta_partial': False, 'gps_dup_rows_count': 0}, 'load_class': 'HIGH', 'mean': 83600.66427390605, 'std': 41868.79428950114, 'timestamp': 1788244436300}",,,,
1067763772824748032,1788239283000-632578958264631296-1067763772824748032,1788239283000,1788254546000,1,147.085,85.911,1.7120624832675677,632578958264631296,1788239283000,1067763772824748032,RJ47GA6232,15263000,1788254546000,226.80584382480401,147.085,4.199999999999818,85.91130447909242,1.7120564155302165,155.20000000001164,85.91130447909242,1788239283000-632578958264631296-1067763772824748032,"{'confidence': 68.8, 'count': 25, 'error_code': None, 'flags': {'alta-status': 'present', 'alta_partial': False, 'gps_dup_rows_count': 0}, 'load_class': 'HIGH', 'mean': 70334.97220748033, 'std': 21938.10704802387, 'timestamp': 1788254556266}",,,,
1060872975626010624,1788304581000-632578958264631296-1060872975626010624,1788304581000,1788318503000,1,146.908,57.306,2.563571004781349,632578958264631296,1788304581000,1060872975626010624,RJ47GA3504,13922000,1788318503000,151.28841742689778,146.908,3.850000000000364,57.306218722309765,2.5635612203254223,151.25,57.306218722309765,1788304581000-632578958264631296-1060872975626010624,"{'confidence': 65.4, 'count': 17, 'error_code': None, 'flags': {'alta-status': 'present', 'alta_partial': False, 'gps_dup_rows_count': 0}, 'load_class': 'HIGH', 'mean': 86081.82612967164, 'std': 24551.67989437225, 'timestamp': 1788318514568}",,,,
1120316721542987776,1788243003000-632578958264631296-1120316721542987776,1788243003000,1788257537000,1,145.911,48.901,2.9838040121878895,632578958264631296,1788243003000,1120316721542987776,RJ47GA6411,14534000,1788257537000,129.09960300348305,145.911,4.0,48.90136477404661,2.9837817548486756,152.29999999998836,48.90136477404661,1788243003000-632578958264631296-1120316721542987776,"{'confidence': 25.1, 'count': 6, 'error_code': None, 'flags': {'alta-status': 'present', 'alta_partial': False, 'gps_dup_rows_count': 0}, 'load_class': 'HIGH', 'mean': 46888.815885065145, 'std': 17198.96587546837, 'timestamp': 1788257548479}",,,,
940983317312831488,1788252671000-632578958264631296-940983317312831488,1788252671000,1788265698000,1,145.686,40.911,3.5610471511329473,632578958264631296,1788252671000,940983317312831488,RJ47GA3400,13027000,1788265698000,108.0050107486953,145.686,3.5499999999992724,40.91098891996034,3.5610481155814906,145.5,40.91098891996034,1788252671000-632578958264631296-940983317312831488,"{'confidence': 0, 'count': 3, 'error_code': None, 'flags': {'alta-status': 'present', 'alta_partial': False, 'gps_dup_rows_count': 0}, 'load_class': 'HIGH', 'mean': 57648.48452521434, 'std': 33955.508725408945, 'timestamp': 1788268689960}",,,,
961239466377216000,1788270929000-632578958264631296-961239466377216000,1788270929000,1788284887000,1,145.414,41.588,3.4965374627296333,632578958264631296,1788270929000,961239466377216000,RJ47GA2691,13958000,1788284887000,109.79126046224684,145.414,3.7999999999992724,41.58759865994198,3.496571205975057,,41.58759865994198,1788270929000-632578958264631296-961239466377216000,"{'confidence': 69.2, 'count': 27, 'error_code': None, 'flags': {'alta-status': 'present', 'alta_partial': False, 'gps_dup_rows_count': 0}, 'load_class': 'HIGH', 'mean': 33131.71358866214, 'std': 10602.150116727496, 'timestamp': 1788284918027}",,,,
787647951882158080,1788222862000-632578958264631296-787647951882158080,1788222862000,1788234927000,1,144.999,47.0,3.0850851063829787,632578958264631296,1788222862000,787647951882158080,RJ47GA2574,12065000,1788234927000,124.08000000000001,144.999,3.2999999999992724,47.0,3.0850851063829787,,47.0,1788222862000-632578958264631296-787647951882158080,"{'confidence': 40.9, 'count': 10, 'error_code': None, 'flags': {'alta-status': 'present', 'alta_partial': False, 'gps_dup_rows_count': 0}, 'load_class': 'HIGH', 'mean': 36425.07591668169, 'std': 13609.413462768356, 'timestamp': 1788235301966}",['900758004192772101'],,900758004192772101,
1067774753596506112,1788232897000-632578958264631296-1067774753596506112,1788232897000,1788245504000,1,144.332,44.984,3.2085185843855593,632578958264631296,1788232897000,1067774753596506112,RJ47GA6417,12607000,1788245504000,118.75864420694509,144.332,3.5,44.98433492687314,3.2084946956452094,149.10000000000582,44.98433492687314,1788232897000-632578958264631296-1067774753596506112,"{'confidence': 50.3, 'count': 9, 'error_code': None, 'flags': {'alta-status': 'present', 'alta_partial': False, 'gps_dup_rows_count': 0}, 'load_class': 'HIGH', 'mean': 46633.41746706849, 'std': 13913.707726666267, 'timestamp': 1788245511508}",,,,
1083727333329731584,1788306243000-632578958264631296-1083727333329731584,1788306243000,1788320961000,1,144.206,59.125,2.4390021141649045,632578958264631296,1788306243000,1083727333329731584,RJ47GA6318,14718000,1788320961000,156.0892046060507,144.206,4.049999999999272,59.12469871441314,2.439014542747194,154.19999999998254,59.12469871441314,1788306243000-632578958264631296-1083727333329731584,"{'confidence': 35.8, 'count': 8, 'error_code': None, 'flags': {'alta-status': 'present', 'alta_partial': False, 'gps_dup_rows_count': 0}, 'load_class': 'HIGH', 'mean': 52612.41597604529, 'std': 19114.25402996112, 'timestamp': 1788321129117}",,,,
1289307004661137408,1788261636000-632578958264631296-1289307004661137408,1788261636000,1788274074000,1,143.873,30.916,4.653674472764911,632578958264631296,1788261636000,1289307004661137408,NL01AG9584,12438000,1788274074000,81.61827377545947,143.873,3.199999999999818,30.916012793734648,4.6536725469707685,146.10000000000582,26.484510374802113,1788261636000-632578958264631296-1289307004661137408,"{'confidence': 64.7, 'count': 7, 'error_code': None, 'flags': {'alta-status': 'present', 'alta_partial': False, 'gps_dup_rows_count': 0}, 'load_class': 'LOW', 'mean': 12799.890054432766, 'std': 2389.6357715293952, 'timestamp': 1788274164763}",,,,
1152270574152581120,1788244453000-632578958264631296-1152270574152581120,1788244453000,1788257358000,1,143.4,40.87,3.5086860778076834,632578958264631296,1788244453000,1152270574152581120,RJ47GA5213,12905000,1788257358000,107.89722933445961,143.4,3.550000000000182,40.87016262668924,3.508672116375583,148.5,40.87016262668924,1788244453000-632578958264631296-1152270574152581120,"{'confidence': 43.5, 'count': 6, 'error_code': None, 'flags': {'alta-status': 'present', 'alta_partial': False, 'gps_dup_rows_count': 0}, 'load_class': 'HIGH', 'mean': 38334.62646343209, 'std': 10611.057271509197, 'timestamp': 1788257361474}",,,,
1120316662394912768,1788249838000-632578958264631296-1120316662394912768,1788249838000,1788264210000,1,143.186,46.532,3.0771512077709966,632578958264631296,1788249838000,1120316662394912768,RJ47GA6414,14372000,1788264210000,122.8444799999788,143.186,4.0,46.53199999999197,3.0771512077715277,149.20000000001164,46.53199999999197,1788249838000-632578958264631296-1120316662394912768,"{'confidence': 48.7, 'count': 9, 'error_code': None, 'flags': {'alta-status': 'present', 'alta_partial': False, 'gps_dup_rows_count': 6}, 'load_class': 'HIGH', 'mean': 53264.114459206154, 'std': 16400.387199659097, 'timestamp': 1788267931085}",,,,
1469693281720860672,1788244308000-632578958264631296-1469693281720860672,1788244308000,1788257302000,1,143.067,44.964,3.1818121163597546,632578958264631296,1788244308000,1469693281720860672,RJ47GA4898,12994000,1788257302000,118.70508411385678,143.067,3.550000000000182,44.96404701282454,3.181808789569026,147.3000000000029,44.96404701282454,1788244308000-632578958264631296-1469693281720860672,"{'confidence': 49.4, 'count': 5, 'error_code': None, 'flags': {'alta-status': 'present', 'alta_partial': False, 'gps_dup_rows_count': 0}, 'load_class': 'HIGH', 'mean': 55982.67011011569, 'std': 12671.446265505645, 'timestamp': 1788257516761}",['1497578727075217408'],,,
1537822792169291776,1788265812000-632578958264631296-1537822792169291776,1788265812000,1788277418000,1,142.99,43.656,3.2753802455561667,632578958264631296,1788265812000,1537822792169291776,NL01AK8056,11606000,1788277418000,115.25294735744615,142.99,3.150000000000091,43.65641945357808,3.2753487755001984,146.92499999999563,43.65641945357808,1788265812000-632578958264631296-1537822792169291776,"{'confidence': 92.8, 'count': 3, 'error_code': None, 'flags': {'alta-status': 'present', 'alta_partial': False, 'gps_dup_rows_count': 0}, 'load_class': 'HIGH', 'mean': 74453.55430806168, 'std': 1854.3355723044056, 'timestamp': 1788277448007}",,,,
1469693281720860672,1788304949000-632578958264631296-1469693281720860672,1788304949000,1788319852000,1,142.698,49.402,2.8885065381968342,632578958264631296,1788304949000,1469693281720860672,RJ47GA4898,14903000,1788319852000,130.42233438267056,142.698,4.100000000000364,49.402399387375205,2.8884831864354044,147.0,49.402399387375205,1788304949000-632578958264631296-1469693281720860672,"{'confidence': 68.3, 'count': 14, 'error_code': None, 'flags': {'alta-status': 'present', 'alta_partial': False, 'gps_dup_rows_count': 0}, 'load_class': 'HIGH', 'mean': 42797.04558664387, 'std': 10166.305117467546, 'timestamp': 1788319869061}",['1497578727075217408'],,,
1097510484225032192,1788223507000-632578958264631296-1097510484225032192,1788223507000,1788237418000,1,142.598,56.659,2.516775799078699,632578958264631296,1788223507000,1097510484225032192,RJ47GA3830,13911000,1788237418000,149.57911249908182,142.598,3.850000000000364,56.65875473450068,2.5167866937458325,156.625,56.65875473450068,1788223507000-632578958264631296-1097510484225032192,"{'confidence': 62.8, 'count': 18, 'error_code': None, 'flags': {'alta-status': 'present', 'alta_partial': False, 'gps_dup_rows_count': 0}, 'load_class': 'HIGH', 'mean': 60476.23105142689, 'std': 19064.424309586026, 'timestamp': 1788237428249}",,,,
1362453820235317248,1788243506000-632578958264631296-1362453820235317248,1788243506000,1788255361000,1,142.08,43.501,3.266131813061769,632578958264631296,1788243506000,1362453820235317248,NL01AJ4179,11855000,1788255361000,114.84185269540298,142.08,3.25,43.500701778561734,3.266154204206901,153.875,43.500701778561734,1788243506000-632578958264631296-1362453820235317248,"{'confidence': 72.7, 'count': 10, 'error_code': None, 'flags': {'alta-status': 'present', 'alta_partial': False, 'gps_dup_rows_count': 0}, 'load_class': 'HIGH', 'mean': 56488.11938997543, 'std': 9755.067199229923, 'timestamp': 1788255495178}",,,,
1042868881099587584,1788243940000-632578958264631296-1042868881099587584,1788243940000,1788256752000,1,142.043,61.352,2.315213847959317,632578958264631296,1788243940000,1042868881099587584,RJ47GA5629,12812000,1788256752000,161.9698120103265,142.043,3.550000000000182,61.352201519063065,2.315206243346705,150.29999999998836,61.35220151906307,1788243940000-632578958264631296-1042868881099587584,"{'confidence': 74.8, 'count': 6, 'error_code': None, 'flags': {'alta-status': 'present', 'alta_partial': False, 'gps_dup_rows_count': 0}, 'load_class': 'MEDIUM', 'mean': 35095.234961565955, 'std': 4329.506974963186, 'timestamp': 1788256772597}",,,,
1079095062366781440,1788234904000-632578958264631296-1079095062366781440,1788234904000,1788247098000,1,142.01,53.377,2.6605092080858794,632578958264631296,1788234904000,1079095062366781440,RJ47GA3439,12194000,1788247098000,140.91637687245654,142.01,3.350000000000364,53.37741548199111,2.6604884990715303,139.375,53.37741548199111,1788234904000-632578958264631296-1079095062366781440,"{'confidence': 56.3, 'count': 13, 'error_code': None, 'flags': {'alta-status': 'present', 'alta_partial': False, 'gps_dup_rows_count': 0}, 'load_class': 'HIGH', 'mean': 46277.195005693684, 'std': 14589.597366355618, 'timestamp': 1788247112933}",,,,
1545823852121030656,1788221274000-632578958264631296-1545823852121030656,1788221274000,1788235434000,1,141.066,29.94,4.7116232464929855,632578958264631296,1788221274000,1545823852121030656,NL01AK8996,14160000,1788235434000,79.04237941488883,141.066,3.8999999999999773,29.940295232912433,4.711576786488416,145.8249999999971,29.940295232912433,1788221274000-632578958264631296-1545823852121030656,"{'confidence': 74.7, 'count': 36, 'error_code': None, 'flags': {'alta-status': 'present', 'alta_partial': False, 'gps_dup_rows_count': 0}, 'load_class': 'MEDIUM', 'mean': 26864.49001723782, 'std': 8164.821873055967, 'timestamp': 1788235582719}",,,,
1501934002158698496,1788247819000-632578958264631296-1501934002158698496,1788247819000,1788261172000,1,140.973,53.0,2.659867924528302,632578958264631296,1788247819000,1501934002158698496,NL01AK3123,13353000,1788261172000,139.92000000000002,140.973,3.650000000000091,53.0,2.659867924528302,148.25,53.0,1788247819000-632578958264631296-1501934002158698496,"{'confidence': 58.4, 'count': 16, 'error_code': None, 'flags': {'alta-status': 'present', 'alta_partial': False, 'gps_dup_rows_count': 0}, 'load_class': 'HIGH', 'mean': 57184.536321728236, 'std': 19037.15603547393, 'timestamp': 1788261575321}",,,,
1464269416886697984,1788252244000-632578958264631296-1464269416886697984,1788252244000,1788265233000,1,140.322,49.407,2.8401238690873765,632578958264631296,1788252244000,1464269416886697984,NL01AK1963,12989000,1788265233000,130.43382889144203,140.322,3.550000000000182,49.40675336797047,2.8401380466130424,144.5,49.40675336797047,1788252244000-632578958264631296-1464269416886697984,"{'confidence': 77.3, 'count': 15, 'error_code': None, 'flags': {'alta-status': 'present', 'alta_partial': False, 'gps_dup_rows_count': 0}, 'load_class': 'HIGH', 'mean': 54746.43806047138, 'std': 9616.3100500556, 'timestamp': 1788268487530}",,,,
1141991039255445504,1788225581000-632578958264631296-1141991039255445504,1788225581000,1788238965000,1,140.271,26.777,5.238488254845576,632578958264631296,1788225581000,1141991039255445504,RJ47GA6283,13384000,1788238965000,70.69073876466956,140.271,3.699999999999818,26.776794986617258,5.238528362715025,148.19999999998254,26.776794986617258,1788225581000-632578958264631296-1141991039255445504,"{'confidence': 70, 'count': 13, 'error_code': None, 'flags': {'alta-status': 'present', 'alta_partial': False, 'gps_dup_rows_count': 0}, 'load_class': 'LOW', 'mean': 15869.550690380327, 'std': 3433.102088921991, 'timestamp': 1788239205662}",,,,
1396881382210273280,1788230566000-632578958264631296-1396881382210273280,1788230566000,1788242175000,1,139.868,44.681,3.130368613057004,632578958264631296,1788230566000,1396881382210273280,NL01AJ6927,11609000,1788242175000,117.95734287945432,139.868,3.150000000000091,44.680811696762994,3.130381805712206,149.625,44.680811696762994,1788230566000-632578958264631296-1396881382210273280,"{'confidence': 70.8, 'count': 16, 'error_code': None, 'flags': {'alta-status': 'present', 'alta_partial': False, 'gps_dup_rows_count': 0}, 'load_class': 'HIGH', 'mean': 63764.41469683058, 'std': 14898.473626602183, 'timestamp': 1788242351937}",,,,
1268615730958434304,1788260841000-632578958264631296-1268615730958434304,1788260841000,1788274282000,1,139.838,52.188,2.679504867019238,632578958264631296,1788260841000,1268615730958434304,RJ47GA5740,13441000,1788274282000,137.77555424234893,139.838,3.699999999999818,52.18770994028369,2.6795197597290823,145.20000000001164,52.18770994028369,1788260841000-632578958264631296-1268615730958434304,"{'confidence': 12.1, 'count': 3, 'error_code': None, 'flags': {'alta-status': 'present', 'alta_partial': False, 'gps_dup_rows_count': 0}, 'load_class': 'MEDIUM', 'mean': 32050.113067098144, 'std': 9763.249452163343, 'timestamp': 1788274301403}",,,,
1083726988146900992,1788247157000-632578958264631296-1083726988146900992,1788247157000,1788258483000,1,139.45,46.23,3.0164395414233183,632578958264631296,1788247157000,1083726988146900992,RJ47GA6307,11326000,1788258483000,122.04656094320322,139.45,3.0999999999994543,46.22975793303152,3.016455336019873,148.70000000001164,46.22975793303152,1788247157000-632578958264631296-1083726988146900992,"{'confidence': 66.4, 'count': 11, 'error_code': None, 'flags': {'alta-status': 'present', 'alta_partial': False, 'gps_dup_rows_count': 10}, 'load_class': 'MEDIUM', 'mean': 42805.56434968782, 'std': 9544.248614453943, 'timestamp': 1788258717015}",,,,
798236529196531712,1788259945000-632578958264631296-798236529196531712,1788259945000,1788272040000,1,138.325,55.383,2.4976075691096544,632578958264631296,1788259945000,798236529196531712,RJ47GA3075,12095000,1788272040000,146.210959889027,138.325,3.3000000000010914,55.38293935190416,2.4976103041602853,154.79999999998836,55.38293935190416,1788259945000-632578958264631296-798236529196531712,"{'confidence': 48.9, 'count': 8, 'error_code': None, 'flags': {'alta-status': 'present', 'alta_partial': False, 'gps_dup_rows_count': 0}, 'load_class': 'HIGH', 'mean': 52967.74649324616, 'std': 15307.45767086248, 'timestamp': 1788272174036}",['900758004205355009'],,900758004205355009,
1067774753596506112,1788264267000-632578958264631296-1067774753596506112,1788264267000,1788278042000,1,138.01,48.875,2.8237340153452686,632578958264631296,1788264267000,1067774753596506112,RJ47GA6417,13775000,1788278042000,129.0307905783691,138.01,3.75,48.875299461503445,2.8237167141799993,142.79999999998836,48.875299461503445,1788264267000-632578958264631296-1067774753596506112,"{'confidence': 42.7, 'count': 4, 'error_code': None, 'flags': {'alta-status': 'present', 'alta_partial': False, 'gps_dup_rows_count': 0}, 'load_class': 'HIGH', 'mean': 36919.28192757286, 'std': 8461.302187298645, 'timestamp': 1788278151344}",,,,
1062738807117316096,1788243417000-632578958264631296-1062738807117316096,1788243417000,1788258345000,1,137.14,28.842,4.754871368143679,632578958264631296,1788243417000,1062738807117316096,RJ47GA5531,14928000,1788258345000,76.14267204325726,137.14,4.100000000000364,28.841921228506536,4.7548843543908825,142.29999999998836,28.841921228506536,1788243417000-632578958264631296-1062738807117316096,"{'confidence': 64, 'count': 7, 'error_code': None, 'flags': {'alta-status': 'present', 'alta_partial': False, 'gps_dup_rows_count': 0}, 'load_class': 'LOW', 'mean': 17747.57708234038, 'std': 3385.1518360879795, 'timestamp': 1788258604708}",,,,
951558414842986496,1788221159000-632578958264631296-951558414842986496,1788221159000,1788235267000,1,136.829,55.395,2.4700604747720916,632578958264631296,1788221159000,951558414842986496,RJ47GA3895,14108000,1788235267000,146.24299412419606,136.829,3.850000000000364,55.39507353189244,2.470057195992778,138.375,55.39507353189244,1788221159000-632578958264631296-951558414842986496,"{'confidence': 31.8, 'count': 3, 'error_code': None, 'flags': {'alta-status': 'present', 'alta_partial': False, 'gps_dup_rows_count': 0}, 'load_class': 'HIGH', 'mean': 41527.58434646462, 'std': 9816.895165951608, 'timestamp': 1788235464049}",,,,
1371466234314358784,1788266418000-632578958264631296-1371466234314358784,1788266418000,1788280274000,1,136.63,57.512,2.3756781193490055,632578958264631296,1788266418000,1371466234314358784,NL01AJ4829,13856000,1788280274000,151.83114191284213,136.63,3.800000000000182,57.51179617910686,2.3756865387145663,137.0,57.51179617910686,1788266418000-632578958264631296-1371466234314358784,"{'confidence': 18.8, 'count': 7, 'error_code': None, 'flags': {'alta-status': 'present', 'alta_partial': False, 'gps_dup_rows_count': 0}, 'load_class': 'MEDIUM', 'mean': 41065.567001945645, 'std': 17638.82055512815, 'timestamp': 1788280280026}",,,,
1094588896550846464,1788237899000-632578958264631296-1094588896550846464,1788237899000,1788251503000,1,136.353,48.773,2.7956656346749225,632578958264631296,1788237899000,1094588896550846464,RJ47GA5976,13604000,1788251503000,128.76199720461577,136.353,3.75,48.773483789627186,2.7956379041555905,140.1149999999907,48.773483789627186,1788237899000-632578958264631296-1094588896550846464,"{'confidence': 63.7, 'count': 5, 'error_code': None, 'flags': {'alta-status': 'present', 'alta_partial': False, 'gps_dup_rows_count': 0}, 'load_class': 'HIGH', 'mean': 61618.242319614, 'std': 10011.858227342016, 'timestamp': 1788251510602}",,,,
1183367596062277632,1788233442000-632578958264631296-1183367596062277632,1788233442000,1788244327000,1,136.342,45.504,2.9962640646976095,632578958264631296,1788233442000,1183367596062277632,RJ47GA6402,10885000,1788244327000,120.1302302266594,136.342,3.0,45.50387508585583,2.99627228983801,144.60000000000582,45.50387508585583,1788233442000-632578958264631296-1183367596062277632,"{'confidence': 55.6, 'count': 4, 'error_code': None, 'flags': {'alta-status': 'present', 'alta_partial': False, 'gps_dup_rows_count': 2}, 'load_class': 'MEDIUM', 'mean': 34164.493513601235, 'std': 6072.808665289399, 'timestamp': 1788244340009}",,,,
1536402078727929856,1788236881000-632578958264631296-1536402078727929856,1788236881000,1788246631000,1,136.091,27.699,4.913209863171955,632578958264631296,1788236881000,1536402078727929856,NL01AK8054,9750000,1788246631000,73.12457856819067,136.091,2.6499999999998636,27.698704003102527,4.913262367248535,139.9800000000032,0.001,1788236881000-632578958264631296-1536402078727929856,"{'confidence': 64, 'count': 15, 'error_code': None, 'flags': {'alta-status': 'present', 'alta_partial': False, 'gps_dup_rows_count': 0}, 'load_class': 'MEDIUM', 'mean': 38739.22732344535, 'std': 10793.174332698245, 'timestamp': 1788246664474}",,,,
1046752835124854784,1788249235000-632578958264631296-1046752835124854784,1788249235000,1788261098000,1,135.832,52.926,2.5664512715867436,632578958264631296,1788249235000,1046752835124854784,RJ47GA5627,11863000,1788261098000,139.72500039907615,135.832,3.25,52.92613651480157,2.566444651821744,142.60000000000582,52.92613651480157,1788249235000-632578958264631296-1046752835124854784,"{'confidence': 47.4, 'count': 8, 'error_code': None, 'flags': {'alta-status': 'present', 'alta_partial': False, 'gps_dup_rows_count': 0}, 'load_class': 'LOW', 'mean': 28854.544601569498, 'std': 8590.268283083602, 'timestamp': 1788261509522}",,,,
947582270531698688,1788260648000-632578958264631296-947582270531698688,1788260648000,1788274352000,1,135.694,53.08,2.556405425772419,632578958264631296,1788260648000,947582270531698688,RJ47GA3810,13704000,1788274352000,140.13044640149192,135.694,3.75,53.079714546019666,2.5564191737006126,141.0,53.079714546019666,1788260648000-632578958264631296-947582270531698688,"{'confidence': 48.2, 'count': 8, 'error_code': None, 'flags': {'alta-status': 'present', 'alta_partial': False, 'gps_dup_rows_count': 0}, 'load_class': 'HIGH', 'mean': 88145.20509202199, 'std': 25850.142622188807, 'timestamp': 1788274444317}",,,,
1083728677599969280,1788227225000-632578958264631296-1083728677599969280,1788227225000,1788238148000,1,135.236,47.399,2.853140361611004,632578958264631296,1788227225000,1083728677599969280,RJ47GA6359,10923000,1788238148000,125.13236805778254,135.236,3.0,47.398624264311565,2.8531629788636064,142.0999999999999,47.398624264311565,1788227225000-632578958264631296-1083728677599969280,"{'confidence': 15, 'count': 3, 'error_code': None, 'flags': {'alta-status': 'present', 'alta_partial': False, 'gps_dup_rows_count': 0}, 'load_class': 'HIGH', 'mean': 50249.803863425455, 'std': 14794.168766561856, 'timestamp': 1788238213427}",,,,
1127222273418199040,1788253757000-632578958264631296-1127222273418199040,1788253757000,1788268064000,1,135.067,52.65,2.5653751187084524,632578958264631296,1788253757000,1127222273418199040,RJ47GA3844,14307000,1788268064000,138.99597101494248,135.067,3.9500000000007276,52.649989020811546,2.565375653670328,135.75,52.649989020811546,1788253757000-632578958264631296-1127222273418199040,"{'confidence': 70.6, 'count': 11, 'error_code': None, 'flags': {'alta-status': 'present', 'alta_partial': False, 'gps_dup_rows_count': 0}, 'load_class': 'HIGH', 'mean': 51343.40254012924, 'std': 10020.403190886787, 'timestamp': 1788270149929}",,,,
947582270531698688,1788241594000-632578958264631296-947582270531698688,1788241594000,1788253893000,1,135.037,45.829,2.94654040018329,632578958264631296,1788241594000,947582270531698688,RJ47GA3810,12299000,1788253893000,120.98771463973999,135.037,3.399999999999636,45.828679787780295,2.946560988126176,140.375,45.828679787780295,1788241594000-632578958264631296-947582270531698688,"{'confidence': 80.8, 'count': 15, 'error_code': None, 'flags': {'alta-status': 'present', 'alta_partial': False, 'gps_dup_rows_count': 0}, 'load_class': 'HIGH', 'mean': 66080.76941234306, 'std': 9852.184149287476, 'timestamp': 1788255590322}",,,,
964170762879500288,1788223288000-632578958264631296-964170762879500288,1788223288000,1788233909000,1,135.007,51.188,2.6374736266312415,632578958264631296,1788223288000,964170762879500288,RJ47GA4713,10621000,1788233909000,135.13727507819118,135.007,2.899999999999636,51.188361772042114,2.6374549863742205,140.79999999998836,51.188361772042114,1788223288000-632578958264631296-964170762879500288,"{'confidence': 34.4, 'count': 5, 'error_code': None, 'flags': {'alta-status': 'present', 'alta_partial': False, 'gps_dup_rows_count': 0}, 'load_class': 'LOW', 'mean': 29817.077382606443, 'std': 8751.701515469817, 'timestamp': 1788233931943}",,,,
1045015172411817984,1788242042000-632578958264631296-1045015172411817984,1788242042000,1788254911000,1,134.927,56.367,2.393723277804389,632578958264631296,1788242042000,1045015172411817984,RJ47GA3393,12869000,1788254911000,148.80847022772633,134.927,3.5500000000010914,56.36684478322967,2.3937298693742677,140.75,56.36684478322967,1788242042000-632578958264631296-1045015172411817984,"{'confidence': 70.6, 'count': 6, 'error_code': None, 'flags': {'alta-status': 'present', 'alta_partial': False, 'gps_dup_rows_count': 0}, 'load_class': 'HIGH', 'mean': 58205.08450942319, 'std': 8388.17064520391, 'timestamp': 1788254969538}",,,,
1371466234314358784,1788224928000-632578958264631296-1371466234314358784,1788224928000,1788237805000,1,134.734,58.896,2.28765960336865,632578958264631296,1788224928000,1371466234314358784,NL01AJ4829,12877000,1788237805000,155.48654441994145,134.734,3.549999999999727,58.89641834088691,2.2876433541369585,135.40000000000873,58.8964183408869,1788224928000-632578958264631296-1371466234314358784,"{'confidence': 64.2, 'count': 7, 'error_code': None, 'flags': {'alta-status': 'present', 'alta_partial': False, 'gps_dup_rows_count': 0}, 'load_class': 'MEDIUM', 'mean': 35808.72438934368, 'std': 6776.645966232114, 'timestamp': 1788237810711}",,,,
873897783357079552,1788251454000-632578958264631296-873897783357079552,1788251454000,1788262853000,1,134.195,40.982,3.2744863598653065,632578958264631296,1788251454000,873897783357079552,RJ14GN1588,11399000,1788262853000,108.19332379927319,134.195,3.100000000000364,40.98231962093681,3.2744608221600813,139.79999999998836,40.98231962093681,1788251454000-632578958264631296-873897783357079552,"{'confidence': 77, 'count': 3, 'error_code': None, 'flags': {'alta-status': 'present', 'alta_partial': False, 'gps_dup_rows_count': 0}, 'load_class': 'HIGH', 'mean': 36814.621566442656, 'std': 2934.452302085258, 'timestamp': 1788263644956}",,,,1.7975675540964584
1385589008028925952,1788257716000-632578958264631296-1385589008028925952,1788257716000,1788270972000,1,134.105,40.419,3.317870308518271,632578958264631296,1788257716000,1385589008028925952,NL01AJ5695,13256000,1788270972000,106.70505309027709,134.105,3.650000000000091,40.41858071601405,3.317904726596867,139.875,40.41858071601405,1788257716000-632578958264631296-1385589008028925952,"{'confidence': 56.2, 'count': 15, 'error_code': None, 'flags': {'alta-status': 'present', 'alta_partial': False, 'gps_dup_rows_count': 0}, 'load_class': 'HIGH', 'mean': 65283.73042185338, 'std': 22149.95163956403, 'timestamp': 1788271709293}",,,,
1401196266230120448,1788280105000-632578958264631296-1401196266230120448,1788280105000,1788294714000,1,134.014,54.637,2.4528067060782988,632578958264631296,1788280105000,1401196266230120448,NL01AJ4828,14609000,1788294714000,144.24176549213936,134.014,3.550000000000182,54.63703238338612,2.4528052522989996,134.59999999999127,54.63703238338612,1788280105000-632578958264631296-1401196266230120448,"{'confidence': 61.1, 'count': 10, 'error_code': None, 'flags': {'alta-status': 'present', 'alta_partial': False, 'gps_dup_rows_count': 0}, 'load_class': 'HIGH', 'mean': 66176.30431557455, 'std': 16296.789018109175, 'timestamp': 1788294719143}",,,,
1061351650800697344,1788252765000-632578958264631296-1061351650800697344,1788252765000,1788265273000,1,133.603,56.325,2.372001775410564,632578958264631296,1788252765000,1061351650800697344,RJ47GA3508,12508000,1788265273000,148.69809971561568,133.603,3.5,56.32503777106655,2.372000184767389,137.625,56.32503777106655,1788252765000-632578958264631296-1061351650800697344,"{'confidence': 45.9, 'count': 5, 'error_code': None, 'flags': {'alta-status': 'present', 'alta_partial': False, 'gps_dup_rows_count': 0}, 'load_class': 'HIGH', 'mean': 39705.689616748765, 'std': 9607.345342884873, 'timestamp': 1788268676407}",,,,
883046842797916160,1788270770000-632578958264631296-883046842797916160,1788270770000,1788284660000,1,133.478,41.491,3.217035019642814,632578958264631296,1788270770000,883046842797916160,RJ47GA2006,13890000,1788284660000,109.53566848095252,133.478,3.7999999999992724,41.49078351551232,3.2170518050134214,139.625,41.49078351551232,1788270770000-632578958264631296-883046842797916160,"{'confidence': 60.6, 'count': 6, 'error_code': None, 'flags': {'alta-status': 'present', 'alta_partial': False, 'gps_dup_rows_count': 0}, 'load_class': 'MEDIUM', 'mean': 30821.036895136465, 'std': 5946.359765823897, 'timestamp': 1788284680940}",['900758004175994901'],,900758004175994901,
1545823852121030656,1788248431000-632578958264631296-1545823852121030656,1788248431000,1788261151000,1,133.45,27.384,4.8732836692959385,632578958264631296,1788248431000,1545823852121030656,NL01AK8996,12720000,1788261151000,72.29363074358213,133.45,3.5,27.383951039235654,4.873292382417467,137.50500000000102,27.383951039235654,1788248431000-632578958264631296-1545823852121030656,"{'confidence': 70, 'count': 28, 'error_code': None, 'flags': {'alta-status': 'present', 'alta_partial': False, 'gps_dup_rows_count': 0}, 'load_class': 'LOW', 'mean': 22787.088327542508, 'std': 7236.471409698852, 'timestamp': 1788261554968}",,,,
952249131684855808,1788247625000-632578958264631296-952249131684855808,1788247625000,1788261999000,1,132.978,40.825,3.2572688303735458,632578958264631296,1788247625000,952249131684855808,RJ47GA1379,14374000,1788261999000,107.77828151080156,132.978,0.0,40.825106632879375,3.257260322570801,,0.001,1788247625000-632578958264631296-952249131684855808,"{'confidence': None, 'count': None, 'error_code': 'OBD_PREPROCESS_EMPTY', 'flags': {'alta-status': 'present', 'alta_partial': False, 'gps_dup_rows_count': 0}, 'load_class': None, 'mean': None, 'std': None, 'timestamp': 1788262814025}",,,,
1176184196838719488,1788229598000-632578958264631296-1176184196838719488,1788229598000,1788241661000,1,132.896,37.785,3.517162895328834,632578958264631296,1788229598000,1176184196838719488,RJ14GP9553,12063000,1788241661000,99.751679682063,132.896,3.2999999999992724,37.78472715229659,3.5171882931519978,136.0,37.78472715229659,1788229598000-632578958264631296-1176184196838719488,"{'confidence': 18.3, 'count': 4, 'error_code': None, 'flags': {'alta-status': 'present', 'alta_partial': False, 'gps_dup_rows_count': 0}, 'load_class': 'LOW', 'mean': 22472.397544263735, 'std': 7344.831805468702, 'timestamp': 1788241700856}",,,,
1536402078727929856,1788248497000-632578958264631296-1536402078727929856,1788248497000,1788259083000,1,132.88,27.181,4.888709024686362,632578958264631296,1788248497000,1536402078727929856,NL01AK8054,10586000,1788259083000,71.75702746772927,132.88,2.8500000000001364,27.180692222624725,4.888764381408691,136.65000000000146,0.001,1788248497000-632578958264631296-1536402078727929856,"{'confidence': 66.4, 'count': 14, 'error_code': None, 'flags': {'alta-status': 'present', 'alta_partial': False, 'gps_dup_rows_count': 0}, 'load_class': 'HIGH', 'mean': 52190.124707327064, 'std': 13109.783244926517, 'timestamp': 1788259353686}",,,,
1083726517403385856,1788264729000-632578958264631296-1083726517403385856,1788264729000,1788276879000,1,132.859,50.949,2.607686117490039,632578958264631296,1788264729000,1083726517403385856,RJ47GA6316,12150000,1788276879000,134.50486423559465,132.859,3.300000000000182,50.948812210452516,2.6076957290231593,141.20000000001164,50.948812210452516,1788264729000-632578958264631296-1083726517403385856,"{'confidence': 76.1, 'count': 12, 'error_code': None, 'flags': {'alta-status': 'present', 'alta_partial': False, 'gps_dup_rows_count': 2}, 'load_class': 'MEDIUM', 'mean': 44052.60859401985, 'std': 7300.699527767739, 'timestamp': 1788277047266}",,,,
1083726561296777216,1788253884000-632578958264631296-1083726561296777216,1788253884000,1788267357000,1,132.597,55.202,2.402032535053078,632578958264631296,1788253884000,1083726561296777216,RJ47GA6360,13473000,1788267357000,145.73406115180498,132.597,2.25,55.20229589083522,2.4020196598745813,,55.20229589083522,1788253884000-632578958264631296-1083726561296777216,"{'confidence': 45.6, 'count': 3, 'error_code': None, 'flags': {'alta-status': 'present', 'alta_partial': False, 'gps_dup_rows_count': 0}, 'load_class': 'HIGH', 'mean': 51723.20637770513, 'std': 9738.9328867682, 'timestamp': 1788270106821}",,,,
1465365829724930048,1788246203000-632578958264631296-1465365829724930048,1788246203000,1788259547000,1,132.35,48.938,2.7044423556336588,632578958264631296,1788246203000,1465365829724930048,RJ14GQ0815,13344000,1788259547000,129.19632000000507,132.35,3.6500000000005457,48.93800000000192,2.7044423556335526,138.20000000001164,48.93800000000192,1788246203000-632578958264631296-1465365829724930048,"{'confidence': 4.1, 'count': 5, 'error_code': None, 'flags': {'alta-status': 'present', 'alta_partial': False, 'gps_dup_rows_count': 0}, 'load_class': 'HIGH', 'mean': 55412.580768159205, 'std': 23771.575289856646, 'timestamp': 1788259856167}",,,,
1132636093246603264,1788265373000-632578958264631296-1132636093246603264,1788265373000,1788277346000,1,131.822,47.378,2.782346236649922,632578958264631296,1788265373000,1132636093246603264,NL01AJ4206,11973000,1788277346000,125.07749880593346,131.822,3.1096980555557376,47.377840456792974,2.7823556061027586,130.875,47.44690614088335,1788265373000-632578958264631296-1132636093246603264,"{'confidence': 0, 'count': 2, 'error_code': None, 'flags': {'alta-status': 'present', 'alta_partial': False, 'gps_dup_rows_count': 0}, 'load_class': 'HIGH', 'mean': 67456.33143394254, 'std': 5913.002746028392, 'timestamp': 1788315020007}",,,,
931856805720489984,1788242351000-632578958264631296-931856805720489984,1788242351000,1788255352000,1,131.578,55.771,2.3592548098474118,632578958264631296,1788242351000,931856805720489984,RJ47GA4708,13001000,1788255352000,147.23540900375428,131.578,3.5500000000010914,55.77098825899783,2.359255306521699,135.20000000001164,55.77098825899784,1788242351000-632578958264631296-931856805720489984,"{'confidence': 12.2, 'count': 5, 'error_code': None, 'flags': {'alta-status': 'present', 'alta_partial': False, 'gps_dup_rows_count': 0}, 'load_class': 'LOW', 'mean': 26904.156479489593, 'std': 10565.070611740148, 'timestamp': 1788255485818}",,,,
932334220825591808,1788224293000-632578958264631296-932334220825591808,1788224293000,1788235782000,1,131.313,49.582,2.6484006292606184,632578958264631296,1788224293000,932334220825591808,RJ47GA4637,11489000,1788235782000,130.896518746908,131.313,3.149999999999636,49.58201467685909,2.6483998453029054,135.40000000002328,49.58201467685909,1788224293000-632578958264631296-932334220825591808,"{'confidence': 38.5, 'count': 8, 'error_code': None, 'flags': {'alta-status': 'present', 'alta_partial': False, 'gps_dup_rows_count': 0}, 'load_class': 'HIGH', 'mean': 53023.78328861135, 'std': 18436.939644296795, 'timestamp': 1788235942510}",,,,
1072572023244324864,1788307160000-632578958264631296-1072572023244324864,1788307160000,1788321311000,1,131.297,54.007,2.431110781935675,632578958264631296,1788307160000,1072572023244324864,RJ47GA5735,14151000,1788321311000,142.5779462674115,131.297,3.899999999999636,54.00679782856496,2.431119882663274,138.30000000001746,54.00679782856496,1788307160000-632578958264631296-1072572023244324864,"{'confidence': 53.2, 'count': 5, 'error_code': None, 'flags': {'alta-status': 'present', 'alta_partial': False, 'gps_dup_rows_count': 0}, 'load_class': 'MEDIUM', 'mean': 37969.57244234934, 'std': 7952.977303112739, 'timestamp': 1788321745176}",,,,
1067774753596506112,1788248634000-632578958264631296-1067774753596506112,1788248634000,1788261045000,1,131.224,47.929,2.7378831187798616,632578958264631296,1788248634000,1067774753596506112,RJ47GA6417,12411000,1788261045000,126.53201031846315,131.224,3.4000000000005457,47.928791787296646,2.7378950127171877,135.79999999998836,47.928791787296646,1788248634000-632578958264631296-1067774753596506112,"{'confidence': 39.1, 'count': 8, 'error_code': None, 'flags': {'alta-status': 'present', 'alta_partial': False, 'gps_dup_rows_count': 0}, 'load_class': 'MEDIUM', 'mean': 31895.7054774715, 'std': 10990.283974388443, 'timestamp': 1788261467232}",,,,
1355523374926790656,1788252416000-632578958264631296-1355523374926790656,1788252416000,1788265282000,1,131.016,43.993,2.9781101538881183,632578958264631296,1788252416000,1355523374926790656,NL01AJ3747,12866000,1788265282000,116.14150787112885,131.016,3.549999999999727,43.992995405730625,2.978110464897636,138.0,43.992995405730625,1788252416000-632578958264631296-1355523374926790656,"{'confidence': 60.1, 'count': 11, 'error_code': None, 'flags': {'alta-status': 'present', 'alta_partial': False, 'gps_dup_rows_count': 0}, 'load_class': 'HIGH', 'mean': 55441.13733849458, 'std': 14674.66230869282, 'timestamp': 1788271599411}",,,,
1536014550107684864,1788279101000-632578958264631296-1536014550107684864,1788279101000,1788290191000,1,130.423,44.918,2.9035798566276325,632578958264631296,1788279101000,1536014550107684864,NL01AK9195,11090000,1788290191000,118.58417863724931,130.423,3.050000000000068,44.918249483806555,2.9035637296377432,134.35000000000218,44.918249483806555,1788279101000-632578958264631296-1536014550107684864,"{'confidence': 62.2, 'count': 15, 'error_code': None, 'flags': {'alta-status': 'present', 'alta_partial': False, 'gps_dup_rows_count': 0}, 'load_class': 'HIGH', 'mean': 57432.07980789228, 'std': 16836.00606639898, 'timestamp': 1788290195325}",,,,
1536014556927623168,1788251214000-632578958264631296-1536014556927623168,1788251214000,1788261312000,1,130.308,39.397,3.3075614894535117,632578958264631296,1788251214000,1536014556927623168,NL01AK9196,10098000,1788261312000,104.00880377780884,130.308,2.75,39.39727415826092,3.3075384727518435,134.14000000000306,39.39727415826092,1788251214000-632578958264631296-1536014556927623168,"{'confidence': 53.8, 'count': 15, 'error_code': None, 'flags': {'alta-status': 'present', 'alta_partial': False, 'gps_dup_rows_count': 0}, 'load_class': 'HIGH', 'mean': 68088.26226612415, 'std': 24350.555250039517, 'timestamp': 1788261758926}",,,,
1454186236603269120,1788260470000-632578958264631296-1454186236603269120,1788260470000,1788271900000,1,130.114,36.868,3.529185201258544,632578958264631296,1788260470000,1454186236603269120,Rj47GA5305,11430000,1788271900000,97.33080858457609,130.114,3.100000000000364,36.86773052446064,3.529210996963137,134.79999999998836,36.86773052446064,1788260470000-632578958264631296-1454186236603269120,"{'confidence': 66.2, 'count': 9, 'error_code': None, 'flags': {'alta-status': 'present', 'alta_partial': False, 'gps_dup_rows_count': 0}, 'load_class': 'HIGH', 'mean': 41971.79970856354, 'std': 8516.32353685756, 'timestamp': 1788272588732}",,,,
944571594812948480,1788261014000-632578958264631296-944571594812948480,1788261014000,1788272257000,1,130.098,26.186,4.968227297028947,632578958264631296,1788261014000,944571594812948480,RJ47GA2733,11243000,1788272257000,69.12993807404806,130.098,3.1014341666666665,26.185582603806083,4.968306490193967,140.25,22.877941658537996,1788261014000-632578958264631296-944571594812948480,"{'confidence': 62.1, 'count': 12, 'error_code': None, 'flags': {'alta-status': 'present', 'alta_partial': False, 'gps_dup_rows_count': 0}, 'load_class': 'MEDIUM', 'mean': 23878.9225610345, 'std': 6275.171199088042, 'timestamp': 1788272272960}",,,,
870309644059279360,1788260529000-632578958264631296-870309644059279360,1788260529000,1788270674000,1,129.933,33.986,3.8231330547872653,632578958264631296,1788260529000,870309644059279360,RJ47GA4518,10145000,1788270674000,89.7239625031285,129.933,2.7999999999992724,33.98634943300322,3.8230937469802386,135.90000000002328,33.98634943300322,1788260529000-632578958264631296-870309644059279360,"{'confidence': 77.7, 'count': 8, 'error_code': None, 'flags': {'alta-status': 'present', 'alta_partial': False, 'gps_dup_rows_count': 0}, 'load_class': 'HIGH', 'mean': 46563.33664024051, 'std': 5882.563637382806, 'timestamp': 1788271436005}",,,,0.0
1127222273418199040,1788222295000-632578958264631296-1127222273418199040,1788222295000,1788234950000,1,129.767,48.331,2.684964101715255,632578958264631296,1788222295000,1127222273418199040,RJ47GA3844,12655000,1788234950000,127.59402342137138,129.767,3.4500000000007276,48.331069477792184,2.6849602419749288,130.625,48.331069477792184,1788222295000-632578958264631296-1127222273418199040,"{'confidence': None, 'count': None, 'error_code': 'RANSAC_NO_VALID_MODEL', 'flags': {'alta-status': 'present', 'alta_partial': False, 'gps_dup_rows_count': 0}, 'load_class': None, 'mean': None, 'std': None, 'timestamp': 1788234989844}",,,,
1536014758619119616,1788244336000-632578958264631296-1536014758619119616,1788244336000,1788254109000,1,129.682,40.899,3.1707865717988213,632578958264631296,1788244336000,1536014758619119616,RJ47GA8942,9773000,1788254109000,107.97327948093455,129.682,2.2999999999999545,40.89896950035399,3.1707889363539477,,40.89896950035399,1788244336000-632578958264631296-1536014758619119616,"{'confidence': 65.2, 'count': 12, 'error_code': None, 'flags': {'alta-status': 'present', 'alta_partial': False, 'gps_dup_rows_count': 0}, 'load_class': 'HIGH', 'mean': 61640.705224257035, 'std': 14851.71139565419, 'timestamp': 1788254115185}",,,,
798991075485155328,1788222071000-632578958264631296-798991075485155328,1788222071000,1788232872000,1,129.666,41.875,3.0965014925373135,632578958264631296,1788222071000,798991075485155328,RJ47GA3120,10801000,1788232872000,110.54949206280513,129.666,2.9500000000007276,41.874807599547395,3.0965157199050988,147.59999999997672,41.874807599547395,1788222071000-632578958264631296-798991075485155328,"{'confidence': 53.1, 'count': 10, 'error_code': None, 'flags': {'alta-status': 'present', 'alta_partial': False, 'gps_dup_rows_count': 0}, 'load_class': 'HIGH', 'mean': 57143.44377668373, 'std': 16960.092433407848, 'timestamp': 1788232919685}",['900758004213743622'],,900758004213743622,
1406586595699589120,1788226267000-632578958264631296-1406586595699589120,1788226267000,1788237848000,1,129.257,45.831,2.8202963059937596,632578958264631296,1788226267000,1406586595699589120,NL01AJ7423,11581000,1788237848000,120.99386245183571,129.257,3.199999999999818,45.83100850448322,2.820295782654575,135.5,45.83100850448322,1788226267000-632578958264631296-1406586595699589120,"{'confidence': 78.3, 'count': 19, 'error_code': None, 'flags': {'alta-status': 'present', 'alta_partial': False, 'gps_dup_rows_count': 0}, 'load_class': 'HIGH', 'mean': 51637.80389788044, 'std': 9748.854356390244, 'timestamp': 1788237854522}",,,,
946030376206204928,1788256741000-632578958264631296-946030376206204928,1788256741000,1788266553000,1,129.214,46.524,2.7773622216490415,632578958264631296,1788256741000,946030376206204928,RJ47GA4009,9812000,1788266553000,122.82223765052545,129.214,2.649999999999636,46.523574867623275,2.777387601182013,138.125,46.523574867623275,1788256741000-632578958264631296-946030376206204928,"{'confidence': 58, 'count': 17, 'error_code': None, 'flags': {'alta-status': 'present', 'alta_partial': False, 'gps_dup_rows_count': 0}, 'load_class': 'HIGH', 'mean': 52008.028927722655, 'std': 17992.077204655918, 'timestamp': 1788269428806}",,,,
1471165285556813824,1788248691000-632578958264631296-1471165285556813824,1788248691000,1788259501000,1,129.125,39.694,3.2530105305587744,632578958264631296,1788248691000,1471165285556813824,NL01AK2623,10810000,1788259501000,104.79148673680311,129.125,3.0,39.69374497606178,3.2530314304652226,129.125,39.69374497606178,1788248691000-632578958264631296-1471165285556813824,"{'confidence': 51.8, 'count': 10, 'error_code': None, 'flags': {'alta-status': 'present', 'alta_partial': False, 'gps_dup_rows_count': 0}, 'load_class': 'HIGH', 'mean': 49597.98473694591, 'std': 15123.815562454507, 'timestamp': 1788259809441}",,,,
1138782810882965504,1788263526000-632578958264631296-1138782810882965504,1788263526000,1788276505000,1,128.969,24.454,5.27394291322483,632578958264631296,1788263526000,1138782810882965504,RJ47GA6253,12979000,1788276505000,64.55963518191501,128.969,3.5499999999992724,24.4544072658769,5.273855080509773,135.0,24.4544072658769,1788263526000-632578958264631296-1138782810882965504,"{'confidence': 73.3, 'count': 8, 'error_code': None, 'flags': {'alta-status': 'present', 'alta_partial': False, 'gps_dup_rows_count': 0}, 'load_class': 'LOW', 'mean': 9765.39067760302, 'std': 1477.1404001655624, 'timestamp': 1788276511258}",,,,
1406228892573761536,1788273866000-632578958264631296-1406228892573761536,1788273866000,1788286401000,1,128.871,45.127,2.8557404657965297,632578958264631296,1788273866000,1406228892573761536,NL01AJ7421,12535000,1788286401000,119.1348348601052,128.871,3.450000000000273,45.12683138640348,2.855751136093023,136.91999999999825,45.12683138640348,1788273866000-632578958264631296-1406228892573761536,"{'confidence': 76, 'count': 23, 'error_code': None, 'flags': {'alta-status': 'present', 'alta_partial': False, 'gps_dup_rows_count': 0}, 'load_class': 'HIGH', 'mean': 48379.60400928942, 'std': 11136.109963807383, 'timestamp': 1788286408211}",,,,
1046443765134262272,1788259776000-632578958264631296-1046443765134262272,1788259776000,1788273408000,1,128.838,48.105,2.6782662924851888,632578958264631296,1788259776000,1046443765134262272,RJ47GA4014,13632000,1788273408000,126.99690408286659,128.838,3.75,48.104887910176735,2.678272533148215,131.125,48.104887910176735,1788259776000-632578958264631296-1046443765134262272,"{'confidence': 47.2, 'count': 5, 'error_code': None, 'flags': {'alta-status': 'present', 'alta_partial': False, 'gps_dup_rows_count': 0}, 'load_class': 'LOW', 'mean': 26804.67431040313, 'std': 6330.660633646369, 'timestamp': 1788273422944}",,,,
926578486859005952,1788259725000-632578958264631296-926578486859005952,1788259725000,1788273264000,1,128.758,49.071,2.6239122903547925,632578958264631296,1788259725000,926578486859005952,RJ47GA4004,13539000,1788273264000,129.547558426874,128.758,3.7000000000000455,49.07104485866439,2.623909891685655,116.0,49.07104485866439,1788259725000-632578958264631296-926578486859005952,"{'confidence': 0, 'count': 2, 'error_code': None, 'flags': {'alta-status': 'present', 'alta_partial': False, 'gps_dup_rows_count': 0}, 'load_class': 'MEDIUM', 'mean': 39291.30369335648, 'std': 20436.542028208656, 'timestamp': 1788273280302}",,,,
1536014660929585152,1788227597000-632578958264631296-1536014660929585152,1788227597000,1788241660000,1,128.679,56.44,2.279925584691708,632578958264631296,1788227597000,1536014660929585152,RJ47GA8897,14063000,1788241660000,149.0016823937366,128.679,3.849999999999909,56.4400312097487,2.2799243239570304,132.02999999999884,56.440031209748696,1788227597000-632578958264631296-1536014660929585152,"{'confidence': 72.3, 'count': 23, 'error_code': None, 'flags': {'alta-status': 'present', 'alta_partial': False, 'gps_dup_rows_count': 0}, 'load_class': 'HIGH', 'mean': 69986.63048424252, 'std': 18619.952253964075, 'timestamp': 1788241701699}",,,,
784445389880164352,1788301945000-632578958264631296-784445389880164352,1788301945000,1788315948000,1,128.669,49.635,2.5923038178704547,632578958264631296,1788301945000,784445389880164352,RJ47GA3188,14003000,1788315948000,131.03686059487802,128.669,3.8000000000010914,49.63517446775682,2.5922947059163426,144.59999999997672,49.63517446775682,1788301945000-632578958264631296-784445389880164352,"{'confidence': 75.9, 'count': 36, 'error_code': None, 'flags': {'alta-status': 'present', 'alta_partial': False, 'gps_dup_rows_count': 0}, 'load_class': 'HIGH', 'mean': 53182.52379296698, 'std': 15393.24112665038, 'timestamp': 1788315962392}",['900758004171800596'],,900758004171800596,
798236529196531712,1788307151000-632578958264631296-798236529196531712,1788307151000,1788318917000,1,128.585,59.515,2.160547761068638,632578958264631296,1788307151000,798236529196531712,RJ47GA3075,11766000,1788318917000,157.1195040907285,128.585,3.2000000000007276,59.51496367073049,2.1605490799154805,144.79999999998836,59.51496367073049,1788307151000-632578958264631296-798236529196531712,"{'confidence': 54.5, 'count': 5, 'error_code': None, 'flags': {'alta-status': 'present', 'alta_partial': False, 'gps_dup_rows_count': 0}, 'load_class': 'HIGH', 'mean': 42926.83950830527, 'std': 8737.468904756217, 'timestamp': 1788319032143}",['900758004205355009'],,900758004205355009,
1153273376152748032,1788221079000-632578958264631296-1153273376152748032,1788221079000,1788234287000,1,128.504,50.386,2.5503909816218786,632578958264631296,1788221079000,1153273376152748032,RJ47GA6313,13208000,1788234287000,133.01814008215123,128.504,3.6500000000005457,50.38565912202698,2.5504082359780464,135.5,50.38565912202698,1788221079000-632578958264631296-1153273376152748032,"{'confidence': 72.1, 'count': 9, 'error_code': None, 'flags': {'alta-status': 'present', 'alta_partial': False, 'gps_dup_rows_count': 0}, 'load_class': 'MEDIUM', 'mean': 41831.69325579772, 'std': 7007.650598698621, 'timestamp': 1788234336851}",,,,
1286311379313098752,1788229001000-632578958264631296-1286311379313098752,1788229001000,1788242127000,1,128.282,45.102,2.844264112456211,632578958264631296,1788229001000,1286311379313098752,RJ47GA3711,13126000,1788242127000,119.06941885337378,128.282,3.600000000000364,45.10205259597491,2.8442607956039767,139.75,45.10205259597491,1788229001000-632578958264631296-1286311379313098752,"{'confidence': 0, 'count': 3, 'error_code': None, 'flags': {'alta-status': 'present', 'alta_partial': False, 'gps_dup_rows_count': 0}, 'load_class': 'HIGH', 'mean': 57848.283594530294, 'std': 24997.32392511507, 'timestamp': 1788242177166}",,,,
1083726988146900992,1788269457000-632578958264631296-1083726988146900992,1788269457000,1788280604000,1,128.072,41.023,3.121955975915949,632578958264631296,1788269457000,1083726988146900992,RJ47GA6307,11147000,1788280604000,108.3008615620316,128.072,3.0,41.02305362198167,3.1219518951503478,137.39999999999418,41.02305362198167,1788269457000-632578958264631296-1083726988146900992,"{'confidence': 47.6, 'count': 12, 'error_code': None, 'flags': {'alta-status': 'present', 'alta_partial': False, 'gps_dup_rows_count': 0}, 'load_class': 'HIGH', 'mean': 58215.819714747966, 'std': 21130.60352333323, 'timestamp': 1788280612065}",,,,
1042868881099587584,1788259799000-632578958264631296-1042868881099587584,1788259799000,1788270024000,1,128.066,39.435,3.2475212374793965,632578958264631296,1788259799000,1042868881099587584,RJ47GA5629,10225000,1788270024000,104.10832063315094,128.066,2.7999999999992724,39.4349699367996,3.2475237132231825,135.5,39.4349699367996,1788259799000-632578958264631296-1042868881099587584,"{'confidence': 72.2, 'count': 5, 'error_code': None, 'flags': {'alta-status': 'present', 'alta_partial': False, 'gps_dup_rows_count': 0}, 'load_class': 'HIGH', 'mean': 61072.67976356343, 'std': 7586.028539195324, 'timestamp': 1788271169411}",,,,
927153603469115392,1788226287000-632578958264631296-927153603469115392,1788226287000,1788237166000,1,128.005,52.688,2.4294905860917093,632578958264631296,1788226287000,927153603469115392,RJ47GA3885,10879000,1788237166000,139.09631999998587,128.005,3.0,52.687999999994645,2.4294905860919567,129.0,52.687999999994645,1788226287000-632578958264631296-927153603469115392,"{'confidence': 68.5, 'count': 25, 'error_code': None, 'flags': {'alta-status': 'present', 'alta_partial': False, 'gps_dup_rows_count': 0}, 'load_class': 'HIGH', 'mean': 61805.59301577824, 'std': 19464.853653186532, 'timestamp': 1788237308995}",,,,
1536014681523617792,1788242639000-632578958264631296-1536014681523617792,1788242639000,1788252568000,1,127.954,50.0,2.55908,632578958264631296,1788242639000,1536014681523617792,NL01AL0109,9929000,1788252568000,132.0,127.954,2.75,50.0,2.55908,131.33000000000175,50.0,1788242639000-632578958264631296-1536014681523617792,"{'confidence': 69.5, 'count': 22, 'error_code': None, 'flags': {'alta-status': 'present', 'alta_partial': False, 'gps_dup_rows_count': 0}, 'load_class': 'HIGH', 'mean': 67733.25683428723, 'std': 19362.217787984613, 'timestamp': 1788252582857}",,,,
1286311379313098752,1788303738000-632578958264631296-1286311379313098752,1788303738000,1788316968000,1,127.941,49.462,2.5866523796045446,632578958264631296,1788303738000,1286311379313098752,RJ47GA3711,13230000,1788316968000,130.58054768387038,127.941,3.650000000001455,49.46232866813271,2.5866351917723,139.75,49.46232866813272,1788303738000-632578958264631296-1286311379313098752,"{'confidence': 60.4, 'count': 14, 'error_code': None, 'flags': {'alta-status': 'present', 'alta_partial': False, 'gps_dup_rows_count': 0}, 'load_class': 'HIGH', 'mean': 76156.68765338766, 'std': 22577.604660433924, 'timestamp': 1788317045832}",,,,
1540361729291059200,1788250444000-632578958264631296-1540361729291059200,1788250444000,1788261236000,1,127.912,34.956,3.659228744707632,632578958264631296,1788250444000,1540361729291059200,NL01AK8391,10792000,1788261236000,92.2830295772189,127.912,2.949999999999932,34.955693021673824,3.6592608797854425,133.0300000000061,34.955693021673824,1788250444000-632578958264631296-1540361729291059200,"{'confidence': 39.6, 'count': 7, 'error_code': None, 'flags': {'alta-status': 'present', 'alta_partial': False, 'gps_dup_rows_count': 0}, 'load_class': 'HIGH', 'mean': 56175.78996738831, 'std': 17944.906499722623, 'timestamp': 1788261744984}",,,,
1042868881099587584,1788271738000-632578958264631296-1042868881099587584,1788271738000,1788282278000,1,127.721,42.887,2.9780819362510784,632578958264631296,1788271738000,1042868881099587584,RJ47GA5629,10540000,1788282278000,113.22229546498735,127.721,2.849999999998545,42.887233130677025,2.9780657476978107,135.5,42.887233130677025,1788271738000-632578958264631296-1042868881099587584,"{'confidence': 95.4, 'count': 3, 'error_code': None, 'flags': {'alta-status': 'present', 'alta_partial': False, 'gps_dup_rows_count': 0}, 'load_class': 'LOW', 'mean': 29158.641437955543, 'std': 465.08028025027704, 'timestamp': 1788282290772}",,,,
1396881382210273280,1788248382000-632578958264631296-1396881382210273280,1788248382000,1788259227000,1,127.121,41.462,3.0659640152428724,632578958264631296,1788248382000,1396881382210273280,NL01AJ6927,10845000,1788259227000,109.4605584739299,127.121,2.950000000000273,41.46233275527647,3.0659394093985863,136.0,41.46233275527647,1788248382000-632578958264631296-1396881382210273280,"{'confidence': 49.5, 'count': 7, 'error_code': None, 'flags': {'alta-status': 'present', 'alta_partial': False, 'gps_dup_rows_count': 0}, 'load_class': 'HIGH', 'mean': 71582.4733172167, 'std': 19145.422631672074, 'timestamp': 1788259492363}",,,,
1046442314819436544,1788248238000-632578958264631296-1046442314819436544,1788248238000,1788259320000,1,127.084,43.088,2.9494058670627554,632578958264631296,1788248238000,1046442314819436544,RJ47GA3600,11082000,1788259320000,113.75234243412612,127.084,3.0,43.08800849777504,2.9494052853838046,,43.08800849777504,1788248238000-632578958264631296-1046442314819436544,"{'confidence': 58.5, 'count': 18, 'error_code': None, 'flags': {'alta-status': 'present', 'alta_partial': False, 'gps_dup_rows_count': 0}, 'load_class': 'HIGH', 'mean': 66720.5304007772, 'std': 23516.27704689096, 'timestamp': 1788259612782}",,,,
1389243594644127744,1788251163000-632578958264631296-1389243594644127744,1788251163000,1788264186000,1,126.486,51.806,2.441531868895495,632578958264631296,1788251163000,1389243594644127744,NL01AJ6142,13023000,1788264186000,136.768453168483,126.486,3.549999999999727,51.80623226078902,2.441520922874263,129.875,51.80623226078902,1788251163000-632578958264631296-1389243594644127744,"{'confidence': 59.6, 'count': 7, 'error_code': None, 'flags': {'alta-status': 'present', 'alta_partial': False, 'gps_dup_rows_count': 6}, 'load_class': 'HIGH', 'mean': 57548.70085974563, 'std': 12308.11673903099, 'timestamp': 1788267913668}",,,,
809467481230934016,1788250481000-632578958264631296-809467481230934016,1788250481000,1788261231000,1,126.292,42.0,3.006952380952381,632578958264631296,1788250481000,809467481230934016,RJ47GA3181,10750000,1788261231000,110.88000000000001,126.292,2.899999999999636,42.0,3.006952380952381,141.10000000003492,42.0,1788250481000-632578958264631296-809467481230934016,"{'confidence': 69, 'count': 24, 'error_code': None, 'flags': {'alta-status': 'present', 'alta_partial': False, 'gps_dup_rows_count': 0}, 'load_class': 'HIGH', 'mean': 61895.71363652492, 'std': 18816.670033512946, 'timestamp': 1788261621389}",['900758004217937927'],,900758004217937927,
1067763772824748032,1788222499000-632578958264631296-1067763772824748032,1788222499000,1788236097000,1,126.283,65.583,1.9255447295793118,632578958264631296,1788222499000,1067763772824748032,RJ47GA6232,13598000,1788236097000,173.139682355178,126.283,3.75,65.583213013325,1.925538475437948,133.29999999998836,65.583213013325,1788222499000-632578958264631296-1067763772824748032,"{'confidence': 69.4, 'count': 20, 'error_code': None, 'flags': {'alta-status': 'present', 'alta_partial': False, 'gps_dup_rows_count': 0}, 'load_class': 'HIGH', 'mean': 78975.89131850921, 'std': 21614.190485361734, 'timestamp': 1788236185922}",,,,
922469481249243136,1788307015000-632578958264631296-922469481249243136,1788307015000,1788317770000,1,126.131,25.626,4.921993288066807,632578958264631296,1788307015000,922469481249243136,RJ47GA3799,10755000,1788317770000,67.65304074459867,126.131,2.9499999999989086,25.626151797196467,4.921964132507749,128.75,25.626151797196467,1788307015000-632578958264631296-922469481249243136,"{'confidence': 57.8, 'count': 10, 'error_code': None, 'flags': {'alta-status': 'present', 'alta_partial': False, 'gps_dup_rows_count': 0}, 'load_class': 'LOW', 'mean': 24610.54486560733, 'std': 6563.962570383957, 'timestamp': 1788317784250}",,,,
1428366867084345344,1788226018000-632578958264631296-1428366867084345344,1788226018000,1788236134000,1,125.69,37.636,3.3396216388564137,632578958264631296,1788226018000,1428366867084345344,NL01AJ9498,10116000,1788236134000,99.35883267946788,125.69,2.75,37.63592146949541,3.339628607256873,130.125,37.63592146949541,1788226018000-632578958264631296-1428366867084345344,"{'confidence': 60.2, 'count': 12, 'error_code': None, 'flags': {'alta-status': 'present', 'alta_partial': False, 'gps_dup_rows_count': 0}, 'load_class': 'HIGH', 'mean': 53895.867303026826, 'std': 14852.798394710515, 'timestamp': 1788236680290}",,,,
1076923968528580608,1788250921000-632578958264631296-1076923968528580608,1788250921000,1788262088000,1,125.624,42.417,2.96164273758163,632578958264631296,1788250921000,1076923968528580608,RJ47GA3821,11167000,1788262088000,111.98101309579035,125.624,3.0500000000000114,42.4170504150721,2.9616392175011272,125.75,42.4170504150721,1788250921000-632578958264631296-1076923968528580608,"{'confidence': 67.5, 'count': 14, 'error_code': None, 'flags': {'alta-status': 'present', 'alta_partial': False, 'gps_dup_rows_count': 0}, 'load_class': 'HIGH', 'mean': 48306.549734040986, 'std': 11751.931216562607, 'timestamp': 1788262889262}",,,,
1259200800735887360,1788255040000-632578958264631296-1259200800735887360,1788255040000,1788270032000,1,125.62,46.525,2.7000537345513167,632578958264631296,1788255040000,1259200800735887360,NL01AH5402,14992000,1788270032000,122.82621104130509,125.62,4.099999999999454,46.525079939888286,2.7000490952902085,132.37000000002445,46.525079939888286,1788255040000-632578958264631296-1259200800735887360,"{'confidence': 58.3, 'count': 11, 'error_code': None, 'flags': {'alta-status': 'present', 'alta_partial': False, 'gps_dup_rows_count': 0}, 'load_class': 'MEDIUM', 'mean': 38816.86581637824, 'std': 10735.796161940234, 'timestamp': 1788271533481}",,,,
1175796546902425600,1788268532000-632578958264631296-1175796546902425600,1788268532000,1788282010000,1,125.522,48.359,2.5956285282987657,632578958264631296,1788268532000,1175796546902425600,RJ47GA6338,13478000,1788282010000,127.66720940579903,125.522,3.6525000000005456,48.35879144159054,2.5956397225437264,132.70000000001164,48.37361663929471,1788268532000-632578958264631296-1175796546902425600,"{'confidence': 62.6, 'count': 4, 'error_code': None, 'flags': {'alta-status': 'present', 'alta_partial': False, 'gps_dup_rows_count': 0}, 'load_class': 'MEDIUM', 'mean': 36445.569239920194, 'std': 5455.379533236919, 'timestamp': 1788282015694}",,,,
1585283247909109760,1788306494000-632578958264631296-1585283247909109760,1788306494000,1788317933000,1,125.338,35.834,3.497739576938103,632578958264631296,1788306494000,1585283247909109760,RJ47GA5321,11439000,1788317933000,94.60196661864093,125.338,3.149999999999636,35.834078264636716,3.4977319375810842,130.79999999998836,35.834078264636716,1788306494000-632578958264631296-1585283247909109760,"{'confidence': 19.8, 'count': 5, 'error_code': None, 'flags': {'alta-status': 'present', 'alta_partial': False, 'gps_dup_rows_count': 0}, 'load_class': 'HIGH', 'mean': 47594.791862310456, 'std': 17067.884282782987, 'timestamp': 1788317938556}",,,,
1363836271826305024,1788252552000-632578958264631296-1363836271826305024,1788252552000,1788265847000,1,125.02,57.022,2.1924871102381536,632578958264631296,1788252552000,1363836271826305024,NL01AJ4205,13295000,1788265847000,150.5384306075335,125.02,3.650000000000091,57.0221328058839,2.1924820038842823,128.375,57.0221328058839,1788252552000-632578958264631296-1363836271826305024,"{'confidence': 64.6, 'count': 6, 'error_code': None, 'flags': {'alta-status': 'present', 'alta_partial': False, 'gps_dup_rows_count': 28}, 'load_class': 'HIGH', 'mean': 49894.48012095241, 'std': 8662.55829096738, 'timestamp': 1788268754314}",,,,
939547417898909696,1788238662000-632578958264631296-939547417898909696,1788238662000,1788248934000,1,124.867,43.767,2.8529942650855666,632578958264631296,1788238662000,939547417898909696,RJ14GN1565,10272000,1788248934000,115.54495593483755,124.867,2.7999999999992724,43.76702876319604,2.8529923901300203,129.20000000001164,43.76702876319604,1788238662000-632578958264631296-939547417898909696,"{'confidence': 66.2, 'count': 11, 'error_code': None, 'flags': {'alta-status': 'present', 'alta_partial': False, 'gps_dup_rows_count': 0}, 'load_class': 'HIGH', 'mean': 51543.495902760056, 'std': 11567.305580490833, 'timestamp': 1788248944164}",,,,
1101524127430213632,1788235790000-632578958264631296-1101524127430213632,1788235790000,1788245866000,1,124.294,50.994,2.4374240106679217,632578958264631296,1788235790000,1101524127430213632,RJ47GA3640,10076000,1788245866000,134.62407951156544,124.294,2.7000000000007276,50.9939695119566,2.4374254679439433,125.875,50.9939695119566,1788235790000-632578958264631296-1101524127430213632,"{'confidence': 73.6, 'count': 18, 'error_code': None, 'flags': {'alta-status': 'present', 'alta_partial': False, 'gps_dup_rows_count': 0}, 'load_class': 'HIGH', 'mean': 53591.27459402693, 'std': 11993.737149770253, 'timestamp': 1788245886798}",,,,
1406228892573761536,1788253101000-632578958264631296-1406228892573761536,1788253101000,1788265043000,1,123.76,49.452,2.5026288117770767,632578958264631296,1788253101000,1406228892573761536,NL01AJ7421,11942000,1788265043000,130.55311241913375,123.76,3.299999999999727,49.45193652239915,2.502632024206841,131.49000000000524,49.45193652239915,1788253101000-632578958264631296-1406228892573761536,"{'confidence': 81.3, 'count': 30, 'error_code': None, 'flags': {'alta-status': 'present', 'alta_partial': False, 'gps_dup_rows_count': 0}, 'load_class': 'HIGH', 'mean': 52694.492333060174, 'std': 10766.957459701047, 'timestamp': 1788268289217}",,,,
1536014529144553472,1788258994000-632578958264631296-1536014529144553472,1788258994000,1788269245000,1,123.572,36.048,3.4279849090102084,632578958264631296,1788258994000,1536014529144553472,NL01AK8376,10251000,1788269245000,95.16574796494656,123.572,2.8500000000000227,36.047631804904,3.42801992288406,127.22000000000116,36.047631804904,1788258994000-632578958264631296-1536014529144553472,"{'confidence': 64.3, 'count': 12, 'error_code': None, 'flags': {'alta-status': 'present', 'alta_partial': False, 'gps_dup_rows_count': 0}, 'load_class': 'HIGH', 'mean': 52042.68766432089, 'std': 12880.682583364225, 'timestamp': 1788270916047}",,,,
1536014577374855168,1788224515000-632578958264631296-1536014577374855168,1788224515000,1788234930000,1,123.432,44.339,2.783824623920251,632578958264631296,1788224515000,1536014577374855168,NL01AK9194,10415000,1788234930000,117.05505429157323,123.432,2.8500000000000227,44.33903571650501,2.7838223814608805,126.3849999999984,44.33903571650501,1788224515000-632578958264631296-1536014577374855168,"{'confidence': 79.9, 'count': 22, 'error_code': None, 'flags': {'alta-status': 'present', 'alta_partial': False, 'gps_dup_rows_count': 0}, 'load_class': 'HIGH', 'mean': 51718.55172034102, 'std': 9773.995688024224, 'timestamp': 1788235920114}",,,,
866686329780436992,1788261236000-632578958264631296-866686329780436992,1788261236000,1788274703000,1,123.359,36.041,3.4227407674592825,632578958264631296,1788261236000,866686329780436992,RJ47GA4408,13467000,1788274703000,95.14913518131121,123.359,3.7000000000007276,36.04133908383,3.422708565657739,128.0,36.04133908383,1788261236000-632578958264631296-866686329780436992,"{'confidence': 50.2, 'count': 4, 'error_code': None, 'flags': {'alta-status': 'present', 'alta_partial': False, 'gps_dup_rows_count': 0}, 'load_class': 'HIGH', 'mean': 46610.81219625851, 'std': 9288.933319697477, 'timestamp': 1788274711555}",,,,1.5941326328599825
965194336809517056,1788305110000-632578958264631296-965194336809517056,1788305110000,1788315968000,1,123.347,47.436,2.6002824858757063,632578958264631296,1788305110000,965194336809517056,RJ14GN1584,10858000,1788315968000,125.22987453846058,123.347,0.0,47.43555853729567,2.6003066856063226,,47.43555853729567,1788305110000-632578958264631296-965194336809517056,"{'confidence': 81, 'count': 3, 'error_code': None, 'flags': {'alta-status': 'present', 'alta_partial': False, 'gps_dup_rows_count': 0}, 'load_class': 'LOW', 'mean': 16925.78891722878, 'std': 1115.4130453195469, 'timestamp': 1788315986810}",,,,
947452563299500032,1788253007000-632578958264631296-947452563299500032,1788253007000,1788264492000,1,123.178,47.259,2.606445333164053,632578958264631296,1788253007000,947452563299500032,RJ47GA2721,11485000,1788264492000,124.76286783116421,123.178,3.149999999999636,47.25866205725917,2.606463971636692,,47.25866205725917,1788253007000-632578958264631296-947452563299500032,"{'confidence': 47.3, 'count': 6, 'error_code': None, 'flags': {'alta-status': 'present', 'alta_partial': False, 'gps_dup_rows_count': 0}, 'load_class': 'HIGH', 'mean': 41954.8394909067, 'std': 10828.855260678367, 'timestamp': 1788268183574}",,,,
1524760784293330944,1788255432000-632578958264631296-1524760784293330944,1788255432000,1788268738000,1,122.663,42.325,2.8981216774955696,632578958264631296,1788255432000,1524760784293330944,Rj47GA5526,13306000,1788268738000,111.73901753485615,122.663,3.649999999999636,42.32538542986975,2.8980952861786493,130.39999999999418,42.32538542986975,1788255432000-632578958264631296-1524760784293330944,"{'confidence': 49.7, 'count': 12, 'error_code': None, 'flags': {'alta-status': 'present', 'alta_partial': False, 'gps_dup_rows_count': 10}, 'load_class': 'HIGH', 'mean': 45662.08609370455, 'std': 15920.670369938842, 'timestamp': 1788270560495}",,,,
866686329780436992,1788238035000-632578958264631296-866686329780436992,1788238035000,1788249210000,1,122.645,37.893,3.236613622568812,632578958264631296,1788238035000,866686329780436992,RJ47GA4408,11175000,1788249210000,100.03621170444397,122.645,3.099999999998545,37.8925044335015,3.2366559517128977,126.90000000002328,37.8925044335015,1788238035000-632578958264631296-866686329780436992,"{'confidence': 68.4, 'count': 6, 'error_code': None, 'flags': {'alta-status': 'present', 'alta_partial': False, 'gps_dup_rows_count': 0}, 'load_class': 'HIGH', 'mean': 49501.938620788846, 'std': 7651.188016290513, 'timestamp': 1788249264423}",,,,1.697553528934659
873916972050415616,1788275944000-632578958264631296-873916972050415616,1788275944000,1788286029000,1,122.495,33.957,3.6073563624584035,632578958264631296,1788275944000,873916972050415616,RJ14GN1586,10085000,1788286029000,89.64674387079816,122.495,2.7999999999992724,33.95709995105991,3.6073457443817003,128.09999999997672,33.95709995105991,1788275944000-632578958264631296-873916972050415616,"{'confidence': 60.9, 'count': 7, 'error_code': None, 'flags': {'alta-status': 'present', 'alta_partial': False, 'gps_dup_rows_count': 0}, 'load_class': 'HIGH', 'mean': 45236.85731671539, 'std': 9352.524900967113, 'timestamp': 1788286035285}",,,,1.2629037214411618
1120316662394912768,1788234532000-632578958264631296-1120316662394912768,1788234532000,1788247056000,1,122.433,45.229,2.7069579252249665,632578958264631296,1788234532000,1120316662394912768,RJ47GA6414,12524000,1788247056000,119.40383524153576,122.433,3.449999999999818,45.2287254702787,2.7069743559423274,127.69999999998254,45.2287254702787,1788234532000-632578958264631296-1120316662394912768,"{'confidence': 58.2, 'count': 4, 'error_code': None, 'flags': {'alta-status': 'present', 'alta_partial': False, 'gps_dup_rows_count': 0}, 'load_class': 'LOW', 'mean': 24924.466439607677, 'std': 4164.4271760715665, 'timestamp': 1788247080465}",,,,
1050036721544069120,1788262775000-632578958264631296-1050036721544069120,1788262775000,1788277660000,1,122.273,60.828,2.0101433550338657,632578958264631296,1788262775000,1050036721544069120,RJ47GA5834,14885000,1788277660000,160.5847594226965,122.273,4.099999999999454,60.82756038738503,2.010157882731034,129.60000000000582,60.82756038738502,1788262775000-632578958264631296-1050036721544069120,"{'confidence': 0, 'count': 2, 'error_code': None, 'flags': {'alta-status': 'present', 'alta_partial': False, 'gps_dup_rows_count': 0}, 'load_class': 'LOW', 'mean': 26932.803880993575, 'std': 8421.068115114005, 'timestamp': 1788277667389}",,,,
1067793936933715968,1788249840000-632578958264631296-1067793936933715968,1788249840000,1788262130000,1,122.0,47.846,2.5498474271621454,632578958264631296,1788249840000,1067793936933715968,RJ47GA3357,12290000,1788262130000,126.31428897602352,122.0,3.3999999999998636,47.84632158182709,2.549830289280542,122.0,47.84632158182709,1788249840000-632578958264631296-1067793936933715968,"{'confidence': 52.7, 'count': 11, 'error_code': None, 'flags': {'alta-status': 'present', 'alta_partial': False, 'gps_dup_rows_count': 0}, 'load_class': 'HIGH', 'mean': 59051.71276999109, 'std': 18521.726642261212, 'timestamp': 1788262940934}",,,,
1094588896550846464,1788253457000-632578958264631296-1094588896550846464,1788253457000,1788266169000,1,121.969,41.769,2.9200842730254495,632578958264631296,1788253457000,1094588896550846464,RJ47GA5976,12712000,1788266169000,110.26899953142576,121.969,3.4500000000007276,41.76856042857036,2.920115003929397,125.38999999998487,41.76856042857036,1788253457000-632578958264631296-1094588896550846464,"{'confidence': 71.5, 'count': 12, 'error_code': None, 'flags': {'alta-status': 'present', 'alta_partial': False, 'gps_dup_rows_count': 0}, 'load_class': 'MEDIUM', 'mean': 35654.42178945004, 'std': 7032.322326809508, 'timestamp': 1788268938910}",,,,
947583099720433664,1788241000000-632578958264631296-947583099720433664,1788241000000,1788253461000,1,121.502,34.318,3.540474386619267,632578958264631296,1788241000000,947583099720433664,RJ47GA2689,12461000,1788253461000,90.59831286882769,121.502,3.399999999999636,34.31754275334382,3.5405215598707493,133.75,34.31754275334382,1788241000000-632578958264631296-947583099720433664,"{'confidence': 59.1, 'count': 11, 'error_code': None, 'flags': {'alta-status': 'present', 'alta_partial': False, 'gps_dup_rows_count': 0}, 'load_class': 'HIGH', 'mean': 48028.11966127496, 'std': 13024.165069343282, 'timestamp': 1788253919390}",,,,
780451764301201408,1788241070000-632578958264631296-780451764301201408,1788241070000,1788253186000,1,121.491,41.144,2.9528242271048026,632578958264631296,1788241070000,780451764301201408,RJ47GA3344,12116000,1788253186000,108.62028122747371,121.491,3.3000000000010914,41.144045919497614,2.952820931556151,136.60000000003492,41.144045919497614,1788241070000-632578958264631296-780451764301201408,"{'confidence': 79.6, 'count': 8, 'error_code': None, 'flags': {'alta-status': 'present', 'alta_partial': False, 'gps_dup_rows_count': 0}, 'load_class': 'HIGH', 'mean': 53051.31556208802, 'std': 6122.210825542464, 'timestamp': 1788253209083}",['900758004230520833'],,900758004230520833,
874363612666265600,1788261930000-632578958264631296-874363612666265600,1788261930000,1788272230000,1,121.069,32.325,3.7453673627223507,632578958264631296,1788261930000,874363612666265600,RJ47GA1973,10300000,1788272230000,85.33700758531724,121.069,0.0,32.32462408534744,3.745410918943366,125.125,32.32462408534744,1788261930000-632578958264631296-874363612666265600,"{'confidence': 73.3, 'count': 4, 'error_code': None, 'flags': {'alta-status': 'present', 'alta_partial': False, 'gps_dup_rows_count': 0}, 'load_class': 'LOW', 'mean': 23195.28563492349, 'std': 2478.7993463390626, 'timestamp': 1788272245776}",['900758004175994887'],,900758004175994887,
1540361603277389824,1788255429000-632578958264631296-1540361603277389824,1788255429000,1788264861000,1,121.055,25.401,4.765757253651431,632578958264631296,1788255429000,1540361603277389824,NL01AK8393,9432000,1788264861000,67.05797896945035,121.055,2.6000000000000227,25.400749609640283,4.76580423256707,124.95000000000073,25.400749609640283,1788255429000-632578958264631296-1540361603277389824,"{'confidence': 78.7, 'count': 24, 'error_code': None, 'flags': {'alta-status': 'present', 'alta_partial': False, 'gps_dup_rows_count': 0}, 'load_class': 'LOW', 'mean': 19804.855608910653, 'std': 4134.369591644045, 'timestamp': 1788268327835}",,,,
1371466234314358784,1788239864000-632578958264631296-1371466234314358784,1788239864000,1788250050000,1,120.605,41.9,2.878400954653938,632578958264631296,1788239864000,1371466234314358784,NL01AJ4829,10186000,1788250050000,110.61635044191765,120.605,2.75,41.90013274315062,2.878391835637208,120.79999999998836,41.90013274315062,1788239864000-632578958264631296-1371466234314358784,"{'confidence': 37.6, 'count': 3, 'error_code': None, 'flags': {'alta-status': 'present', 'alta_partial': False, 'gps_dup_rows_count': 0}, 'load_class': 'MEDIUM', 'mean': 36062.084701144406, 'std': 7791.363156630733, 'timestamp': 1788250054289}",,,,
1479440816106635264,1788262584000-632578958264631296-1479440816106635264,1788262584000,1788274993000,1,120.521,38.075,3.1653578463558762,632578958264631296,1788262584000,1479440816106635264,NL01AK3099,12409000,1788274993000,100.51714270501776,120.521,3.400000000000091,38.07467526705218,3.165384843197666,127.75,38.07467526705218,1788262584000-632578958264631296-1479440816106635264,"{'confidence': 37, 'count': 3, 'error_code': None, 'flags': {'alta-status': 'present', 'alta_partial': False, 'gps_dup_rows_count': 0}, 'load_class': 'HIGH', 'mean': 57838.43886758486, 'std': 12620.81153740967, 'timestamp': 1788275114135}",,,,
947104748366987264,1788248753000-632578958264631296-947104748366987264,1788248753000,1788262142000,1,120.485,24.867,4.845176338118792,632578958264631296,1788248753000,947104748366987264,RJ47GA2627,13389000,1788262142000,65.64967369822318,120.485,3.699999999999818,24.867300643266358,4.845117760404175,139.375,20.71885129482286,1788248753000-632578958264631296-947104748366987264,"{'confidence': 22.4, 'count': 5, 'error_code': None, 'flags': {'alta-status': 'present', 'alta_partial': False, 'gps_dup_rows_count': 0}, 'load_class': 'LOW', 'mean': 19513.965326326896, 'std': 6775.861834014128, 'timestamp': 1788262938581}",,,,
780059706918961152,1788240626000-632578958264631296-780059706918961152,1788240626000,1788249664000,1,119.912,28.828,4.159567087553768,632578958264631296,1788240626000,780059706918961152,RJ47GA3183,9038000,1788249664000,76.10611280418776,119.912,2.4499999999989086,28.8280730318893,4.159556549872573,134.20000000001164,28.8280730318893,1788240626000-632578958264631296-780059706918961152,"{'confidence': 37.1, 'count': 6, 'error_code': None, 'flags': {'alta-status': 'present', 'alta_partial': False, 'gps_dup_rows_count': 0}, 'load_class': 'HIGH', 'mean': 44504.29685983306, 'std': 13712.573479946199, 'timestamp': 1788249761161}",['900758004217937931'],,900758004217937931,
1153273376152748032,1788258667000-632578958264631296-1153273376152748032,1788258667000,1788270669000,1,119.753,40.413,2.9632296538242646,632578958264631296,1788258667000,1153273376152748032,RJ47GA6313,12002000,1788270669000,106.69154012351748,119.753,3.300000000000182,40.41346216799904,2.9631957663559225,126.0,40.41346216799904,1788258667000-632578958264631296-1153273376152748032,"{'confidence': 60.3, 'count': 5, 'error_code': None, 'flags': {'alta-status': 'present', 'alta_partial': False, 'gps_dup_rows_count': 0}, 'load_class': 'HIGH', 'mean': 70442.63909247424, 'std': 12522.169054552172, 'timestamp': 1788271435294}",,,,
1464283595349688320,1788251749000-632578958264631296-1464283595349688320,1788251749000,1788262425000,1,119.623,48.933,2.4446283694030613,632578958264631296,1788251749000,1464283595349688320,NL01AK1961,10676000,1788262425000,129.1837991052476,119.623,2.8999999999998636,48.933257236836205,2.4446155182563576,123.375,48.933257236836205,1788251749000-632578958264631296-1464283595349688320,"{'confidence': 57.4, 'count': 13, 'error_code': None, 'flags': {'alta-status': 'present', 'alta_partial': False, 'gps_dup_rows_count': 0}, 'load_class': 'HIGH', 'mean': 60903.5222265042, 'std': 18726.84093648721, 'timestamp': 1788263221710}",,,,
1486716779844599808,1788305770000-632578958264631296-1486716779844599808,1788305770000,1788318391000,1,119.315,33.28,3.585186298076923,632578958264631296,1788305770000,1486716779844599808,NL01AK3100,12621000,1788318391000,87.85794349632245,119.315,3.4500000000000455,33.27952405163729,3.5852375717533715,126.0,33.27952405163729,1788305770000-632578958264631296-1486716779844599808,"{'confidence': 69.9, 'count': 10, 'error_code': None, 'flags': {'alta-status': 'present', 'alta_partial': False, 'gps_dup_rows_count': 0}, 'load_class': 'HIGH', 'mean': 50788.22734475826, 'std': 9676.719587809366, 'timestamp': 1788318403662}",,,,
1126571257152667648,1788253397000-632578958264631296-1126571257152667648,1788253397000,1788265769000,1,119.156,44.622,2.67034198377482,632578958264631296,1788253397000,1126571257152667648,RJ47GA3861,12372000,1788265769000,117.80099639460578,119.156,3.400000000001455,44.621589543411275,2.670366547208633,125.0,44.621589543411275,1788253397000-632578958264631296-1126571257152667648,"{'confidence': 59.1, 'count': 6, 'error_code': None, 'flags': {'alta-status': 'present', 'alta_partial': False, 'gps_dup_rows_count': 0}, 'load_class': 'HIGH', 'mean': 70583.33889704273, 'std': 14143.817693595342, 'timestamp': 1788269024059}",,,,
1060872975626010624,1788246870000-632578958264631296-1060872975626010624,1788246870000,1788258616000,1,119.036,44.85,2.654091415830546,632578958264631296,1788246870000,1060872975626010624,RJ47GA3504,11746000,1788258616000,118.40411847588123,119.036,3.2000000000007276,44.85004487722774,2.6540887601305303,122.0,44.85004487722774,1788246870000-632578958264631296-1060872975626010624,"{'confidence': 76.4, 'count': 22, 'error_code': None, 'flags': {'alta-status': 'present', 'alta_partial': False, 'gps_dup_rows_count': 0}, 'load_class': 'HIGH', 'mean': 65448.0865133792, 'std': 14516.440365799392, 'timestamp': 1788258838031}",,,,
1396881508228136960,1788222728000-632578958264631296-1396881508228136960,1788222728000,1788235561000,1,118.89,53.956,2.203462080213507,632578958264631296,1788222728000,1396881508228136960,NL01AJ6925,12833000,1788235561000,142.44311914705264,118.89,3.5,53.955726949641154,2.203473231135675,122.75,53.955726949641154,1788222728000-632578958264631296-1396881508228136960,"{'confidence': 68.1, 'count': 20, 'error_code': None, 'flags': {'alta-status': 'present', 'alta_partial': False, 'gps_dup_rows_count': 0}, 'load_class': 'HIGH', 'mean': 58498.019835171675, 'std': 16665.476271984924, 'timestamp': 1788235583400}",,,,
1142833661045899264,1788229531000-632578958264631296-1142833661045899264,1788229531000,1788239878000,1,118.727,38.723,3.0660589313844486,632578958264631296,1788229531000,1142833661045899264,RJ47GA6293,10347000,1788239878000,102.22790022844895,118.727,2.8499999999994543,38.722689480473086,3.0660835182915473,126.20000000001164,38.722689480473086,1788229531000-632578958264631296-1142833661045899264,"{'confidence': 76, 'count': 5, 'error_code': None, 'flags': {'alta-status': 'present', 'alta_partial': False, 'gps_dup_rows_count': 0}, 'load_class': 'HIGH', 'mean': 45522.49985594235, 'std': 4888.521928668863, 'timestamp': 1788239884830}",,,,
792451319469178880,1788263925000-632578958264631296-792451319469178880,1788263925000,1788276169000,1,118.467,39.5,2.9991645569620253,632578958264631296,1788263925000,792451319469178880,RJ47GA3115,12244000,1788276169000,104.28,118.467,3.3000000000010914,39.5,2.9991645569620253,132.70000000001164,39.5,1788263925000-632578958264631296-792451319469178880,"{'confidence': 43.6, 'count': 6, 'error_code': None, 'flags': {'alta-status': 'present', 'alta_partial': False, 'gps_dup_rows_count': 0}, 'load_class': 'HIGH', 'mean': 70267.01846745357, 'std': 19429.156973808855, 'timestamp': 1788276228213}",['900758004209549321'],,900758004209549321,
1064532839803912192,1788265483000-632578958264631296-1064532839803912192,1788265483000,1788278675000,1,118.361,41.431,2.856822186285632,632578958264631296,1788265483000,1064532839803912192,RJ47GA3903,13192000,1788278675000,109.37749707808908,118.361,3.600000000000364,41.43087010533677,2.856831143035872,121.25,41.43087010533677,1788265483000-632578958264631296-1064532839803912192,"{'confidence': 65.6, 'count': 7, 'error_code': None, 'flags': {'alta-status': 'present', 'alta_partial': False, 'gps_dup_rows_count': 0}, 'load_class': 'HIGH', 'mean': 44293.304247201726, 'std': 8060.6643443885, 'timestamp': 1788278684595}",,,,
1135541524696662016,1788249225000-632578958264631296-1135541524696662016,1788249225000,1788259994000,1,118.106,41.891,2.8193645413095894,632578958264631296,1788249225000,1135541524696662016,RJ47GA6226,10769000,1788259994000,110.59165662595873,118.106,2.902321388888525,41.89077902498437,2.8193794135353647,124.70000000001164,41.889614961032706,1788249225000-632578958264631296-1135541524696662016,"{'confidence': 39.2, 'count': 5, 'error_code': None, 'flags': {'alta-status': 'present', 'alta_partial': False, 'gps_dup_rows_count': 0}, 'load_class': 'MEDIUM', 'mean': 42481.97733351221, 'std': 11543.466488981467, 'timestamp': 1788260339340}",,,,
931892603408875520,1788236444000-632578958264631296-931892603408875520,1788236444000,1788245472000,1,118.006,42.162,2.7988710212987997,632578958264631296,1788236444000,931892603408875520,RJ14GN0974,9028000,1788245472000,111.30755468989548,118.006,2.4499999999989086,42.161952534051316,2.7988741722692905,120.80000000004657,42.161952534051316,1788236444000-632578958264631296-931892603408875520,"{'confidence': 0, 'count': 2, 'error_code': None, 'flags': {'alta-status': 'present', 'alta_partial': False, 'gps_dup_rows_count': 0}, 'load_class': 'LOW', 'mean': 30406.702756745835, 'std': 8904.276975336858, 'timestamp': 1788245482159}",,,,
940246634145513472,1788260583000-632578958264631296-940246634145513472,1788260583000,1788272246000,1,117.925,51.281,2.2995846414851506,632578958264631296,1788260583000,940246634145513472,RJ14GN1596,11663000,1788272246000,135.38060034676664,117.925,3.2000000000007276,51.2805304343813,2.2996056983243793,122.19999999995343,51.280530434381305,1788260583000-632578958264631296-940246634145513472,"{'confidence': 65.9, 'count': 8, 'error_code': None, 'flags': {'alta-status': 'present', 'alta_partial': False, 'gps_dup_rows_count': 0}, 'load_class': 'HIGH', 'mean': 86962.32750241164, 'std': 16799.318857274622, 'timestamp': 1788272260221}",,,,
1061351650800697344,1788235408000-632578958264631296-1061351650800697344,1788235408000,1788246316000,1,117.811,46.465,2.5354783170128052,632578958264631296,1788235408000,1061351650800697344,RJ47GA3508,10908000,1788246316000,122.6682744459534,117.811,3.0,46.46525547195204,2.5354643766268454,121.375,46.46525547195204,1788235408000-632578958264631296-1061351650800697344,"{'confidence': 51.2, 'count': 7, 'error_code': None, 'flags': {'alta-status': 'present', 'alta_partial': False, 'gps_dup_rows_count': 0}, 'load_class': 'HIGH', 'mean': 54778.07145177478, 'std': 14138.97255262988, 'timestamp': 1788246320015}",,,,
1138167953473142784,1788242713000-632578958264631296-1138167953473142784,1788242713000,1788254453000,1,117.495,41.31,2.844226579520697,632578958264631296,1788242713000,1138167953473142784,RJ47GA6240,11740000,1788254453000,109.05740905478699,117.495,3.25,41.30962464196477,2.8442524234568234,125.10000000000582,41.30962464196477,1788242713000-632578958264631296-1138167953473142784,"{'confidence': 73.5, 'count': 10, 'error_code': None, 'flags': {'alta-status': 'present', 'alta_partial': False, 'gps_dup_rows_count': 0}, 'load_class': 'HIGH', 'mean': 44887.09725007171, 'std': 7537.207880856777, 'timestamp': 1788254463047}",,,,
939547417898909696,1788258301000-632578958264631296-939547417898909696,1788258301000,1788267392000,1,117.445,39.404,2.9805349710689266,632578958264631296,1788258301000,939547417898909696,RJ14GN1565,9091000,1788267392000,104.02524333677698,117.445,2.5499999999992724,39.40350126393067,2.9805726961504115,123.10000000003492,39.40350126393067,1788258301000-632578958264631296-939547417898909696,"{'confidence': 44.1, 'count': 10, 'error_code': None, 'flags': {'alta-status': 'present', 'alta_partial': False, 'gps_dup_rows_count': 0}, 'load_class': 'HIGH', 'mean': 59331.29095154999, 'std': 20965.34574027369, 'timestamp': 1788269854708}",,,,
1475453057469775872,1788270158000-632578958264631296-1475453057469775872,1788270158000,1788279676000,1,117.403,38.597,3.0417649040080836,632578958264631296,1788270158000,1475453057469775872,NL01AK3037,9518000,1788279676000,101.89486311219238,117.403,2.649999999999636,38.59653905764863,3.041801230536353,124.25,38.59653905764863,1788270158000-632578958264631296-1475453057469775872,"{'confidence': 42.5, 'count': 8, 'error_code': None, 'flags': {'alta-status': 'present', 'alta_partial': False, 'gps_dup_rows_count': 0}, 'load_class': 'HIGH', 'mean': 63229.100320180805, 'std': 20568.599274508702, 'timestamp': 1788279909234}",,,,
1371466234314358784,1788254152000-632578958264631296-1371466234314358784,1788254152000,1788264818000,1,117.099,45.687,2.5630704576794274,632578958264631296,1788254152000,1371466234314358784,NL01AJ4829,10666000,1788264818000,120.61367999999493,117.099,2.900000000000091,45.68699999999808,2.5630704576795353,116.69999999999709,45.68699999999808,1788254152000-632578958264631296-1371466234314358784,"{'confidence': 28.6, 'count': 5, 'error_code': None, 'flags': {'alta-status': 'present', 'alta_partial': False, 'gps_dup_rows_count': 0}, 'load_class': 'HIGH', 'mean': 59026.31394588096, 'std': 18859.858296664137, 'timestamp': 1788268249104}",,,,
800734942576246784,1788297989000-632578958264631296-800734942576246784,1788297989000,1788313522000,1,116.928,29.531,3.959500186244963,632578958264631296,1788297989000,800734942576246784,RJ47GA3337,15533000,1788313522000,77.96102339896969,116.928,4.300000000000182,29.53069068142791,3.9595416599428526,130.40000000002328,29.53069068142791,1788297989000-632578958264631296-800734942576246784,"{'confidence': 44.9, 'count': 4, 'error_code': None, 'flags': {'alta-status': 'present', 'alta_partial': False, 'gps_dup_rows_count': 0}, 'load_class': 'HIGH', 'mean': 32109.022351814794, 'std': 7075.078521805159, 'timestamp': 1788313533671}",['900758004217937929'],,900758004217937929,
951559578305167360,1788224076000-632578958264631296-951559578305167360,1788224076000,1788233633000,1,116.608,34.096,3.419990614734867,632578958264631296,1788224076000,951559578305167360,RJ47GA4675,9557000,1788233633000,90.01475643588674,116.608,0.0,34.0964986499571,3.4199405985091293,121.60000000000582,34.0964986499571,1788224076000-632578958264631296-951559578305167360,"{'confidence': 64.5, 'count': 10, 'error_code': None, 'flags': {'alta-status': 'present', 'alta_partial': False, 'gps_dup_rows_count': 0}, 'load_class': 'HIGH', 'mean': 32548.68833731929, 'std': 7299.091560199129, 'timestamp': 1788234084964}",,,,
1083726561296777216,1788228215000-632578958264631296-1083726561296777216,1788228215000,1788238958000,1,116.6,38.718,3.0115191900408074,632578958264631296,1788228215000,1083726561296777216,RJ47GA6360,10743000,1788238958000,102.21586236903327,116.60000000000582,2.949999999999818,38.71812968523987,3.0115091030457517,116.60000000000582,38.71812968523987,1788228215000-632578958264631296-1083726561296777216,"{'confidence': 70, 'count': 3, 'error_code': None, 'flags': {'alta-status': 'present', 'alta_partial': False, 'gps_dup_rows_count': 0}, 'load_class': 'HIGH', 'mean': 62702.88578654798, 'std': 6525.1053372878805, 'timestamp': 1788239048877}",,,,
1131240373310455808,1788268099000-632578958264631296-1131240373310455808,1788268099000,1788284375000,1,116.4,45.197,2.575392172046817,632578958264631296,1788268099000,1131240373310455808,RJ47GA6179,16276000,1788284375000,119.32130441216698,116.39999999999418,4.449999999999818,45.19746379248749,2.575365744733262,116.39999999999418,45.19746379248749,1788268099000-632578958264631296-1131240373310455808,"{'confidence': 59.7, 'count': 5, 'error_code': None, 'flags': {'alta-status': 'present', 'alta_partial': False, 'gps_dup_rows_count': 0}, 'load_class': 'MEDIUM', 'mean': 41096.51283075731, 'std': 7408.854061842813, 'timestamp': 1788284647886}",,,,
931892603408875520,1788260099000-632578958264631296-931892603408875520,1788260099000,1788270497000,1,116.36,45.586,2.5525380599306806,632578958264631296,1788260099000,931892603408875520,RJ14GN0974,10398000,1788270497000,120.34714007555223,116.36,2.7999999999992724,45.586037907406144,2.5525359373488246,119.10000000003492,45.58603790740615,1788260099000-632578958264631296-931892603408875520,"{'confidence': 6.8, 'count': 5, 'error_code': None, 'flags': {'alta-status': 'present', 'alta_partial': False, 'gps_dup_rows_count': 0}, 'load_class': 'HIGH', 'mean': 64984.17027626586, 'std': 27078.676516765372, 'timestamp': 1788271383777}",,,,
1536014758619119616,1788230457000-632578958264631296-1536014758619119616,1788230457000,1788239591000,1,115.856,32.126,3.6063001929901017,632578958264631296,1788230457000,1536014758619119616,RJ47GA8942,9134000,1788239591000,84.81247459172437,115.856,1.849999999999966,32.12593734535014,3.6063072262938602,,32.12593734535014,1788230457000-632578958264631296-1536014758619119616,"{'confidence': 70.4, 'count': 11, 'error_code': None, 'flags': {'alta-status': 'present', 'alta_partial': False, 'gps_dup_rows_count': 0}, 'load_class': 'HIGH', 'mean': 77246.09409695031, 'std': 15182.489391129648, 'timestamp': 1788239646527}",,,,
1405141042860130304,1788252259000-632578958264631296-1405141042860130304,1788252259000,1788266596000,1,115.836,40.114,2.887670140100713,632578958264631296,1788252259000,1405141042860130304,NL01AJ7418,14337000,1788266596000,105.8998128969581,115.836,3.950000000000273,40.113565491272006,2.8877014192419233,122.11000000000058,40.113565491272006,1788252259000-632578958264631296-1405141042860130304,"{'confidence': 0, 'count': 3, 'error_code': None, 'flags': {'alta-status': 'present', 'alta_partial': False, 'gps_dup_rows_count': 0}, 'load_class': 'MEDIUM', 'mean': 41009.57229446573, 'std': 19388.447693750357, 'timestamp': 1788269624113}",,,,
1500145408670695424,1788230536000-632578958264631296-1500145408670695424,1788230536000,1788241117000,1,115.749,33.787,3.4258442596264835,632578958264631296,1788230536000,1500145408670695424,NL01AK3125,10581000,1788241117000,89.19884762777416,115.749,2.8999999999998636,33.787442283247785,3.4257994147544495,117.875,33.787442283247785,1788230536000-632578958264631296-1500145408670695424,"{'confidence': 18, 'count': 7, 'error_code': None, 'flags': {'alta-status': 'present', 'alta_partial': False, 'gps_dup_rows_count': 0}, 'load_class': 'HIGH', 'mean': 56957.8761085502, 'std': 24711.356701426874, 'timestamp': 1788241135187}",,,,
947093103351693312,1788228038000-632578958264631296-947093103351693312,1788228038000,1788238586000,1,115.652,41.113,2.813027509546859,632578958264631296,1788228038000,947093103351693312,RJ47GA3310,10548000,1788238586000,108.53929010640802,115.652,2.899999999999636,41.11336746454849,2.813002367167447,136.375,41.11336746454849,1788228038000-632578958264631296-947093103351693312,"{'confidence': 69.5, 'count': 4, 'error_code': None, 'flags': {'alta-status': 'present', 'alta_partial': False, 'gps_dup_rows_count': 0}, 'load_class': 'HIGH', 'mean': 55084.196145860034, 'std': 6718.794279878637, 'timestamp': 1788238653722}",,,,
1135566388677574656,1788231636000-632578958264631296-1135566388677574656,1788231636000,1788241357000,1,115.208,42.996,2.6795050702390917,632578958264631296,1788231636000,1135566388677574656,RJ47GA6238,9721000,1788241357000,113.51000989684418,115.208,2.6500000000005457,42.996215870016734,2.679491617315558,122.0,42.996215870016734,1788231636000-632578958264631296-1135566388677574656,"{'confidence': 50.5, 'count': 9, 'error_code': None, 'flags': {'alta-status': 'present', 'alta_partial': False, 'gps_dup_rows_count': 0}, 'load_class': 'HIGH', 'mean': 44631.68489177733, 'std': 13266.591023765102, 'timestamp': 1788241370084}",,,,
1131571393566081024,1788254644000-632578958264631296-1131571393566081024,1788254644000,1788267010000,1,115.181,32.202,3.5768275262406064,632578958264631296,1788254644000,1131571393566081024,RJ47GA1964,12366000,1788267010000,85.0124407830113,115.181,0.0,32.20168211477701,3.576862835595308,147.5,32.20168211477701,1788254644000-632578958264631296-1131571393566081024,"{'confidence': 91.8, 'count': 4, 'error_code': None, 'flags': {'alta-status': 'present', 'alta_partial': False, 'gps_dup_rows_count': 0}, 'load_class': 'HIGH', 'mean': 41602.42727033143, 'std': 1372.4504851745148, 'timestamp': 1788269934450}",,,,
1536014660929585152,1788258354000-632578958264631296-1536014660929585152,1788258354000,1788268888000,1,114.912,32.517,3.533905341821201,632578958264631296,1788258354000,1536014660929585152,RJ47GA8897,10534000,1788268888000,85.84385720542855,114.912,2.900000000000091,32.516612577813845,3.5339474468630447,117.88000000000102,32.516612577813845,1788258354000-632578958264631296-1536014660929585152,"{'confidence': 85.7, 'count': 15, 'error_code': None, 'flags': {'alta-status': 'present', 'alta_partial': False, 'gps_dup_rows_count': 0}, 'load_class': 'HIGH', 'mean': 71401.93719574001, 'std': 7893.909526503563, 'timestamp': 1788270643515}",,,,
1536014603211767808,1788250057000-632578958264631296-1536014603211767808,1788250057000,1788260069000,1,114.741,43.639,2.6293223951052958,632578958264631296,1788250057000,1536014603211767808,NL01AK9193,10012000,1788260069000,115.20781026272797,114.741,2.75,43.63932206921514,2.629302990042156,118.34999999999854,43.63932206921514,1788250057000-632578958264631296-1536014603211767808,"{'confidence': 35.2, 'count': 13, 'error_code': None, 'flags': {'alta-status': 'present', 'alta_partial': False, 'gps_dup_rows_count': 0}, 'load_class': 'HIGH', 'mean': 77457.94918360186, 'std': 36175.57638333061, 'timestamp': 1788260405311}",,,,
961238953837461504,1788260034000-632578958264631296-961238953837461504,1788260034000,1788273183000,1,114.726,48.14,2.383174075612796,632578958264631296,1788260034000,961238953837461504,RJ47GA3862,13149000,1788273183000,127.08867565697138,114.726,3.600000000000364,48.139649870064915,2.383191408945852,118.875,48.139649870064915,1788260034000-632578958264631296-961238953837461504,"{'confidence': 39, 'count': 8, 'error_code': None, 'flags': {'alta-status': 'present', 'alta_partial': False, 'gps_dup_rows_count': 0}, 'load_class': 'HIGH', 'mean': 42404.30623432883, 'std': 14635.886723179694, 'timestamp': 1788273249310}",,,,
1362128357327634432,1788252635000-632578958264631296-1362128357327634432,1788252635000,1788263908000,1,114.623,36.925,3.1042112389979692,632578958264631296,1788252635000,1362128357327634432,NL01AJ4203,11273000,1788263908000,97.48165635317366,114.623,3.099999999999909,36.924869830747596,3.104222182106452,120.125,36.924869830747596,1788252635000-632578958264631296-1362128357327634432,"{'confidence': 45.1, 'count': 6, 'error_code': None, 'flags': {'alta-status': 'present', 'alta_partial': False, 'gps_dup_rows_count': 0}, 'load_class': 'HIGH', 'mean': 50224.842756935344, 'std': 13502.416154419825, 'timestamp': 1788268065604}",,,,
1536014695108968448,1788252641000-632578958264631296-1536014695108968448,1788252641000,1788263119000,1,114.589,39.321,2.914193433534244,632578958264631296,1788252641000,1536014695108968448,RJ47GA8898,10478000,1788263119000,103.80830019897456,114.589,2.8500000000000227,39.32132583294491,2.9141692853091175,117.63500000000204,39.32132583294491,1788252641000-632578958264631296-1536014695108968448,"{'confidence': 47.4, 'count': 13, 'error_code': None, 'flags': {'alta-status': 'present', 'alta_partial': False, 'gps_dup_rows_count': 0}, 'load_class': 'HIGH', 'mean': 71076.27098855792, 'std': 26959.968658478272, 'timestamp': 1788264109652}",,,,
1101524127430213632,1788220816000-632578958264631296-1101524127430213632,1788220816000,1788230561000,1,114.5,39.375,2.907936507936508,632578958264631296,1788220816000,1101524127430213632,RJ47GA3640,9745000,1788230561000,103.95,114.5,2.600000000000364,39.375,2.907936507936508,114.5,39.375,1788220816000-632578958264631296-1101524127430213632,"{'confidence': 61, 'count': 11, 'error_code': None, 'flags': {'alta-status': 'present', 'alta_partial': False, 'gps_dup_rows_count': 0}, 'load_class': 'MEDIUM', 'mean': 32899.66154993499, 'std': 8503.629415601064, 'timestamp': 1788230614158}",,,,
947102733284933632,1788221582000-632578958264631296-947102733284933632,1788221582000,1788232034000,1,114.373,39.63,2.8860206913954074,632578958264631296,1788221582000,947102733284933632,RJ47GA3510,10452000,1788232034000,104.62421139327573,114.373,2.9499999999989086,39.63038310351353,2.8859927924809785,123.875,39.63038310351353,1788221582000-632578958264631296-947102733284933632,"{'confidence': 64.7, 'count': 14, 'error_code': None, 'flags': {'alta-status': 'present', 'alta_partial': False, 'gps_dup_rows_count': 0}, 'load_class': 'LOW', 'mean': 25684.24038407296, 'std': 6777.72698094521, 'timestamp': 1788232103153}",,,,
1083039951072788480,1788271790000-632578958264631296-1083039951072788480,1788271790000,1788281388000,1,114.233,37.272,3.0648476067825716,632578958264631296,1788271790000,1083039951072788480,RJ47GA5903,9598000,1788281388000,98.39925266407879,114.233,2.600000000000364,37.272444190938934,3.0648110817420036,121.60000000000582,37.272444190938934,1788271790000-632578958264631296-1083039951072788480,"{'confidence': 62.9, 'count': 12, 'error_code': None, 'flags': {'alta-status': 'present', 'alta_partial': False, 'gps_dup_rows_count': 0}, 'load_class': 'HIGH', 'mean': 50925.75887395961, 'std': 13082.606108134734, 'timestamp': 1788281410386}",,,,
873916972050415616,1788245033000-632578958264631296-873916972050415616,1788245033000,1788259901000,1,114.121,47.134,2.421203377604277,632578958264631296,1788245033000,873916972050415616,RJ14GN1586,14868000,1788259901000,124.4348765398169,114.121,4.100000000000364,47.13442293174882,2.421181652425203,119.29999999998836,47.13442293174882,1788245033000-632578958264631296-873916972050415616,"{'confidence': 35.1, 'count': 6, 'error_code': None, 'flags': {'alta-status': 'present', 'alta_partial': False, 'gps_dup_rows_count': 0}, 'load_class': 'HIGH', 'mean': 63638.89583570279, 'std': 20246.111171482655, 'timestamp': 1788260244204}",,,,2.365481203273284
947583099720433664,1788255480000-632578958264631296-947583099720433664,1788255480000,1788267079000,1,113.902,28.848,3.9483499722684416,632578958264631296,1788255480000,947583099720433664,RJ47GA2689,11599000,1788267079000,76.15923418849711,113.902,3.2000000000007276,28.848194768370117,3.9483233150132846,125.375,28.848194768370117,1788255480000-632578958264631296-947583099720433664,"{'confidence': 69.6, 'count': 12, 'error_code': None, 'flags': {'alta-status': 'present', 'alta_partial': False, 'gps_dup_rows_count': 0}, 'load_class': 'HIGH', 'mean': 31872.557278159464, 'std': 6720.939965177784, 'timestamp': 1788269990540}",,,,
1536014529144553472,1788271853000-632578958264631296-1536014529144553472,1788271853000,1788282168000,1,113.889,40.622,2.803628575648663,632578958264631296,1788271853000,1536014529144553472,NL01AK8376,10315000,1788282168000,107.2411009962289,113.889,2.8500000000000227,40.62162916523822,2.803654169967659,117.69499999999971,40.62162916523822,1788271853000-632578958264631296-1536014529144553472,"{'confidence': 36.2, 'count': 9, 'error_code': None, 'flags': {'alta-status': 'present', 'alta_partial': False, 'gps_dup_rows_count': 0}, 'load_class': 'HIGH', 'mean': 64680.09715089891, 'std': 24752.0770428986, 'timestamp': 1788282171478}",,,,
1076923968528580608,1788237754000-632578958264631296-1076923968528580608,1788237754000,1788247570000,1,113.757,37.798,3.0096036827345363,632578958264631296,1788237754000,1076923968528580608,RJ47GA3821,9816000,1788247570000,99.78632883271057,113.757,2.650000000000034,37.797851830572185,3.009615480528168,111.875,37.797851830572185,1788237754000-632578958264631296-1076923968528580608,"{'confidence': 46.6, 'count': 12, 'error_code': None, 'flags': {'alta-status': 'present', 'alta_partial': False, 'gps_dup_rows_count': 0}, 'load_class': 'HIGH', 'mean': 49394.09943598937, 'std': 18288.979914461142, 'timestamp': 1788247627605}",,,,
1050037424450699264,1788230322000-632578958264631296-1050037424450699264,1788230322000,1788239430000,1,113.739,32.3,3.5213312693498455,632578958264631296,1788230322000,1050037424450699264,RJ47GA5931,9108000,1788239430000,85.27294063064471,113.739,2.5,32.30035629948663,3.521292426170783,117.23000000001048,32.30035629948663,1788230322000-632578958264631296-1050037424450699264,"{'confidence': 0, 'count': 3, 'error_code': None, 'flags': {'alta-status': 'present', 'alta_partial': False, 'gps_dup_rows_count': 0}, 'load_class': 'MEDIUM', 'mean': 34317.98788374873, 'std': 11976.012267510032, 'timestamp': 1788239585176}",,,,
1294704486559776768,1788230379000-632578958264631296-1294704486559776768,1788230379000,1788239287000,1,113.535,29.94,3.792084168336673,632578958264631296,1788230379000,1294704486559776768,NL01AH7659,8908000,1788239287000,79.04202884154876,113.535,2.449999999999818,29.940162439980586,3.792063594430973,115.875,29.940162439980586,1788230379000-632578958264631296-1294704486559776768,"{'confidence': 70.3, 'count': 8, 'error_code': None, 'flags': {'alta-status': 'present', 'alta_partial': False, 'gps_dup_rows_count': 0}, 'load_class': 'LOW', 'mean': 19651.705379993746, 'std': 3299.8857044397337, 'timestamp': 1788239585945}",,,,
794950170587430912,1788272107000-632578958264631296-794950170587430912,1788272107000,1788281614000,1,113.494,29.393,3.861259483550505,632578958264631296,1788272107000,794950170587430912,RJ47GA2696,9507000,1788281614000,77.59839638263296,113.494,2.5499999999992724,29.39333196311854,3.8612158751654038,127.59999999997672,29.39333196311854,1788272107000-632578958264631296-794950170587430912,"{'confidence': 84.7, 'count': 6, 'error_code': None, 'flags': {'alta-status': 'present', 'alta_partial': False, 'gps_dup_rows_count': 0}, 'load_class': 'HIGH', 'mean': 52996.778805575275, 'std': 3960.9545136566494, 'timestamp': 1788281776271}",['900758004192772105'],,900758004192772105,
1066703715756408832,1788236689000-632578958264631296-1066703715756408832,1788236689000,1788247463000,1,113.085,62.535,1.8083473254977214,632578958264631296,1788236689000,1066703715756408832,RJ47GA3533,10774000,1788247463000,165.09326304588637,113.085,2.9500000000007276,62.53532691132059,1.8083378721336554,,62.53532691132059,1788236689000-632578958264631296-1066703715756408832,"{'confidence': 62.4, 'count': 13, 'error_code': None, 'flags': {'alta-status': 'present', 'alta_partial': False, 'gps_dup_rows_count': 0}, 'load_class': 'HIGH', 'mean': 80410.53398994573, 'std': 21785.348448074503, 'timestamp': 1788247477214}",,,,
939547788868321280,1788269239000-632578958264631296-939547788868321280,1788269239000,1788281358000,1,113.01,35.526,3.1810504982266505,632578958264631296,1788269239000,939547788868321280,RJ14GH7603,12119000,1788281358000,93.78752113221768,113.01,0.0,35.52557618644609,3.1810884475708012,,0.001,1788269239000-632578958264631296-939547788868321280,"{'confidence': None, 'count': None, 'error_code': 'OBD_PREPROCESS_EMPTY', 'flags': {'alta-status': 'present', 'alta_partial': False, 'gps_dup_rows_count': 0}, 'load_class': None, 'mean': None, 'std': None, 'timestamp': 1788281362636}",,,,
1506655599683698688,1788270135000-632578958264631296-1506655599683698688,1788270135000,1788279559000,1,112.366,34.286,3.277314355713702,632578958264631296,1788270135000,1506655599683698688,RJ47GA8529,9424000,1788279559000,90.51504000000016,112.366,2.6000000000001364,34.28600000000006,3.277314355713697,118.68999999999505,34.28600000000006,1788270135000-632578958264631296-1506655599683698688,"{'confidence': 75.3, 'count': 22, 'error_code': None, 'flags': {'alta-status': 'present', 'alta_partial': False, 'gps_dup_rows_count': 0}, 'load_class': 'HIGH', 'mean': 65384.223587393455, 'std': 15141.400235227102, 'timestamp': 1788279564137}",,,,
1469693281720860672,1788259860000-632578958264631296-1469693281720860672,1788259860000,1788271736000,1,112.239,41.862,2.68116669055468,632578958264631296,1788259860000,1469693281720860672,RJ47GA4898,11876000,1788271736000,110.51693221105621,112.239,3.300000000000182,41.86247432236978,2.681136311620825,117.0,41.86247432236978,1788259860000-632578958264631296-1469693281720860672,"{'confidence': 56.8, 'count': 8, 'error_code': None, 'flags': {'alta-status': 'present', 'alta_partial': False, 'gps_dup_rows_count': 0}, 'load_class': 'MEDIUM', 'mean': 30031.53434636852, 'std': 7343.57865453818, 'timestamp': 1788272418934}",['1497578727075217408'],,,
1464283595349688320,1788237172000-632578958264631296-1464283595349688320,1788237172000,1788246698000,1,111.624,45.774,2.438589592344999,632578958264631296,1788237172000,1464283595349688320,NL01AK1961,9526000,1788246698000,120.84369014837931,111.624,2.6000000000001364,45.774125056204284,2.4385829300492623,114.75,45.774125056204284,1788237172000-632578958264631296-1464283595349688320,"{'confidence': 58.3, 'count': 12, 'error_code': None, 'flags': {'alta-status': 'present', 'alta_partial': False, 'gps_dup_rows_count': 0}, 'load_class': 'HIGH', 'mean': 53217.26079268977, 'std': 15381.36573400282, 'timestamp': 1788246718704}",,,,
1094956363722784768,1788233228000-632578958264631296-1094956363722784768,1788233228000,1788242891000,1,111.61,33.608,3.320935491549631,632578958264631296,1788233228000,1094956363722784768,RJ47GA5978,9663000,1788242891000,88.72484075697876,111.61,2.649999999999636,33.607894226128316,3.320945943504823,116.61500000001979,33.607894226128316,1788233228000-632578958264631296-1094956363722784768,"{'confidence': 80.1, 'count': 6, 'error_code': None, 'flags': {'alta-status': 'present', 'alta_partial': False, 'gps_dup_rows_count': 0}, 'load_class': 'HIGH', 'mean': 48093.11747120821, 'std': 4686.959696146767, 'timestamp': 1788242908418}",,,,
1332765289414131712,1788250896000-632578958264631296-1332765289414131712,1788250896000,1788260891000,1,111.427,45.471,2.4505069164962285,632578958264631296,1788250896000,1332765289414131712,RJ47GA5602,9995000,1788260891000,120.04223010554061,111.427,0.0,45.47054170664417,2.4505316149272587,117.40000000002328,45.47054170664417,1788250896000-632578958264631296-1332765289414131712,"{'confidence': 79.6, 'count': 26, 'error_code': None, 'flags': {'alta-status': 'present', 'alta_partial': False, 'gps_dup_rows_count': 0}, 'load_class': 'HIGH', 'mean': 52608.32845851736, 'std': 10957.01187811427, 'timestamp': 1788261332327}",,,,
1072572023244324864,1788249614000-632578958264631296-1072572023244324864,1788249614000,1788261225000,1,111.343,40.46,2.7519278299555117,632578958264631296,1788249614000,1072572023244324864,RJ47GA5735,11611000,1788261225000,106.81447564661099,111.343,3.149999999999636,40.46002865401931,2.7519258810247815,117.29999999998836,40.46002865401931,1788249614000-632578958264631296-1072572023244324864,"{'confidence': 68.3, 'count': 16, 'error_code': None, 'flags': {'alta-status': 'present', 'alta_partial': False, 'gps_dup_rows_count': 0}, 'load_class': 'HIGH', 'mean': 51327.251340225455, 'std': 13031.424359105495, 'timestamp': 1788261743158}",,,,
1525526061327056896,1788263160000-632578958264631296-1525526061327056896,1788263160000,1788272539000,1,111.205,36.198,3.0721310569644733,632578958264631296,1788263160000,1525526061327056896,NL01AK6559,9379000,1788272539000,95.56159021550677,111.205,2.5499999999999545,36.19757205132832,3.0721673774779923,116.875,36.19757205132832,1788263160000-632578958264631296-1525526061327056896,"{'confidence': 66.9, 'count': 8, 'error_code': None, 'flags': {'alta-status': 'present', 'alta_partial': False, 'gps_dup_rows_count': 8}, 'load_class': 'MEDIUM', 'mean': 41300.53338663177, 'std': 7722.489790488301, 'timestamp': 1788272552084}",,,,
1131240645348818944,1788232205000-632578958264631296-1131240645348818944,1788232205000,1788241553000,1,110.901,35.848,3.0936453916536486,632578958264631296,1788232205000,1131240645348818944,RJ47GA6178,9348000,1788241553000,94.63759216268102,110.901,2.550000000000182,35.847572788894325,3.0936822599703997,117.40000000002328,35.847572788894325,1788232205000-632578958264631296-1131240645348818944,"{'confidence': 81.8, 'count': 5, 'error_code': None, 'flags': {'alta-status': 'present', 'alta_partial': False, 'gps_dup_rows_count': 0}, 'load_class': 'HIGH', 'mean': 45511.28750185454, 'std': 3703.700730951524, 'timestamp': 1788241564723}",,,,
792451146961649664,1788237281000-632578958264631296-792451146961649664,1788237281000,1788245344000,1,110.786,26.031,4.255925627136875,632578958264631296,1788237281000,792451146961649664,RJ47GA2227,8063000,1788245344000,68.72109028426607,110.786,2.150000000001455,26.03071601676745,4.255972057343263,,26.03071601676745,1788237281000-632578958264631296-792451146961649664,"{'confidence': 12.2, 'count': 5, 'error_code': None, 'flags': {'alta-status': 'present', 'alta_partial': False, 'gps_dup_rows_count': 0}, 'load_class': 'LOW', 'mean': 20221.2461888421, 'std': 7943.850007529271, 'timestamp': 1788245363245}",['900758004180189185'],,900758004180189185,
1536014589357981696,1788239093000-632578958264631296-1536014589357981696,1788239093000,1788248584000,1,110.767,26.303,4.2111926396228565,632578958264631296,1788239093000,1536014589357981696,NL01AK9198,9491000,1788248584000,69.44079384334977,110.767,2.550000000000068,26.303331001268848,4.21113964595042,113.06000000000131,26.303331001268848,1788239093000-632578958264631296-1536014589357981696,"{'confidence': 81.7, 'count': 27, 'error_code': None, 'flags': {'alta-status': 'present', 'alta_partial': False, 'gps_dup_rows_count': 0}, 'load_class': 'LOW', 'mean': 22176.958052757407, 'std': 4217.421016554354, 'timestamp': 1788248606168}",,,,
1132636252537880576,1788251583000-632578958264631296-1132636252537880576,1788251583000,1788261552000,1,110.456,26.282,4.20272429799863,632578958264631296,1788251583000,1132636252537880576,RK47GA5327,9969000,1788261552000,69.3855380951033,110.456,1.75,26.282400793599734,4.202660208533847,114.20000000001164,26.282400793599734,1788251583000-632578958264631296-1132636252537880576,"{'confidence': 32.7, 'count': 10, 'error_code': None, 'flags': {'alta-status': 'present', 'alta_partial': False, 'gps_dup_rows_count': 0}, 'load_class': 'MEDIUM', 'mean': 27065.503553771232, 'std': 11515.663149442284, 'timestamp': 1788262156633}",,,,
1364616390270517248,1788269850000-632578958264631296-1364616390270517248,1788269850000,1788280575000,1,110.435,42.5,2.598470588235294,632578958264631296,1788269850000,1364616390270517248,NL01AJ4204,10725000,1788280575000,112.2,110.435,2.950000000000273,42.5,2.598470588235294,116.25,42.5,1788269850000-632578958264631296-1364616390270517248,"{'confidence': 29.1, 'count': 9, 'error_code': None, 'flags': {'alta-status': 'present', 'alta_partial': False, 'gps_dup_rows_count': 0}, 'load_class': 'HIGH', 'mean': 76611.92895038174, 'std': 32583.777334212726, 'timestamp': 1788280639507}",,,,
1525559056574447616,1788226185000-632578958264631296-1525559056574447616,1788226185000,1788234313000,1,110.401,36.252,3.0453768067968663,632578958264631296,1788226185000,1525559056574447616,NL01AK6560,8128000,1788234313000,95.70643263655613,110.401,2.199999999999818,36.252436604756106,3.0453401299242886,116.625,36.252436604756106,1788226185000-632578958264631296-1525559056574447616,"{'confidence': 55.7, 'count': 13, 'error_code': None, 'flags': {'alta-status': 'present', 'alta_partial': False, 'gps_dup_rows_count': 0}, 'load_class': 'HIGH', 'mean': 57351.942723187545, 'std': 18331.837324987107, 'timestamp': 1788234349357}",,,,
1545824860603678720,1788248211000-632578958264631296-1545824860603678720,1788248211000,1788257439000,1,110.321,27.514,4.009631460347459,632578958264631296,1788248211000,1545824860603678720,NL01AK8994,9228000,1788257439000,72.63768588083981,110.321,2.550000000000068,27.514274954863563,4.009591391413318,114.81000000000131,27.51427495486356,1788248211000-632578958264631296-1545824860603678720,"{'confidence': 75.6, 'count': 21, 'error_code': None, 'flags': {'alta-status': 'present', 'alta_partial': False, 'gps_dup_rows_count': 0}, 'load_class': 'HIGH', 'mean': 40002.66488221665, 'std': 8952.482282495204, 'timestamp': 1788257447164}",,,,
1183367596062277632,1788270056000-632578958264631296-1183367596062277632,1788270056000,1788280688000,1,110.316,42.456,2.5983606557377046,632578958264631296,1788270056000,1183367596062277632,RJ47GA6402,10632000,1788280688000,112.082570271788,110.316,2.850000000000364,42.45551904234394,2.59839009128528,117.89999999999418,42.45551904234394,1788270056000-632578958264631296-1183367596062277632,"{'confidence': 75.1, 'count': 5, 'error_code': None, 'flags': {'alta-status': 'present', 'alta_partial': False, 'gps_dup_rows_count': 0}, 'load_class': 'HIGH', 'mean': 55241.76615907265, 'std': 6143.43286993557, 'timestamp': 1788280729904}",,,,
944590866851299328,1788236605000-632578958264631296-944590866851299328,1788236605000,1788255126000,1,110.219,52.391,2.1037773663415473,632578958264631296,1788236605000,944590866851299328,RJ47GA3402,18521000,1788255126000,138.31200495595277,110.219,5.149999999999636,52.39091096816392,2.103780941449484,111.5,52.390910968163915,1788236605000-632578958264631296-944590866851299328,"{'confidence': 48.5, 'count': 6, 'error_code': None, 'flags': {'alta-status': 'present', 'alta_partial': False, 'gps_dup_rows_count': 0}, 'load_class': 'LOW', 'mean': 28952.044482395682, 'std': 7304.7868545843985, 'timestamp': 1788255618767}",,,,
1500145408670695424,1788244376000-632578958264631296-1500145408670695424,1788244376000,1788253534000,1,110.125,33.814,3.2567871295912934,632578958264631296,1788244376000,1500145408670695424,NL01AK3125,9158000,1788253534000,89.26926319791576,110.125,2.5,33.814114847695365,3.2567760681012086,110.125,33.814114847695365,1788244376000-632578958264631296-1500145408670695424,"{'confidence': 70.8, 'count': 5, 'error_code': None, 'flags': {'alta-status': 'present', 'alta_partial': False, 'gps_dup_rows_count': 0}, 'load_class': 'HIGH', 'mean': 63679.021489749546, 'std': 8306.843932166394, 'timestamp': 1788253540080}",,,,
1175796663680237568,1788264050000-632578958264631296-1175796663680237568,1788264050000,1788276178000,1,109.999,46.284,2.3766096275170683,632578958264631296,1788264050000,1175796663680237568,RJ47GA6336,12128000,1788276178000,122.19054443891959,109.999,3.350000000000364,46.28429713595439,2.376594370157368,116.0,46.28429713595439,1788264050000-632578958264631296-1175796663680237568,"{'confidence': 69.5, 'count': 7, 'error_code': None, 'flags': {'alta-status': 'present', 'alta_partial': False, 'gps_dup_rows_count': 0}, 'load_class': 'HIGH', 'mean': 64654.01353889038, 'std': 10441.127299140622, 'timestamp': 1788276226367}",,,,
862677844923252736,1788233320000-632578958264631296-862677844923252736,1788233320000,1788241621000,1,109.833,25.439,4.317504618892252,632578958264631296,1788233320000,862677844923252736,RJ47GA4377,8301000,1788241621000,67.15967956057438,109.833,2.2999999999992724,25.43927256082363,4.317458360391262,114.0,25.43927256082363,1788233320000-632578958264631296-862677844923252736,"{'confidence': 71.8, 'count': 10, 'error_code': None, 'flags': {'alta-status': 'present', 'alta_partial': False, 'gps_dup_rows_count': 0}, 'load_class': 'MEDIUM', 'mean': 27559.854638375073, 'std': 4908.98935504888, 'timestamp': 1788241637925}",['900758004234715136'],,900758004234715136,0.0
1131240373310455808,1788254890000-632578958264631296-1131240373310455808,1788254890000,1788266215000,1,109.8,36.626,2.9978703653142578,632578958264631296,1788254890000,1131240373310455808,RJ47GA6179,11325000,1788266215000,96.69395200390461,109.8,3.149999999999636,36.62649697117599,2.997829688337639,116.5,36.62649697117599,1788254890000-632578958264631296-1131240373310455808,"{'confidence': 16.4, 'count': 4, 'error_code': None, 'flags': {'alta-status': 'present', 'alta_partial': False, 'gps_dup_rows_count': 0}, 'load_class': 'MEDIUM', 'mean': 35813.98864208404, 'std': 11975.484419619068, 'timestamp': 1788269511126}",,,,
1083040452048846848,1788230142000-632578958264631296-1083040452048846848,1788230142000,1788245439000,1,109.561,60.794,1.8021679771030037,632578958264631296,1788230142000,1083040452048846848,RJ47GA5867,15297000,1788245439000,160.49734035673382,109.561,4.199999999999818,60.79444710482341,1.802154723293922,114.61499999999069,60.79444710482341,1788230142000-632578958264631296-1083040452048846848,"{'confidence': 12.9, 'count': 3, 'error_code': None, 'flags': {'alta-status': 'present', 'alta_partial': False, 'gps_dup_rows_count': 0}, 'load_class': 'HIGH', 'mean': 87763.58587933354, 'std': 26484.84487387223, 'timestamp': 1788245444853}",,,,
1462138758710165504,1788237407000-632578958264631296-1462138758710165504,1788237407000,1788247032000,1,109.524,32.803,3.3388409596683233,632578958264631296,1788237407000,1462138758710165504,RJ14GQ0822,9625000,1788247032000,86.59935117797492,109.524,2.649999999999636,32.80278453711171,3.338862890621041,114.5,32.80278453711171,1788237407000-632578958264631296-1462138758710165504,"{'confidence': 64.8, 'count': 8, 'error_code': None, 'flags': {'alta-status': 'present', 'alta_partial': False, 'gps_dup_rows_count': 0}, 'load_class': 'HIGH', 'mean': 40277.08084628221, 'std': 8017.985269705894, 'timestamp': 1788247066912}",,,,
792451319469178880,1788244435000-632578958264631296-792451319469178880,1788244435000,1788254000000,1,109.322,36.733,2.9761250102088046,632578958264631296,1788244435000,792451319469178880,RJ47GA3115,9565000,1788254000000,96.97583529271148,109.322,2.600000000000364,36.73327094420889,2.9761030583429418,122.5,36.73327094420889,1788244435000-632578958264631296-792451319469178880,"{'confidence': 79.3, 'count': 10, 'error_code': None, 'flags': {'alta-status': 'present', 'alta_partial': False, 'gps_dup_rows_count': 0}, 'load_class': 'HIGH', 'mean': 49566.13100466291, 'std': 6497.953178688631, 'timestamp': 1788254018509}",['900758004209549321'],,900758004209549321,
1501934002158698496,1788234046000-632578958264631296-1501934002158698496,1788234046000,1788243417000,1,109.293,37.5,2.91448,632578958264631296,1788234046000,1501934002158698496,NL01AK3123,9371000,1788243417000,99.0,109.293,2.550000000000182,37.5,2.91448,115.125,37.5,1788234046000-632578958264631296-1501934002158698496,"{'confidence': 29.4, 'count': 4, 'error_code': None, 'flags': {'alta-status': 'present', 'alta_partial': False, 'gps_dup_rows_count': 0}, 'load_class': 'HIGH', 'mean': 62027.37322740191, 'std': 17523.792873743627, 'timestamp': 1788243436601}",,,,
1076923968528580608,1788263989000-632578958264631296-1076923968528580608,1788263989000,1788273306000,1,108.585,35.657,3.0452646044254985,632578958264631296,1788263989000,1076923968528580608,RJ47GA3821,9317000,1788273306000,94.13429064902601,108.585,2.6000000000000227,35.65692827614622,3.045270729970344,108.5,35.65692827614622,1788263989000-632578958264631296-1076923968528580608,"{'confidence': 27.7, 'count': 4, 'error_code': None, 'flags': {'alta-status': 'present', 'alta_partial': False, 'gps_dup_rows_count': 0}, 'load_class': 'HIGH', 'mean': 65908.65781858531, 'std': 19051.623922151684, 'timestamp': 1788273321074}",,,,
1585283247909109760,1788234374000-632578958264631296-1585283247909109760,1788234374000,1788244232000,1,108.52,32.868,3.3016916149446267,632578958264631296,1788234374000,1585283247909109760,RJ47GA5321,9858000,1788244232000,86.77065518863749,108.52,2.699999999999818,32.867672419938444,3.3017245216965456,112.59999999997672,32.867672419938444,1788234374000-632578958264631296-1585283247909109760,"{'confidence': 76.8, 'count': 10, 'error_code': None, 'flags': {'alta-status': 'present', 'alta_partial': False, 'gps_dup_rows_count': 0}, 'load_class': 'HIGH', 'mean': 39501.32765662514, 'std': 5795.714324892152, 'timestamp': 1788244933704}",,,,
798991075485155328,1788248853000-632578958264631296-798991075485155328,1788248853000,1788257106000,1,108.423,32.975,3.2880363912054587,632578958264631296,1788248853000,798991075485155328,RJ47GA3120,8253000,1788257106000,87.05446446051542,108.423,2.25,32.975175932013414,3.288018848589047,123.20000000001164,32.975175932013414,1788248853000-632578958264631296-798991075485155328,"{'confidence': 63.5, 'count': 6, 'error_code': None, 'flags': {'alta-status': 'present', 'alta_partial': False, 'gps_dup_rows_count': 0}, 'load_class': 'HIGH', 'mean': 40262.05711574953, 'std': 7195.001875530228, 'timestamp': 1788257120297}",['900758004213743622'],,900758004213743622,
1501934002158698496,1788222669000-632578958264631296-1501934002158698496,1788222669000,1788232034000,1,108.407,36.269,2.9889712978025313,632578958264631296,1788222669000,1501934002158698496,NL01AK3123,9365000,1788232034000,95.75102398526658,108.407,2.5499999999999545,36.26932726714643,2.9889443275722813,114.25,36.26932726714643,1788222669000-632578958264631296-1501934002158698496,"{'confidence': 66.6, 'count': 8, 'error_code': None, 'flags': {'alta-status': 'present', 'alta_partial': False, 'gps_dup_rows_count': 0}, 'load_class': 'MEDIUM', 'mean': 43000.52947691186, 'std': 8130.690903896393, 'timestamp': 1788232039362}",,,,
1406586595699589120,1788256596000-632578958264631296-1406586595699589120,1788256596000,1788266151000,1,108.356,34.325,3.1567662053896575,632578958264631296,1788256596000,1406586595699589120,NL01AJ7423,9555000,1788266151000,90.61685574358263,108.356,2.599999999999909,34.324566569538874,3.1568060671787146,113.625,34.324566569538874,1788256596000-632578958264631296-1406586595699589120,"{'confidence': 71.5, 'count': 16, 'error_code': None, 'flags': {'alta-status': 'present', 'alta_partial': False, 'gps_dup_rows_count': 0}, 'load_class': 'HIGH', 'mean': 44729.314593671894, 'std': 10194.054314853529, 'timestamp': 1788268932667}",,,,
1389243594644127744,1788223801000-632578958264631296-1389243594644127744,1788223801000,1788233897000,1,108.11,37.761,2.863006805963825,632578958264631296,1788223801000,1389243594644127744,NL01AJ6142,10096000,1788233897000,99.68775622583429,108.11,2.799999999999727,37.760513721906925,2.8630436756287962,111.0,37.760513721906925,1788223801000-632578958264631296-1389243594644127744,"{'confidence': 29.3, 'count': 7, 'error_code': None, 'flags': {'alta-status': 'present', 'alta_partial': False, 'gps_dup_rows_count': 8}, 'load_class': 'MEDIUM', 'mean': 42133.00294668555, 'std': 15770.257981751036, 'timestamp': 1788234205326}",,,,
873900831743672320,1788243370000-632578958264631296-873900831743672320,1788243370000,1788255293000,1,108.083,24.481,4.414974878477186,632578958264631296,1788243370000,873900831743672320,RJ14GN1587,11923000,1788255293000,64.63046892374777,108.083,3.199999999999818,24.481238228692334,4.414931916038679,110.59999999997672,24.481238228692334,1788243370000-632578958264631296-873900831743672320,"{'confidence': 69, 'count': 14, 'error_code': None, 'flags': {'alta-status': 'present', 'alta_partial': False, 'gps_dup_rows_count': 0}, 'load_class': 'LOW', 'mean': 21353.40772256279, 'std': 4950.5124445766905, 'timestamp': 1788255466593}",,,,1.235304339391878
942436996423352320,1788246666000-632578958264631296-942436996423352320,1788246666000,1788257224000,1,107.804,34.102,3.161222215705824,632578958264631296,1788246666000,942436996423352320,RJ47GA1344,10558000,1788257224000,90.0290829837314,107.804,0.0,34.10192537262553,3.161229133605957,,0.001,1788246666000-632578958264631296-942436996423352320,"{'confidence': None, 'count': None, 'error_code': 'OBD_PREPROCESS_EMPTY', 'flags': {'alta-status': 'present', 'alta_partial': False, 'gps_dup_rows_count': 0}, 'load_class': None, 'mean': None, 'std': None, 'timestamp': 1788258350337}",,,,
871764525957775360,1788274367000-632578958264631296-871764525957775360,1788274367000,1788285945000,1,107.798,38.616,2.79153718665838,632578958264631296,1788274367000,871764525957775360,RJ47GA4671,11578000,1788285945000,101.94562486982558,107.798,3.2000000000007276,38.61576699614605,2.7915540305274402,113.20000000001164,38.61576699614605,1788274367000-632578958264631296-871764525957775360,"{'confidence': 58.4, 'count': 8, 'error_code': None, 'flags': {'alta-status': 'present', 'alta_partial': False, 'gps_dup_rows_count': 0}, 'load_class': 'HIGH', 'mean': 43170.030669097636, 'std': 10165.062031636115, 'timestamp': 1788285952016}",,,,1.8393363428473093
1081533146517733376,1788263159000-632578958264631296-1081533146517733376,1788263159000,1788273347000,1,107.663,31.111,3.460608787888528,632578958264631296,1788263159000,1081533146517733376,RJ47GA5872,10188000,1788273347000,82.134109542612,107.663,2.75,31.11140512977727,3.460563724167953,112.0,31.11140512977727,1788263159000-632578958264631296-1081533146517733376,"{'confidence': 55.6, 'count': 4, 'error_code': None, 'flags': {'alta-status': 'present', 'alta_partial': False, 'gps_dup_rows_count': 0}, 'load_class': 'HIGH', 'mean': 44860.14955582495, 'std': 7969.585284137694, 'timestamp': 1788273407852}",,,,
1406229042385911808,1788253687000-632578958264631296-1406229042385911808,1788253687000,1788264987000,1,107.584,37.723,2.8519470879834588,632578958264631296,1788253687000,1406229042385911808,NL01AJ7422,11300000,1788264987000,99.58942735367397,107.584,3.050000000000182,37.723267936997715,2.8519268314632207,113.80000000000291,37.723267936997715,1788253687000-632578958264631296-1406229042385911808,"{'confidence': 82.2, 'count': 21, 'error_code': None, 'flags': {'alta-status': 'present', 'alta_partial': False, 'gps_dup_rows_count': 0}, 'load_class': 'HIGH', 'mean': 47469.15967446305, 'std': 7762.873738189749, 'timestamp': 1788268368395}",,,,
1079095062366781440,1788254794000-632578958264631296-1079095062366781440,1788254794000,1788264035000,1,107.483,40.808,2.6338708096451677,632578958264631296,1788254794000,1079095062366781440,RJ47GA3439,9241000,1788264035000,107.73366483114336,107.483,2.5500000000010914,40.80820637543309,2.6338574896226206,105.5,40.80820637543309,1788254794000-632578958264631296-1079095062366781440,"{'confidence': 7.5, 'count': 7, 'error_code': None, 'flags': {'alta-status': 'present', 'alta_partial': False, 'gps_dup_rows_count': 0}, 'load_class': 'LOW', 'mean': 24748.154781546655, 'std': 12114.124748151145, 'timestamp': 1788267827219}",,,,
1464260641047969792,1788236999000-632578958264631296-1464260641047969792,1788236999000,1788248102000,1,107.467,36.149,2.9728899831253974,632578958264631296,1788236999000,1464260641047969792,NL01AK1966,11103000,1788248102000,95.43427775781032,107.467,3.099999999999909,36.14934763553421,2.9728613938903203,110.125,36.14934763553421,1788236999000-632578958264631296-1464260641047969792,"{'confidence': 59, 'count': 6, 'error_code': None, 'flags': {'alta-status': 'present', 'alta_partial': False, 'gps_dup_rows_count': 0}, 'load_class': 'MEDIUM', 'mean': 43690.90919065099, 'std': 8780.472011350666, 'timestamp': 1788250216344}",,,,
1571542304466927616,1788228358000-632578958264631296-1571542304466927616,1788228358000,1788238589000,1,107.089,19.309,5.54606660106686,632578958264631296,1788228358000,1571542304466927616,NL01AL0746,10231000,1788238589000,50.97497939258695,107.089,2.8000000000000114,19.308704315373845,5.546151530982549,110.02499999999782,19.308704315373845,1788228358000-632578958264631296-1571542304466927616,"{'confidence': 70.5, 'count': 19, 'error_code': None, 'flags': {'alta-status': 'present', 'alta_partial': False, 'gps_dup_rows_count': 0}, 'load_class': 'LOW', 'mean': 21243.843059365136, 'std': 5470.824622512201, 'timestamp': 1788238652413}",,,,
1536014596580573184,1788238483000-632578958264631296-1536014596580573184,1788238483000,1788246624000,1,106.774,36.948,2.889845187831547,632578958264631296,1788238483000,1536014596580573184,NL01AK9192,8141000,1788246624000,97.5432914580251,106.774,2.25,36.94821646137314,2.889828257654195,109.91999999999825,36.94821646137314,1788238483000-632578958264631296-1536014596580573184,"{'confidence': 83.4, 'count': 17, 'error_code': None, 'flags': {'alta-status': 'present', 'alta_partial': False, 'gps_dup_rows_count': 0}, 'load_class': 'HIGH', 'mean': 60118.10900020788, 'std': 8244.368825430693, 'timestamp': 1788246657643}",,,,
1505916014645215232,1788238462000-632578958264631296-1505916014645215232,1788238462000,1788246448000,1,106.766,35.595,2.9994662171653323,632578958264631296,1788238462000,1505916014645215232,RJ47GA8530,7986000,1788246448000,93.97056603505864,106.766,2.2000000000000455,35.59491137691615,2.9994736851413935,113.04000000000087,35.59491137691615,1788238462000-632578958264631296-1505916014645215232,"{'confidence': 55.9, 'count': 13, 'error_code': None, 'flags': {'alta-status': 'present', 'alta_partial': False, 'gps_dup_rows_count': 0}, 'load_class': 'HIGH', 'mean': 54793.06760447082, 'std': 17415.425032557177, 'timestamp': 1788246453264}",,,,
877447567619653632,1788227660000-632578958264631296-877447567619653632,1788227660000,1788236636000,1,106.631,30.598,3.484900973919864,632578958264631296,1788227660000,877447567619653632,RJ14GN1570,8976000,1788236636000,80.77798603123462,106.631,2.400000000001455,30.597721981528263,3.4849326385922703,111.79999999998836,30.597721981528263,1788227660000-632578958264631296-877447567619653632,"{'confidence': 77.2, 'count': 6, 'error_code': None, 'flags': {'alta-status': 'present', 'alta_partial': False, 'gps_dup_rows_count': 0}, 'load_class': 'MEDIUM', 'mean': 30633.939976396046, 'std': 3421.4901981147314, 'timestamp': 1788236689598}",,,,1.4998903613776202
943856131652976640,1788259309000-632578958264631296-943856131652976640,1788259309000,1788269301000,1,106.574,34.423,3.0960113877349444,632578958264631296,1788259309000,943856131652976640,RJ47GA3743,9992000,1788269301000,90.87728103993341,106.574,1.5,34.42321251512629,3.0959922742007047,110.75,34.42321251512629,1788259309000-632578958264631296-943856131652976640,"{'confidence': 24.6, 'count': 7, 'error_code': None, 'flags': {'alta-status': 'present', 'alta_partial': False, 'gps_dup_rows_count': 0}, 'load_class': 'MEDIUM', 'mean': 31126.65205172987, 'std': 12415.641183725822, 'timestamp': 1788270934938}",,,,
946032744595456000,1788306598000-632578958264631296-946032744595456000,1788306598000,1788316276000,1,106.529,39.036,2.7289937493595655,632578958264631296,1788306598000,946032744595456000,RJ47GA3516,9678000,1788316276000,103.05390454887085,106.529,2.600000000000364,39.03556990487532,2.72902381749767,109.25,39.03556990487532,1788306598000-632578958264631296-946032744595456000,"{'confidence': 56.2, 'count': 12, 'error_code': None, 'flags': {'alta-status': 'present', 'alta_partial': False, 'gps_dup_rows_count': 0}, 'load_class': 'HIGH', 'mean': 63409.354114538335, 'std': 19260.52570874228, 'timestamp': 1788316284780}",,,,
1540361830973571072,1788229090000-632578958264631296-1540361830973571072,1788229090000,1788237092000,1,106.481,28.229,3.7720429345708313,632578958264631296,1788229090000,1540361830973571072,NL01AK8390,8002000,1788237092000,74.52534890126991,106.481,2.199999999999932,28.229298826238598,3.7720030049427913,109.68000000000029,28.229298826238598,1788229090000-632578958264631296-1540361830973571072,"{'confidence': 76, 'count': 10, 'error_code': None, 'flags': {'alta-status': 'present', 'alta_partial': False, 'gps_dup_rows_count': 0}, 'load_class': 'HIGH', 'mean': 46102.79260184704, 'std': 6994.997523765056, 'timestamp': 1788237199639}",,,,
951559578305167360,1788235412000-632578958264631296-951559578305167360,1788235412000,1788244567000,1,106.423,29.043,3.6643253107461353,632578958264631296,1788235412000,951559578305167360,RJ47GA4675,9155000,1788244567000,76.67368242044597,106.423,0.0,29.0430615228962,3.6643175484823134,110.89999999999418,29.0430615228962,1788235412000-632578958264631296-951559578305167360,"{'confidence': 45.8, 'count': 3, 'error_code': None, 'flags': {'alta-status': 'present', 'alta_partial': False, 'gps_dup_rows_count': 0}, 'load_class': 'HIGH', 'mean': 33414.3092577622, 'std': 6273.995556557263, 'timestamp': 1788244588919}",,,,
857602255610707968,1788245552000-632578958264631296-857602255610707968,1788245552000,1788254709000,1,106.394,36.204,2.9387360512650536,632578958264631296,1788245552000,857602255610707968,RJ47GA4334,9157000,1788254709000,95.57810117166147,106.394,2.5,36.20382620138692,2.9387501588416143,110.09999999997672,36.20382620138692,1788245552000-632578958264631296-857602255610707968,"{'confidence': 62.9, 'count': 10, 'error_code': None, 'flags': {'alta-status': 'present', 'alta_partial': False, 'gps_dup_rows_count': 0}, 'load_class': 'HIGH', 'mean': 40334.14850895916, 'std': 9455.804814580042, 'timestamp': 1788307942934}",['900758004230520839'],,900758004230520839,1.3696878517889126
925753337108758528,1788270916000-632578958264631296-925753337108758528,1788270916000,1788280569000,1,105.486,25.575,4.124574780058651,632578958264631296,1788270916000,925753337108758528,RJ47GA2620,9653000,1788280569000,67.51717053884468,105.486,2.649999999999636,25.574685810168436,4.12462545123659,129.75,25.574685810168432,1788270916000-632578958264631296-925753337108758528,"{'confidence': 66.6, 'count': 6, 'error_code': None, 'flags': {'alta-status': 'present', 'alta_partial': False, 'gps_dup_rows_count': 2}, 'load_class': 'HIGH', 'mean': 32866.34749012441, 'std': 5384.131441155061, 'timestamp': 1788280591572}",,,,
1454186236603269120,1788233137000-632578958264631296-1454186236603269120,1788233137000,1788240939000,1,105.022,27.778,3.7807617539059692,632578958264631296,1788233137000,1454186236603269120,Rj47GA5305,7802000,1788240939000,73.33485550125894,105.022,2.099999999998545,27.778354356537477,3.780713524351873,108.79999999998836,27.778354356537477,1788233137000-632578958264631296-1454186236603269120,"{'confidence': 52.2, 'count': 10, 'error_code': None, 'flags': {'alta-status': 'present', 'alta_partial': False, 'gps_dup_rows_count': 0}, 'load_class': 'HIGH', 'mean': 40329.62393241904, 'std': 12200.37608731589, 'timestamp': 1788240979556}",,,,
1501933902321680384,1788256020000-632578958264631296-1501933902321680384,1788256020000,1788265839000,1,105.016,27.291,3.8480085009710163,632578958264631296,1788256020000,1501933902321680384,NL01AK3119,9819000,1788265839000,72.04775417508456,105.016,2.7000000000000455,27.29081597541082,3.848034448461344,112.5,27.29081597541082,1788256020000-632578958264631296-1501933902321680384,"{'confidence': None, 'count': None, 'error_code': 'RANSAC_TOO_FEW_POCKETS', 'flags': {'alta-status': 'present', 'alta_partial': False, 'gps_dup_rows_count': 0}, 'load_class': None, 'mean': None, 'std': None, 'timestamp': 1788269106039}",,,,
1105914860262129664,1788247569000-632578958264631296-1105914860262129664,1788247569000,1788256900000,1,104.985,33.982,3.0894296980754516,632578958264631296,1788247569000,1105914860262129664,RJ47GA3915,9331000,1788256900000,89.71129524341974,104.985,2.5499999999992724,33.98155122856808,3.089470498090145,,33.98155122856808,1788247569000-632578958264631296-1105914860262129664,"{'confidence': 61.3, 'count': 15, 'error_code': None, 'flags': {'alta-status': 'present', 'alta_partial': False, 'gps_dup_rows_count': 0}, 'load_class': 'LOW', 'mean': 22756.13183115331, 'std': 6821.713287047863, 'timestamp': 1788257049531}",,,,
944571594812948480,1788233155000-632578958264631296-944571594812948480,1788233155000,1788241921000,1,104.982,20.633,5.088062812000194,632578958264631296,1788233155000,944571594812948480,RJ47GA2733,8766000,1788241921000,54.470886070338466,104.982,0.0,20.63291139027972,5.088084663100798,88.25,17.714984878315764,1788233155000-632578958264631296-944571594812948480,"{'confidence': 24.4, 'count': 7, 'error_code': None, 'flags': {'alta-status': 'present', 'alta_partial': False, 'gps_dup_rows_count': 0}, 'load_class': 'MEDIUM', 'mean': 23139.07111629287, 'std': 9255.268730574997, 'timestamp': 1788242057568}",,,,
929721011920699392,1788247103000-632578958264631296-929721011920699392,1788247103000,1788256941000,1,104.881,20.683,5.070879466228304,632578958264631296,1788247103000,929721011920699392,RJ47GA3431,9838000,1788256941000,54.602017027960436,104.881,2.7000000000007276,20.68258220756077,5.0709818990425415,112.125,20.68258220756077,1788247103000-632578958264631296-929721011920699392,"{'confidence': 63.1, 'count': 10, 'error_code': None, 'flags': {'alta-status': 'present', 'alta_partial': False, 'gps_dup_rows_count': 0}, 'load_class': 'LOW', 'mean': 15167.166944297342, 'std': 3535.98313465128, 'timestamp': 1788257009022}",,,,
951559578305167360,1788247253000-632578958264631296-951559578305167360,1788247253000,1788256323000,1,104.681,31.806,3.2912343582971766,632578958264631296,1788247253000,951559578305167360,RJ47GA4675,9070000,1788256323000,83.96776380492159,104.681,0.0,31.80597113822787,3.2912373448702215,109.0,31.80597113822787,1788247253000-632578958264631296-951559578305167360,"{'confidence': 0, 'count': 2, 'error_code': None, 'flags': {'alta-status': 'present', 'alta_partial': False, 'gps_dup_rows_count': 0}, 'load_class': 'HIGH', 'mean': 47738.454075702495, 'std': 8090.384272505794, 'timestamp': 1788256329482}",,,,
1067775974323519488,1788226485000-632578958264631296-1067775974323519488,1788226485000,1788237942000,1,104.571,33.291,3.1411192214111923,632578958264631296,1788226485000,1067775974323519488,RJ14GP9560,11457000,1788237942000,87.88818519218114,104.571,3.149999999999636,33.29097923946255,3.1411211802398213,107.60000000000582,33.29097923946255,1788226485000-632578958264631296-1067775974323519488,"{'confidence': 50.8, 'count': 6, 'error_code': None, 'flags': {'alta-status': 'present', 'alta_partial': False, 'gps_dup_rows_count': 0}, 'load_class': 'MEDIUM', 'mean': 28170.570115176488, 'std': 6792.172653259286, 'timestamp': 1788237945629}",,,,
1299087047838924800,1788228751000-632578958264631296-1299087047838924800,1788228751000,1788238356000,1,104.565,32.05,3.262558502340094,632578958264631296,1788228751000,1299087047838924800,RJ47GA6395,9605000,1788238356000,84.61251836885609,104.565,2.600000000000364,32.050196351839425,3.2625385146509034,109.10000000000582,32.050196351839425,1788228751000-632578958264631296-1299087047838924800,"{'confidence': 42.3, 'count': 6, 'error_code': None, 'flags': {'alta-status': 'present', 'alta_partial': False, 'gps_dup_rows_count': 0}, 'load_class': 'HIGH', 'mean': 59384.651256421945, 'std': 16777.780661783876, 'timestamp': 1788238364721}",,,,
1073994678560358400,1788241238000-632578958264631296-1073994678560358400,1788241238000,1788249989000,1,104.563,40.211,2.6003581109646614,632578958264631296,1788241238000,1073994678560358400,RJ47GA5628,8751000,1788249989000,106.1572657628097,104.563,2.349999999998545,40.211085516215796,2.6003525808283197,108.5,40.211085516215796,1788241238000-632578958264631296-1073994678560358400,"{'confidence': 66.3, 'count': 8, 'error_code': None, 'flags': {'alta-status': 'present', 'alta_partial': False, 'gps_dup_rows_count': 0}, 'load_class': 'MEDIUM', 'mean': 35726.45400980501, 'std': 6813.863008483946, 'timestamp': 1788250328093}",,,,
787647951882158080,1788246740000-632578958264631296-787647951882158080,1788246740000,1788255358000,1,104.297,36.235,2.8783496619290743,632578958264631296,1788246740000,787647951882158080,RJ47GA2574,8618000,1788255358000,95.6611206767257,104.297,2.349999999998545,36.23527298360822,2.8783279774704864,,36.23527298360822,1788246740000-632578958264631296-787647951882158080,"{'confidence': 7.4, 'count': 9, 'error_code': None, 'flags': {'alta-status': 'present', 'alta_partial': False, 'gps_dup_rows_count': 0}, 'load_class': 'HIGH', 'mean': 34483.553416581344, 'std': 19161.254288107102, 'timestamp': 1788255492347}",['900758004192772101'],,900758004192772101,
870575606247456768,1788229473000-632578958264631296-870575606247456768,1788229473000,1788239028000,1,104.123,32.075,3.246235385814497,632578958264631296,1788229473000,870575606247456768,RJ47GA4668,9555000,1788239028000,84.67701653466905,104.123,2.600000000000364,32.07462747525343,3.2462730886066917,108.79999999998836,32.07462747525343,1788229473000-632578958264631296-870575606247456768,"{'confidence': 53.4, 'count': 9, 'error_code': None, 'flags': {'alta-status': 'present', 'alta_partial': False, 'gps_dup_rows_count': 0}, 'load_class': 'HIGH', 'mean': 52891.09116348937, 'std': 14789.741280786864, 'timestamp': 1788239221159}",,,,0.0
1135541524696662016,1788232446000-632578958264631296-1135541524696662016,1788232446000,1788246670000,1,104.074,49.373,2.1079132319283818,632578958264631296,1788232446000,1135541524696662016,RJ47GA6226,14224000,1788246670000,130.3452625532212,104.074,3.8499999999994543,49.37320551258379,2.1079044578840356,110.39999999999418,49.37320551258379,1788232446000-632578958264631296-1135541524696662016,"{'confidence': 0, 'count': 2, 'error_code': None, 'flags': {'alta-status': 'present', 'alta_partial': False, 'gps_dup_rows_count': 0}, 'load_class': 'MEDIUM', 'mean': 42831.73195819877, 'std': 9933.06384117296, 'timestamp': 1788246720137}",,,,
877447567619653632,1788238975000-632578958264631296-877447567619653632,1788238975000,1788248709000,1,104.016,38.433,2.7064241667317153,632578958264631296,1788238975000,877447567619653632,RJ14GN1570,9734000,1788248709000,101.46221126825978,104.016,2.600000000000364,38.432655783431734,2.7064484064315213,108.70000000001164,38.432655783431734,1788238975000-632578958264631296-877447567619653632,"{'confidence': 55.5, 'count': 6, 'error_code': None, 'flags': {'alta-status': 'present', 'alta_partial': False, 'gps_dup_rows_count': 2}, 'load_class': 'HIGH', 'mean': 40789.392475552435, 'std': 8895.967402158629, 'timestamp': 1788248846618}",,,,1.2879999999999987
1072871041421803520,1788270599000-632578958264631296-1072871041421803520,1788270599000,1788280414000,1,103.983,42.593,2.441316648275538,632578958264631296,1788270599000,1072871041421803520,RJ47GA5833,9815000,1788280414000,112.4450185330145,103.983,2.699999999999818,42.59281005038428,2.4413275357271678,111.20000000001164,42.59281005038428,1788270599000-632578958264631296-1072871041421803520,"{'confidence': 75, 'count': 17, 'error_code': None, 'flags': {'alta-status': 'present', 'alta_partial': False, 'gps_dup_rows_count': 0}, 'load_class': 'HIGH', 'mean': 54723.21912067954, 'std': 11275.774961057614, 'timestamp': 1788280476863}",,,,
943856131652976640,1788271657000-632578958264631296-943856131652976640,1788271657000,1788281346000,1,103.796,36.605,2.835568911350909,632578958264631296,1788271657000,943856131652976640,RJ47GA3743,9689000,1788281346000,96.63753206904872,103.796,2.649999999999636,36.60512578373057,2.835559167676264,107.5,36.60512578373057,1788271657000-632578958264631296-943856131652976640,"{'confidence': 66.4, 'count': 21, 'error_code': None, 'flags': {'alta-status': 'present', 'alta_partial': False, 'gps_dup_rows_count': 0}, 'load_class': 'HIGH', 'mean': 41929.95693329318, 'std': 12929.979607753015, 'timestamp': 1788281355468}",,,,
800361869549240320,1788272076000-632578958264631296-800361869549240320,1788272076000,1788283156000,1,103.658,27.735,3.737443663241392,632578958264631296,1788272076000,800361869549240320,RJ47GA3066,11080000,1788283156000,73.22010082162916,103.658,3.0500000000010914,27.734886674859528,3.737458934489229,117.39999999996508,27.734886674859528,1788272076000-632578958264631296-800361869549240320,"{'confidence': 10.4, 'count': 3, 'error_code': None, 'flags': {'alta-status': 'present', 'alta_partial': False, 'gps_dup_rows_count': 0}, 'load_class': 'HIGH', 'mean': 29085.8469895898, 'std': 9029.484913634196, 'timestamp': 1788283177679}",['900758004201160712'],,900758004201160712,
1505916014645215232,1788266467000-632578958264631296-1505916014645215232,1788266467000,1788275211000,1,103.51,37.516,2.759089455165796,632578958264631296,1788266467000,1505916014645215232,RJ47GA8530,8744000,1788275211000,99.04299706008251,103.51,2.3999999999998636,37.51628676518277,2.759068365370933,109.52999999999884,37.51628676518277,1788266467000-632578958264631296-1505916014645215232,"{'confidence': 57.3, 'count': 10, 'error_code': None, 'flags': {'alta-status': 'present', 'alta_partial': False, 'gps_dup_rows_count': 0}, 'load_class': 'HIGH', 'mean': 54215.444415213424, 'std': 14658.422377727087, 'timestamp': 1788275238869}",,,,
1536014596580573184,1788266542000-632578958264631296-1536014596580573184,1788266542000,1788275198000,1,103.501,36.25,2.8552,632578958264631296,1788266542000,1536014596580573184,NL01AK9192,8656000,1788275198000,95.7,103.501,2.349999999999909,36.25,2.8552,106.46500000000015,36.25,1788266542000-632578958264631296-1536014596580573184,"{'confidence': 58, 'count': 13, 'error_code': None, 'flags': {'alta-status': 'present', 'alta_partial': False, 'gps_dup_rows_count': 0}, 'load_class': 'HIGH', 'mean': 68572.50497868356, 'std': 20748.943581677617, 'timestamp': 1788275237997}",,,,
866686329780436992,1788226031000-632578958264631296-866686329780436992,1788226031000,1788235633000,1,103.464,26.744,3.8686808256057432,632578958264631296,1788226031000,866686329780436992,RJ47GA4408,9602000,1788235633000,70.60518472184721,103.464,2.600000000000364,26.744388152214853,3.8686246778628046,107.29999999998836,26.744388152214853,1788226031000-632578958264631296-866686329780436992,"{'confidence': 56.4, 'count': 5, 'error_code': None, 'flags': {'alta-status': 'present', 'alta_partial': False, 'gps_dup_rows_count': 0}, 'load_class': 'HIGH', 'mean': 43669.32336232547, 'std': 8510.854385814442, 'timestamp': 1788235808828}",,,,1.6242845345276873
1536014674678513664,1788239051000-632578958264631296-1536014674678513664,1788239051000,1788248066000,1,103.42,32.61,3.171419809874272,632578958264631296,1788239051000,1536014674678513664,NL01AL0108,9015000,1788248066000,86.08957373818062,103.42,2.4500000000000455,32.60968702203811,3.1714502482071425,106.56499999999869,32.60968702203811,1788239051000-632578958264631296-1536014674678513664,"{'confidence': 66.1, 'count': 12, 'error_code': None, 'flags': {'alta-status': 'present', 'alta_partial': False, 'gps_dup_rows_count': 0}, 'load_class': 'HIGH', 'mean': 67622.16402451285, 'std': 15870.577965412394, 'timestamp': 1788248198720}",,,,
947093103351693312,1788259795000-632578958264631296-947093103351693312,1788259795000,1788269713000,1,103.258,37.392,2.761499786050492,632578958264631296,1788259795000,947093103351693312,RJ47GA3310,9918000,1788269713000,98.71515306469924,103.258,2.6999999999989086,37.392103433598194,2.761492147222155,121.75,37.392103433598194,1788259795000-632578958264631296-947093103351693312,"{'confidence': 83.8, 'count': 4, 'error_code': None, 'flags': {'alta-status': 'present', 'alta_partial': False, 'gps_dup_rows_count': 0}, 'load_class': 'HIGH', 'mean': 43611.664122586015, 'std': 2833.401495219777, 'timestamp': 1788270891750}",,,,
1081533146517733376,1788226370000-632578958264631296-1081533146517733376,1788226370000,1788235519000,1,102.985,30.847,3.3385742535740914,632578958264631296,1788226370000,1081533146517733376,RJ47GA5872,9149000,1788235519000,81.4364803081884,102.985,2.5,30.847151631889542,3.3385578425184295,107.30000000004657,30.847151631889542,1788226370000-632578958264631296-1081533146517733376,"{'confidence': 78.2, 'count': 18, 'error_code': None, 'flags': {'alta-status': 'present', 'alta_partial': False, 'gps_dup_rows_count': 0}, 'load_class': 'HIGH', 'mean': 37899.13295522849, 'std': 6995.3312888451355, 'timestamp': 1788235546339}",,,,
947582270531698688,1788306830000-632578958264631296-947582270531698688,1788306830000,1788316807000,1,102.888,49.485,2.079175507729615,632578958264631296,1788306830000,947582270531698688,RJ47GA3810,9977000,1788316807000,130.64032126047167,102.888,2.75,49.48497017442108,2.0791767608901806,106.375,49.48497017442108,1788306830000-632578958264631296-947582270531698688,"{'confidence': 77, 'count': 31, 'error_code': None, 'flags': {'alta-status': 'present', 'alta_partial': False, 'gps_dup_rows_count': 0}, 'load_class': 'HIGH', 'mean': 65091.06700652283, 'std': 16680.804491543557, 'timestamp': 1788318046609}",,,,
1083727144086929408,1788221438000-632578958264631296-1083727144086929408,1788221438000,1788231322000,1,102.868,30.23,3.4028448561032083,632578958264631296,1788221438000,1083727144086929408,RJ47GA6319,9884000,1788231322000,79.80687913661428,102.868,2.699999999999818,30.22987846083874,3.4028585372336253,109.5,30.22987846083874,1788221438000-632578958264631296-1083727144086929408,"{'confidence': 70.9, 'count': 10, 'error_code': None, 'flags': {'alta-status': 'present', 'alta_partial': False, 'gps_dup_rows_count': 0}, 'load_class': 'MEDIUM', 'mean': 34220.35308267211, 'std': 6300.25585502013, 'timestamp': 1788231326612}",,,,
780059706918961152,1788253837000-632578958264631296-780059706918961152,1788253837000,1788261620000,1,102.865,32.934,3.1233679480172465,632578958264631296,1788253837000,780059706918961152,RJ47GA3183,7783000,1788261620000,86.94521733696567,102.865,2.149999999999636,32.933794445820325,3.12338744231929,115.79999999998836,32.933794445820325,1788253837000-632578958264631296-780059706918961152,"{'confidence': 65.1, 'count': 13, 'error_code': None, 'flags': {'alta-status': 'present', 'alta_partial': False, 'gps_dup_rows_count': 0}, 'load_class': 'HIGH', 'mean': 32765.555144912592, 'std': 8236.920941372746, 'timestamp': 1788262323502}",['900758004217937931'],,900758004217937931,
1094226778622263296,1788234032000-632578958264631296-1094226778622263296,1788234032000,1788244067000,1,102.844,41.426,2.4825954714430547,632578958264631296,1788234032000,1094226778622263296,RJ47GA6284,10035000,1788244067000,109.3634310042264,102.844,2.75,41.42554204705545,2.4826229161510804,109.29999999998836,41.42554204705545,1788234032000-632578958264631296-1094226778622263296,"{'confidence': 64.7, 'count': 6, 'error_code': None, 'flags': {'alta-status': 'present', 'alta_partial': False, 'gps_dup_rows_count': 0}, 'load_class': 'MEDIUM', 'mean': 41153.61831315461, 'std': 7125.907644991564, 'timestamp': 1788244119570}",,,,
1131239476161413120,1788249881000-632578958264631296-1131239476161413120,1788249881000,1788264633000,1,102.817,43.957,2.3390358759696976,632578958264631296,1788249881000,1131239476161413120,RJ47GA6182,14752000,1788264633000,116.04677184935377,102.817,4.100000000000364,43.95711054899764,2.3390299934613092,110.0,43.95711054899764,1788249881000-632578958264631296-1131239476161413120,"{'confidence': 68.7, 'count': 6, 'error_code': None, 'flags': {'alta-status': 'present', 'alta_partial': False, 'gps_dup_rows_count': 0}, 'load_class': 'HIGH', 'mean': 48283.315568014725, 'std': 7396.874841310698, 'timestamp': 1788268295412}",,,,
1536014535985463296,1788277766000-632578958264631296-1536014535985463296,1788277766000,1788286681000,1,102.777,20.597,4.989901441957566,632578958264631296,1788277766000,1536014535985463296,NL01AK8375,8915000,1788286681000,54.37714321829266,102.777,2.3999999999999773,20.597402734201765,4.989803876065398,104.625,20.597402734201765,1788277766000-632578958264631296-1536014535985463296,"{'confidence': 64.2, 'count': 15, 'error_code': None, 'flags': {'alta-status': 'present', 'alta_partial': False, 'gps_dup_rows_count': 0}, 'load_class': 'LOW', 'mean': 30003.50899909641, 'std': 8318.368419015613, 'timestamp': 1788286689277}",,,,
876044057397166080,1788235095000-632578958264631296-876044057397166080,1788235095000,1788244057000,1,102.776,24.025,4.277877211238294,632578958264631296,1788235095000,876044057397166080,RJ14GN1573,8962000,1788244057000,63.42488766244142,102.776,2.5,24.02457866001569,4.277952236101063,107.39999999996508,24.02457866001569,1788235095000-632578958264631296-876044057397166080,"{'confidence': 59.7, 'count': 9, 'error_code': None, 'flags': {'alta-status': 'present', 'alta_partial': False, 'gps_dup_rows_count': 0}, 'load_class': 'HIGH', 'mean': 34337.98714407814, 'std': 8300.204152778842, 'timestamp': 1788244084241}",,,,0.0
1536427445069021184,1788229897000-632578958264631296-1536427445069021184,1788229897000,1788238880000,1,102.642,33.0,3.1103636363636364,632578958264631296,1788229897000,1536427445069021184,NL01AK8053,8983000,1788238880000,87.12,102.642,2.5,33.0,3.1103636363636364,105.69999999999709,33.0,1788229897000-632578958264631296-1536427445069021184,"{'confidence': 74.2, 'count': 8, 'error_code': None, 'flags': {'alta-status': 'present', 'alta_partial': False, 'gps_dup_rows_count': 0}, 'load_class': 'MEDIUM', 'mean': 41467.60592642856, 'std': 6048.1032532180525, 'timestamp': 1788238900280}",,,,
789852612550721536,1788248337000-632578958264631296-789852612550721536,1788248337000,1788257206000,1,102.596,18.468,5.55533896469569,632578958264631296,1788248337000,789852612550721536,RJ47GA3341,8869000,1788257206000,48.756262787433414,102.596,2.399999999999636,18.468281358876293,5.555254330727961,114.5,18.468281358876293,1788248337000-632578958264631296-789852612550721536,"{'confidence': 38.7, 'count': 8, 'error_code': None, 'flags': {'alta-status': 'present', 'alta_partial': False, 'gps_dup_rows_count': 0}, 'load_class': 'MEDIUM', 'mean': 21916.699604348472, 'std': 7594.56887785484, 'timestamp': 1788257237666}",['900758004226326543'],,900758004226326543,
873104331912511488,1788234955000-632578958264631296-873104331912511488,1788234955000,1788248528000,1,102.5,33.954,3.0187901278199916,632578958264631296,1788234955000,873104331912511488,RJ14GN0768,13573000,1788248528000,89.63882243044425,102.5,3.7000000000007276,33.954099405471304,3.0187812898811073,104.59999999997672,33.954099405471304,1788234955000-632578958264631296-873104331912511488,"{'confidence': 43.4, 'count': 5, 'error_code': None, 'flags': {'alta-status': 'present', 'alta_partial': False, 'gps_dup_rows_count': 0}, 'load_class': 'HIGH', 'mean': 37746.510575513654, 'std': 9553.015156076699, 'timestamp': 1788248537317}",,,,2.4527200306616423
1545824482457812992,1788224231000-632578958264631296-1545824482457812992,1788224231000,1788232888000,1,102.466,34.489,2.970976253298153,632578958264631296,1788224231000,1545824482457812992,NL01AK8869,8657000,1788232888000,91.0512628912931,102.466,2.3999999999999773,34.489114731550416,2.970966370043264,105.0,34.489114731550416,1788224231000-632578958264631296-1545824482457812992,"{'confidence': 49.7, 'count': 12, 'error_code': None, 'flags': {'alta-status': 'present', 'alta_partial': False, 'gps_dup_rows_count': 0}, 'load_class': 'HIGH', 'mean': 66525.96196076272, 'std': 23202.802953283794, 'timestamp': 1788234077053}",,,,
1479447378401427456,1788260318000-632578958264631296-1479447378401427456,1788260318000,1788269595000,1,102.421,29.895,3.4260244187991304,632578958264631296,1788260318000,1479447378401427456,NL01AK3096,9277000,1788269595000,78.92183036004396,102.421,2.5,29.89463271213786,3.4260665112107196,101.625,29.89463271213786,1788260318000-632578958264631296-1479447378401427456,"{'confidence': 35.3, 'count': 5, 'error_code': None, 'flags': {'alta-status': 'present', 'alta_partial': False, 'gps_dup_rows_count': 0}, 'load_class': 'HIGH', 'mean': 66460.29057933117, 'std': 19217.889046435892, 'timestamp': 1788271108864}",,,,
1406586595699589120,1788272508000-632578958264631296-1406586595699589120,1788272508000,1788283982000,1,102.393,39.996,2.56008100810081,632578958264631296,1788272508000,1406586595699589120,NL01AJ7423,11474000,1788283982000,105.58822361999196,102.393,3.150000000000091,39.99553924999695,2.560110500323053,107.42500000000291,39.99553924999695,1788272508000-632578958264631296-1406586595699589120,"{'confidence': 80.1, 'count': 29, 'error_code': None, 'flags': {'alta-status': 'present', 'alta_partial': False, 'gps_dup_rows_count': 0}, 'load_class': 'HIGH', 'mean': 46011.70760213797, 'std': 9858.142455867526, 'timestamp': 1788284080818}",,,,
1073664045493518336,1788224010000-632578958264631296-1073664045493518336,1788224010000,1788234644000,1,102.303,38.323,2.6694935156433472,632578958264631296,1788224010000,1073664045493518336,RJ47GA5839,10634000,1788234644000,101.17220990551257,102.303,2.9000000000005457,38.322806782391126,2.669506974812894,105.9100000000326,38.322806782391126,1788224010000-632578958264631296-1073664045493518336,"{'confidence': 21.8, 'count': 6, 'error_code': None, 'flags': {'alta-status': 'present', 'alta_partial': False, 'gps_dup_rows_count': 0}, 'load_class': 'HIGH', 'mean': 55754.49324573363, 'std': 21347.000389472123, 'timestamp': 1788234649942}",,,,
1049341310072258560,1788226292000-632578958264631296-1049341310072258560,1788226292000,1788235289000,1,102.153,30.797,3.316978926518817,632578958264631296,1788226292000,1049341310072258560,RJ47GA3322,8997000,1788235289000,81.30420354397553,102.153,2.4499999999989086,30.79704679696043,3.316973886278024,103.375,30.79704679696043,1788226292000-632578958264631296-1049341310072258560,"{'confidence': 46.2, 'count': 3, 'error_code': None, 'flags': {'alta-status': 'present', 'alta_partial': False, 'gps_dup_rows_count': 0}, 'load_class': 'HIGH', 'mean': 43078.162319089104, 'std': 8022.293844616464, 'timestamp': 1788235541480}",,,,
1464283595349688320,1788270463000-632578958264631296-1464283595349688320,1788270463000,1788279194000,1,101.909,37.713,2.702224697054066,632578958264631296,1788270463000,1464283595349688320,NL01AK1961,8731000,1788279194000,99.56148892518964,101.909,2.400000000000091,37.71268519893547,2.702247253475248,104.25,37.71268519893547,1788270463000-632578958264631296-1464283595349688320,"{'confidence': 64.2, 'count': 16, 'error_code': None, 'flags': {'alta-status': 'present', 'alta_partial': False, 'gps_dup_rows_count': 0}, 'load_class': 'HIGH', 'mean': 44125.68069907581, 'std': 12651.006370835086, 'timestamp': 1788280353174}",,,,
1536014667858575360,1788227144000-632578958264631296-1536014667858575360,1788227144000,1788236377000,1,101.475,35.9,2.826601671309192,632578958264631296,1788227144000,1536014667858575360,RJ47GA8900,9233000,1788236377000,94.77599999999904,101.475,2.5499999999999545,35.899999999999636,2.826601671309221,104.87999999999738,35.899999999999636,1788227144000-632578958264631296-1536014667858575360,"{'confidence': 79.5, 'count': 10, 'error_code': None, 'flags': {'alta-status': 'present', 'alta_partial': False, 'gps_dup_rows_count': 0}, 'load_class': 'HIGH', 'mean': 66264.37370625304, 'std': 8575.545653779025, 'timestamp': 1788236820355}",,,,
997896292355014656,1788255983000-632578958264631296-997896292355014656,1788255983000,1788268431000,1,101.35,42.912,2.361810216256525,632578958264631296,1788255983000,997896292355014656,RJ47GA5837,12448000,1788268431000,113.2876799999911,101.35,3.449999999999818,42.911999999996624,2.3618102162567105,106.46000000002095,42.911999999996624,1788255983000-632578958264631296-997896292355014656,"{'confidence': 74.3, 'count': 12, 'error_code': None, 'flags': {'alta-status': 'present', 'alta_partial': False, 'gps_dup_rows_count': 0}, 'load_class': 'HIGH', 'mean': 60000.29605097805, 'std': 10696.534063364608, 'timestamp': 1788270372422}",,,,
1526925618065702912,1788230006000-632578958264631296-1526925618065702912,1788230006000,1788241214000,1,101.224,27.377,3.6974102348686855,632578958264631296,1788230006000,1526925618065702912,RJ47GA8695,11208000,1788241214000,72.27643663094976,101.224,3.0500000000000114,27.377438117784,3.6973510656662323,104.6299999999992,27.377438117784,1788230006000-632578958264631296-1526925618065702912,"{'confidence': 69.7, 'count': 7, 'error_code': None, 'flags': {'alta-status': 'present', 'alta_partial': False, 'gps_dup_rows_count': 0}, 'load_class': 'HIGH', 'mean': 44651.10350830034, 'std': 7162.51330653209, 'timestamp': 1788241235830}",,,,
1458037913185943552,1788230248000-632578958264631296-1458037913185943552,1788230248000,1788241112000,1,101.219,26.184,3.8656813321112127,632578958264631296,1788230248000,1458037913185943552,NL01AK1744,10864000,1788241112000,69.12575999999812,101.219,2.9500000000000455,26.183999999999287,3.865681332111318,104.42000000000553,26.183999999999287,1788230248000-632578958264631296-1458037913185943552,"{'confidence': 60.8, 'count': 4, 'error_code': None, 'flags': {'alta-status': 'present', 'alta_partial': False, 'gps_dup_rows_count': 0}, 'load_class': 'HIGH', 'mean': 40566.29123140421, 'std': 6353.5048193365465, 'timestamp': 1788241122678}",,,,
790970454885007360,1788231959000-632578958264631296-790970454885007360,1788231959000,1788242067000,1,101.158,45.52,2.2222759226713533,632578958264631296,1788231959000,790970454885007360,RJ47GA3108,10108000,1788242067000,120.17326717769105,101.158,2.75,45.520176961246605,2.2222672834976103,114.29999999998836,45.520176961246605,1788231959000-632578958264631296-790970454885007360,"{'confidence': 44.7, 'count': 4, 'error_code': None, 'flags': {'alta-status': 'present', 'alta_partial': False, 'gps_dup_rows_count': 0}, 'load_class': 'HIGH', 'mean': 64717.999681754634, 'std': 14314.937996878312, 'timestamp': 1788242143907}",['900758004205355017'],,900758004205355017,
1500136074981146624,1788260220000-632578958264631296-1500136074981146624,1788260220000,1788268702000,1,101.065,33.624,3.0057399476564357,632578958264631296,1788260220000,1500136074981146624,NL01AK3122,8482000,1788268702000,88.76760781247432,101.065,2.2999999999999545,33.624093868361484,3.0057315565341343,106.375,33.624093868361484,1788260220000-632578958264631296-1500136074981146624,"{'confidence': 70.1, 'count': 8, 'error_code': None, 'flags': {'alta-status': 'present', 'alta_partial': False, 'gps_dup_rows_count': 0}, 'load_class': 'MEDIUM', 'mean': 40976.276725155236, 'std': 6940.343320643415, 'timestamp': 1788270434022}",,,,
946030376206204928,1788268656000-632578958264631296-946030376206204928,1788268656000,1788280401000,1,100.942,42.025,2.401951219512195,632578958264631296,1788268656000,946030376206204928,RJ47GA4009,11745000,1788280401000,110.94644760264846,100.942,3.25,42.02516954645775,2.401941529073695,108.375,42.02516954645775,1788268656000-632578958264631296-946030376206204928,"{'confidence': 77.4, 'count': 18, 'error_code': None, 'flags': {'alta-status': 'present', 'alta_partial': False, 'gps_dup_rows_count': 0}, 'load_class': 'HIGH', 'mean': 51609.22861327992, 'std': 9910.379906975488, 'timestamp': 1788280415932}",,,,
1504892206538817536,1788275858000-632578958264631296-1504892206538817536,1788275858000,1788285031000,1,100.618,42.507,2.3670924788858305,632578958264631296,1788275858000,1504892206538817536,RJ47GA8528,9173000,1788285031000,112.21907919636988,100.618,2.5,42.50722696832192,2.36707983974077,105.4800000000032,42.50722696832192,1788275858000-632578958264631296-1504892206538817536,"{'confidence': 49, 'count': 6, 'error_code': None, 'flags': {'alta-status': 'present', 'alta_partial': False, 'gps_dup_rows_count': 0}, 'load_class': 'HIGH', 'mean': 71442.4349603589, 'std': 17851.379328253737, 'timestamp': 1788286248946}",,,,
1045646397224779776,1788242876000-632578958264631296-1045646397224779776,1788242876000,1788254239000,1,100.459,42.187,2.381278592931472,632578958264631296,1788242876000,1045646397224779776,RJ47GA5630,11363000,1788254239000,111.3744886432974,100.459,1.1499999999996362,42.18730630427932,2.3812613034696133,106.30000000001746,42.18730630427932,1788242876000-632578958264631296-1045646397224779776,"{'confidence': 70.4, 'count': 18, 'error_code': None, 'flags': {'alta-status': 'present', 'alta_partial': False, 'gps_dup_rows_count': 0}, 'load_class': 'HIGH', 'mean': 50156.703609259144, 'std': 12614.58562490751, 'timestamp': 1788254273952}",,,,
847126508215468032,1788247209000-632578958264631296-847126508215468032,1788247209000,1788255292000,1,100.323,19.414,5.167559493149273,632578958264631296,1788247209000,847126508215468032,RJ47GA3488,8083000,1788255292000,51.25254944347606,100.323,2.2000000000007276,19.413844486165175,5.167600887680585,102.375,19.413844486165175,1788247209000-632578958264631296-847126508215468032,"{'confidence': 56.7, 'count': 11, 'error_code': None, 'flags': {'alta-status': 'present', 'alta_partial': False, 'gps_dup_rows_count': 0}, 'load_class': 'LOW', 'mean': 17584.86815157641, 'std': 5051.1210271915415, 'timestamp': 1788255373556}",,,,
935951856658546688,1788251908000-632578958264631296-935951856658546688,1788251908000,1788259599000,1,100.3,29.612,3.387140348507362,632578958264631296,1788251908000,935951856658546688,RJ47GA4709,7691000,1788259599000,78.17579473205649,100.29999999999563,2.050000000000182,29.612043459112304,3.387135377485441,100.29999999999563,29.612043459112304,1788251908000-632578958264631296-935951856658546688,"{'confidence': 74.4, 'count': 9, 'error_code': None, 'flags': {'alta-status': 'present', 'alta_partial': False, 'gps_dup_rows_count': 0}, 'load_class': 'HIGH', 'mean': 49315.99852737876, 'std': 7565.929629021957, 'timestamp': 1788259955332}",,,,
931892603408875520,1788223781000-632578958264631296-931892603408875520,1788223781000,1788231505000,1,100.0,35.484,2.8181715702851986,632578958264631296,1788223781000,931892603408875520,RJ14GN0974,7724000,1788231505000,93.67699784650411,100.0,2.0499999999992724,35.483711305493976,2.818194498852123,102.5,35.483711305493976,1788223781000-632578958264631296-931892603408875520,"{'confidence': 60.4, 'count': 8, 'error_code': None, 'flags': {'alta-status': 'present', 'alta_partial': False, 'gps_dup_rows_count': 0}, 'load_class': 'MEDIUM', 'mean': 42464.739648548115, 'std': 9502.881918885587, 'timestamp': 1788231519084}",,,,
1396881703661731840,1788238145000-632578958264631296-1396881703661731840,1788238145000,1788248189000,1,99.85,41.808,2.388298890164562,632578958264631296,1788238145000,1396881703661731840,NL01AJ6921,10044000,1788248189000,110.37246253618008,99.85,2.75,41.80775096067427,2.388313116721398,106.0,41.80775096067428,1788238145000-632578958264631296-1396881703661731840,"{'confidence': 57.4, 'count': 21, 'error_code': None, 'flags': {'alta-status': 'present', 'alta_partial': False, 'gps_dup_rows_count': 0}, 'load_class': 'HIGH', 'mean': 75336.69750661225, 'std': 29435.782399647705, 'timestamp': 1788249086227}",,,,
1385589008028925952,1788244309000-632578958264631296-1385589008028925952,1788244309000,1788254867000,1,99.684,44.976,2.2163820704375667,632578958264631296,1788244309000,1385589008028925952,NL01AJ5695,10558000,1788254867000,118.73712428672141,99.684,2.900000000000091,44.976183441939924,2.2163730305992457,103.875,44.97618344193992,1788244309000-632578958264631296-1385589008028925952,"{'confidence': 64.2, 'count': 11, 'error_code': None, 'flags': {'alta-status': 'present', 'alta_partial': False, 'gps_dup_rows_count': 0}, 'load_class': 'HIGH', 'mean': 52196.453879223096, 'std': 12382.092194743513, 'timestamp': 1788254960055}",,,,
1545767666730401792,1788255950000-632578958264631296-1545767666730401792,1788255950000,1788264341000,1,99.412,26.795,3.7100951670087703,632578958264631296,1788255950000,1545767666730401792,NL01AK8998,8391000,1788264341000,70.73905076462465,99.412,2.300000000000068,26.795094986600247,3.7100820149999163,103.20999999999913,26.795094986600247,1788255950000-632578958264631296-1545767666730401792,"{'confidence': 67.2, 'count': 15, 'error_code': None, 'flags': {'alta-status': 'present', 'alta_partial': False, 'gps_dup_rows_count': 0}, 'load_class': 'HIGH', 'mean': 42153.04069384682, 'std': 10708.6868940398, 'timestamp': 1788267997164}",,,,
1131240847388442624,1788235924000-632578958264631296-1131240847388442624,1788235924000,1788245816000,1,99.311,36.5,2.7208493150684934,632578958264631296,1788235924000,1131240847388442624,RJ47GA6175,9892000,1788245816000,96.36,99.311,2.699999999999818,36.5,2.7208493150684934,105.5,36.5,1788235924000-632578958264631296-1131240847388442624,"{'confidence': 56.6, 'count': 10, 'error_code': None, 'flags': {'alta-status': 'present', 'alta_partial': False, 'gps_dup_rows_count': 0}, 'load_class': 'HIGH', 'mean': 59304.5774365925, 'std': 16270.735360493398, 'timestamp': 1788245837892}",,,,
1268615730958434304,1788242345000-632578958264631296-1268615730958434304,1788242345000,1788254009000,1,99.201,42.539,2.3320012224076727,632578958264631296,1788242345000,1268615730958434304,RJ47GA5740,11664000,1788254009000,112.30248448994219,99.201,3.1500000000005457,42.53881988255386,2.33201109654395,103.0,42.53881988255386,1788242345000-632578958264631296-1268615730958434304,"{'confidence': 77.3, 'count': 14, 'error_code': None, 'flags': {'alta-status': 'present', 'alta_partial': False, 'gps_dup_rows_count': 0}, 'load_class': 'MEDIUM', 'mean': 36277.172526344424, 'std': 6149.9159941060625, 'timestamp': 1788254015813}",,,,
965194336809517056,1788271652000-632578958264631296-965194336809517056,1788271652000,1788281171000,1,99.184,40.62,2.441752831117676,632578958264631296,1788271652000,965194336809517056,RJ14GN1584,9519000,1788281171000,107.23704672920532,99.184,0.0,40.620093458032315,2.441747213173561,,40.620093458032315,1788271652000-632578958264631296-965194336809517056,"{'confidence': 77.6, 'count': 10, 'error_code': None, 'flags': {'alta-status': 'present', 'alta_partial': False, 'gps_dup_rows_count': 0}, 'load_class': 'MEDIUM', 'mean': 42389.88912600631, 'std': 6015.069000203982, 'timestamp': 1788281906587}",,,,
1046442314819436544,1788235203000-632578958264631296-1046442314819436544,1788235203000,1788243182000,1,98.756,32.738,3.0165556845256276,632578958264631296,1788235203000,1046442314819436544,RJ47GA3600,7979000,1788243182000,86.42797696136284,98.756,2.1499999999999773,32.73787006112229,3.0165676574444364,,32.73787006112229,1788235203000-632578958264631296-1046442314819436544,"{'confidence': 62.9, 'count': 9, 'error_code': None, 'flags': {'alta-status': 'present', 'alta_partial': False, 'gps_dup_rows_count': 0}, 'load_class': 'HIGH', 'mean': 62091.39973711151, 'std': 13818.869923168037, 'timestamp': 1788243190894}",,,,
1187402009754468352,1788255451000-632578958264631296-1187402009754468352,1788255451000,1788265570000,1,98.707,39.969,2.4695889314218515,632578958264631296,1788255451000,1187402009754468352,RJ47GA6476,10119000,1788265570000,105.51816000001214,98.707,2.800000000000182,39.9690000000046,2.4695889314215678,104.60000000000582,39.9690000000046,1788255451000-632578958264631296-1187402009754468352,"{'confidence': 56.5, 'count': 6, 'error_code': None, 'flags': {'alta-status': 'present', 'alta_partial': False, 'gps_dup_rows_count': 0}, 'load_class': 'MEDIUM', 'mean': 34913.58356887488, 'std': 7444.36182169016, 'timestamp': 1788269133124}",,,,
798236529196531712,1788220873000-632578958264631296-798236529196531712,1788220873000,1788231159000,1,98.642,39.795,2.478753612262847,632578958264631296,1788220873000,798236529196531712,RJ47GA3075,10286000,1788231159000,105.05758976736313,98.642,2.8000000000010914,39.794541578546635,2.478782166777823,110.90000000002328,39.794541578546635,1788220873000-632578958264631296-798236529196531712,"{'confidence': 0, 'count': 2, 'error_code': None, 'flags': {'alta-status': 'present', 'alta_partial': False, 'gps_dup_rows_count': 0}, 'load_class': 'HIGH', 'mean': 33039.87570362314, 'std': 4728.761401526075, 'timestamp': 1788231168328}",['900758004205355009'],,900758004205355009,
946025653910634496,1788238257000-632578958264631296-946025653910634496,1788238257000,1788248493000,1,98.43,47.873,2.0560650053265936,632578958264631296,1788238257000,946025653910634496,RJ47GA3361,10236000,1788248493000,126.38494861887087,98.43,2.7999999999992724,47.87308659805714,2.0560612860921035,104.125,47.87308659805714,1788238257000-632578958264631296-946025653910634496,"{'confidence': 73.2, 'count': 23, 'error_code': None, 'flags': {'alta-status': 'present', 'alta_partial': False, 'gps_dup_rows_count': 0}, 'load_class': 'HIGH', 'mean': 62660.30531366657, 'std': 16092.621299060726, 'timestamp': 1788248501840}",,,,
967085947369816064,1788252000000-632578958264631296-967085947369816064,1788252000000,1788262308000,1,98.352,22.036,4.463241967689235,632578958264631296,1788252000000,967085947369816064,RJ47GA4721,10308000,1788262308000,58.17505612233795,98.352,2.7999999999992724,22.036006106946193,4.463240730769151,101.30000000004657,22.036006106946196,1788252000000-632578958264631296-967085947369816064,"{'confidence': 37, 'count': 9, 'error_code': None, 'flags': {'alta-status': 'present', 'alta_partial': False, 'gps_dup_rows_count': 0}, 'load_class': 'LOW', 'mean': 29079.21717163697, 'std': 10984.442314973587, 'timestamp': 1788263099609}",,,,
790193276584984576,1788270496000-632578958264631296-790193276584984576,1788270496000,1788280425000,1,98.122,29.196,3.360802849705439,632578958264631296,1788270496000,790193276584984576,RJ47GA2477,9929000,1788280425000,77.07806842339346,98.122,2.6999999999989086,29.19623803916419,3.3607754488224804,110.40000000002328,29.19623803916419,1788270496000-632578958264631296-790193276584984576,"{'confidence': 60.7, 'count': 7, 'error_code': None, 'flags': {'alta-status': 'present', 'alta_partial': False, 'gps_dup_rows_count': 0}, 'load_class': 'HIGH', 'mean': 33875.139700870684, 'std': 7053.040353067675, 'timestamp': 1788280452101}",['841055114193010688'],,841055114193010688,
780451764301201408,1788255561000-632578958264631296-780451764301201408,1788255561000,1788264520000,1,98.024,28.706,3.414756496899603,632578958264631296,1788255561000,780451764301201408,RJ47GA3344,8959000,1788264520000,75.78415048057958,98.024,2.4500000000007276,28.706117606280145,3.414742506961475,109.89999999996508,28.706117606280145,1788255561000-632578958264631296-780451764301201408,"{'confidence': 70.1, 'count': 7, 'error_code': None, 'flags': {'alta-status': 'present', 'alta_partial': False, 'gps_dup_rows_count': 0}, 'load_class': 'HIGH', 'mean': 38353.947757897324, 'std': 6070.111530138888, 'timestamp': 1788268266306}",['900758004230520833'],,900758004230520833,
1540361293100220416,1788225262000-632578958264631296-1540361293100220416,1788225262000,1788232488000,1,98.01,19.039,5.147854404117863,632578958264631296,1788225262000,1540361293100220416,NL01AK8392,7226000,1788232488000,50.262265719443846,98.01,2.0,19.03873701494085,5.147925512237793,100.40999999999985,19.03873701494085,1788225262000-632578958264631296-1540361293100220416,"{'confidence': 69.2, 'count': 12, 'error_code': None, 'flags': {'alta-status': 'present', 'alta_partial': False, 'gps_dup_rows_count': 0}, 'load_class': 'MEDIUM', 'mean': 23812.11294828331, 'std': 5081.9409124645335, 'timestamp': 1788232493485}",,,,
1486716779844599808,1788253204000-632578958264631296-1486716779844599808,1788253204000,1788264887000,1,97.979,46.993,2.0849701019300744,632578958264631296,1788253204000,1486716779844599808,NL01AK3100,11683000,1788264887000,124.06099883870895,97.979,3.2000000000000455,46.992802590420055,2.0849788605707458,104.0,46.992802590420055,1788253204000-632578958264631296-1486716779844599808,"{'confidence': 43.6, 'count': 10, 'error_code': None, 'flags': {'alta-status': 'present', 'alta_partial': False, 'gps_dup_rows_count': 0}, 'load_class': 'HIGH', 'mean': 67443.84643497158, 'std': 24065.002372255916, 'timestamp': 1788268259489}",,,,
1083729116835872768,1788258204000-632578958264631296-1083729116835872768,1788258204000,1788270042000,1,97.948,38.633,2.5353454300727356,632578958264631296,1788258204000,1083729116835872768,RJ47GA6361,11838000,1788270042000,101.99102077946455,97.948,0.0,38.63296241646384,2.5353478965480116,102.59999999997672,38.63296241646384,1788258204000-632578958264631296-1083729116835872768,"{'confidence': 54.4, 'count': 6, 'error_code': None, 'flags': {'alta-status': 'present', 'alta_partial': False, 'gps_dup_rows_count': 0}, 'load_class': 'LOW', 'mean': 28176.02768333853, 'std': 6287.60249665018, 'timestamp': 1788271176735}",,,,
947093723013971968,1788303909000-632578958264631296-947093723013971968,1788303909000,1788313867000,1,97.802,37.934,2.578214794116097,632578958264631296,1788303909000,947093723013971968,RJ47GA3450,9958000,1788313867000,100.1465862071312,97.802,2.75,37.93431295724666,2.5781935239008122,98.125,37.93431295724666,1788303909000-632578958264631296-947093723013971968,"{'confidence': 80.4, 'count': 19, 'error_code': None, 'flags': {'alta-status': 'present', 'alta_partial': False, 'gps_dup_rows_count': 0}, 'load_class': 'HIGH', 'mean': 61495.258793494526, 'std': 10510.132792164533, 'timestamp': 1788313877552}",,,,
836966844580495360,1788266315000-632578958264631296-836966844580495360,1788266315000,1788275143000,1,97.59,34.85,2.800286944045911,632578958264631296,1788266315000,836966844580495360,RJ47GA2578,8828000,1788275143000,92.00440345458483,97.59,2.400000000001455,34.850152823706374,2.8002746643227243,109.20000000001164,34.850152823706374,1788266315000-632578958264631296-836966844580495360,"{'confidence': 85.2, 'count': 12, 'error_code': None, 'flags': {'alta-status': 'present', 'alta_partial': False, 'gps_dup_rows_count': 0}, 'load_class': 'HIGH', 'mean': 50891.89600097552, 'std': 5213.464599185421, 'timestamp': 1788275164925}",['900758004192772103'],,900758004192772103,
943858330336493568,1788240156000-632578958264631296-943858330336493568,1788240156000,1788249270000,1,97.563,37.429,2.6066151914291056,632578958264631296,1788240156000,943858330336493568,RJ47GA3486,9114000,1788249270000,98.812723965255,97.563,2.399999999999636,37.429062108051134,2.606610866132652,97.25,37.429062108051134,1788240156000-632578958264631296-943858330336493568,"{'confidence': 76.4, 'count': 8, 'error_code': None, 'flags': {'alta-status': 'present', 'alta_partial': False, 'gps_dup_rows_count': 0}, 'load_class': 'HIGH', 'mean': 55184.379296757936, 'std': 7361.278134801479, 'timestamp': 1788249282886}",,,,
1064494636166283264,1788224246000-632578958264631296-1064494636166283264,1788224246000,1788232190000,1,97.5,34.465,2.828956912810097,632578958264631296,1788224246000,1064494636166283264,RJ47GA2650,7944000,1788232190000,90.98889421004246,97.5,2.150000000001455,34.465490231076686,2.8289166742240806,97.5,34.465490231076686,1788224246000-632578958264631296-1064494636166283264,"{'confidence': 68.1, 'count': 13, 'error_code': None, 'flags': {'alta-status': 'present', 'alta_partial': False, 'gps_dup_rows_count': 0}, 'load_class': 'HIGH', 'mean': 58188.19094154496, 'std': 13378.539411597832, 'timestamp': 1788232229273}",,,,
870309644059279360,1788233203000-632578958264631296-870309644059279360,1788233203000,1788239936000,1,97.462,24.044,4.053485276992181,632578958264631296,1788233203000,870309644059279360,RJ47GA4518,6733000,1788239936000,63.47648741648943,97.462,1.7999999999992724,24.044124021397508,4.05346436881069,102.09999999997672,24.044124021397508,1788233203000-632578958264631296-870309644059279360,,,,,0.0
1067771070980816896,1788234446000-632578958264631296-1067771070980816896,1788234446000,1788245011000,1,97.386,51.04,1.9080329153605016,632578958264631296,1788234446000,1067771070980816896,RJ47GA3902,10565000,1788245011000,134.7446483924207,97.386,2.900000000001455,51.03963954258359,1.9080463904677172,96.625,51.03963954258359,1788234446000-632578958264631296-1067771070980816896,"{'confidence': 73.3, 'count': 7, 'error_code': None, 'flags': {'alta-status': 'present', 'alta_partial': False, 'gps_dup_rows_count': 0}, 'load_class': 'HIGH', 'mean': 52938.57539452241, 'std': 7489.933023168873, 'timestamp': 1788245025410}",,,,
792451146961649664,1788228074000-632578958264631296-792451146961649664,1788228074000,1788234914000,1,97.315,22.176,4.38830266955267,632578958264631296,1788228074000,792451146961649664,RJ47GA2227,6840000,1788234914000,58.54399243631168,97.315,1.8000000000010914,22.17575471072412,4.38835120921223,,22.17575471072412,1788228074000-632578958264631296-792451146961649664,,['900758004180189185'],,900758004180189185,
940246634145513472,1788274499000-632578958264631296-940246634145513472,1788274499000,1788284548000,1,97.311,47.58,2.0452080706179068,632578958264631296,1788274499000,940246634145513472,RJ14GN1596,10049000,1788284548000,125.61066656418465,97.311,2.7999999999992724,47.579797940979034,2.045216756084393,100.90000000002328,47.57979794097903,1788274499000-632578958264631296-940246634145513472,"{'confidence': 66.9, 'count': 14, 'error_code': None, 'flags': {'alta-status': 'present', 'alta_partial': False, 'gps_dup_rows_count': 0}, 'load_class': 'HIGH', 'mean': 49696.5463916276, 'std': 12291.681598867184, 'timestamp': 1788284566631}",,,,
1506655599683698688,1788247069000-632578958264631296-1506655599683698688,1788247069000,1788254541000,1,97.172,28.274,3.436797057367192,632578958264631296,1788247069000,1506655599683698688,RJ47GA8529,7472000,1788254541000,74.6433599999937,97.172,2.0499999999999545,28.273999999997613,3.4367970573674826,101.77000000000407,28.273999999997613,1788247069000-632578958264631296-1506655599683698688,"{'confidence': 79.9, 'count': 18, 'error_code': None, 'flags': {'alta-status': 'present', 'alta_partial': False, 'gps_dup_rows_count': 0}, 'load_class': 'HIGH', 'mean': 62433.101631209465, 'std': 10659.020048417575, 'timestamp': 1788254666017}",,,,
1083727207982956544,1788223768000-632578958264631296-1083727207982956544,1788223768000,1788231150000,1,96.946,19.424,4.991042009884679,632578958264631296,1788223768000,1083727207982956544,RJ47GA6322,7382000,1788231150000,51.28067691110669,96.946,2.0,19.424498829964655,4.990913837655826,103.20000000001164,19.424498829964655,1788223768000-632578958264631296-1083727207982956544,"{'confidence': 60.8, 'count': 9, 'error_code': None, 'flags': {'alta-status': 'present', 'alta_partial': False, 'gps_dup_rows_count': 0}, 'load_class': 'LOW', 'mean': 16590.00202486447, 'std': 3899.463611623093, 'timestamp': 1788231157090}",,,,
1070334753032372224,1788227097000-632578958264631296-1070334753032372224,1788227097000,1788236071000,1,96.798,36.237,2.671247619836079,632578958264631296,1788227097000,1070334753032372224,RJ47GA4000,8974000,1788236071000,95.66607989091867,96.798,2.4499999999989086,36.237151473832824,2.6712364538338154,99.5,36.237151473832824,1788227097000-632578958264631296-1070334753032372224,"{'confidence': 62.6, 'count': 14, 'error_code': None, 'flags': {'alta-status': 'present', 'alta_partial': False, 'gps_dup_rows_count': 0}, 'load_class': 'HIGH', 'mean': 55026.95798086594, 'std': 15382.890750670156, 'timestamp': 1788236083105}",['1096406669480427549'],,,
947582270531698688,1788227132000-632578958264631296-947582270531698688,1788227132000,1788235731000,1,96.73,37.739,2.56313097856329,632578958264631296,1788227132000,947582270531698688,RJ47GA3810,8599000,1788235731000,99.63079873646872,96.73,2.2999999999992724,37.73893891532906,2.563135127275917,100.5,37.73893891532906,1788227132000-632578958264631296-947582270531698688,"{'confidence': 62.6, 'count': 17, 'error_code': None, 'flags': {'alta-status': 'present', 'alta_partial': False, 'gps_dup_rows_count': 0}, 'load_class': 'HIGH', 'mean': 57080.633246336525, 'std': 17623.289729797656, 'timestamp': 1788235748755}",,,,
1079787761596104704,1788245202000-632578958264631296-1079787761596104704,1788245202000,1788253100000,1,96.429,29.709,3.2457841058265173,632578958264631296,1788245202000,1079787761596104704,RJ47GA5703,7898000,1788253100000,78.43060065596615,96.429,2.149999999999636,29.708560854532628,3.245832084299292,99.60000000003492,29.708560854532628,1788245202000-632578958264631296-1079787761596104704,"{'confidence': 40.8, 'count': 5, 'error_code': None, 'flags': {'alta-status': 'present', 'alta_partial': False, 'gps_dup_rows_count': 0}, 'load_class': 'HIGH', 'mean': 43229.95832078762, 'std': 11437.090124672539, 'timestamp': 1788253114160}",,,,
1081223436249858048,1788245266000-632578958264631296-1081223436249858048,1788245266000,1788253285000,1,96.428,28.049,3.4378409212449643,632578958264631296,1788245266000,1081223436249858048,RJ47GA5875,8019000,1788253285000,74.05050700461582,96.428,2.149999999999636,28.049434471445384,3.4377876708410895,100.40000000002328,28.049434471445384,1788245266000-632578958264631296-1081223436249858048,"{'confidence': 71.3, 'count': 11, 'error_code': None, 'flags': {'alta-status': 'present', 'alta_partial': False, 'gps_dup_rows_count': 0}, 'load_class': 'HIGH', 'mean': 34768.58085988118, 'std': 6610.089307816126, 'timestamp': 1788253326554}",,,,
961238953837461504,1788234299000-632578958264631296-961238953837461504,1788234299000,1788243175000,1,96.339,30.556,3.15286686739102,632578958264631296,1788234299000,961238953837461504,RJ47GA3862,8876000,1788243175000,80.66841242474807,96.339,2.4499999999989086,30.556216827556085,3.1528444945815397,101.0,30.55621682755608,1788234299000-632578958264631296-961238953837461504,"{'confidence': 48.3, 'count': 5, 'error_code': None, 'flags': {'alta-status': 'present', 'alta_partial': False, 'gps_dup_rows_count': 0}, 'load_class': 'HIGH', 'mean': 50410.83206717509, 'std': 11656.24015550793, 'timestamp': 1788244225001}",,,,
1286311379313098752,1788255544000-632578958264631296-1286311379313098752,1788255544000,1788265326000,1,96.286,35.189,2.7362528062746883,632578958264631296,1788255544000,1286311379313098752,RJ47GA3711,9782000,1788265326000,92.89866066620267,96.286,2.649999999999636,35.18888661598586,2.7362616229027976,104.875,35.18888661598586,1788255544000-632578958264631296-1286311379313098752,"{'confidence': 64.5, 'count': 4, 'error_code': None, 'flags': {'alta-status': 'present', 'alta_partial': False, 'gps_dup_rows_count': 0}, 'load_class': 'HIGH', 'mean': 52361.48263043678, 'std': 7441.461557584576, 'timestamp': 1788268687719}",,,,
1045015172411817984,1788267686000-632578958264631296-1045015172411817984,1788267686000,1788276636000,1,96.06,51.76,1.8558732612055642,632578958264631296,1788267686000,1045015172411817984,RJ47GA3393,8950000,1788276636000,136.64579143324244,96.06,2.4500000000007276,51.7597694822888,1.8558815265371282,100.125,51.7597694822888,1788267686000-632578958264631296-1045015172411817984,"{'confidence': 71.9, 'count': 14, 'error_code': None, 'flags': {'alta-status': 'present', 'alta_partial': False, 'gps_dup_rows_count': 0}, 'load_class': 'HIGH', 'mean': 50563.66435421487, 'std': 10629.870651366253, 'timestamp': 1788277741645}",,,,
938500415001985024,1788265891000-632578958264631296-938500415001985024,1788265891000,1788276416000,1,95.923,27.55,3.4817785843920146,632578958264631296,1788265891000,938500415001985024,RJ47GA1435,10525000,1788276416000,72.73127208967757,95.923,0.0,27.54972427639302,3.481813430786133,,0.001,1788265891000-632578958264631296-938500415001985024,"{'confidence': None, 'count': None, 'error_code': 'OBD_PREPROCESS_EMPTY', 'flags': {'alta-status': 'present', 'alta_partial': False, 'gps_dup_rows_count': 0}, 'load_class': None, 'mean': None, 'std': None, 'timestamp': 1788277437354}",,,,
916722872880201728,1788267020000-632578958264631296-916722872880201728,1788267020000,1788277759000,1,95.884,30.92,3.1010349288486414,632578958264631296,1788267020000,916722872880201728,RJ47GA2142,10739000,1788277759000,81.63006620792365,95.884,2.9500000000007276,30.9204796242135,3.100986827025615,105.0,30.920479624213502,1788267020000-632578958264631296-916722872880201728,"{'confidence': 0, 'count': 2, 'error_code': None, 'flags': {'alta-status': 'present', 'alta_partial': False, 'gps_dup_rows_count': 0}, 'load_class': 'HIGH', 'mean': 72876.07367829142, 'std': 12625.09070417677, 'timestamp': 1788279104862}",,,,
1067776196789403648,1788267032000-632578958264631296-1067776196789403648,1788267032000,1788277679000,1,95.877,36.881,2.5996312464412568,632578958264631296,1788267032000,1067776196789403648,RJ47GA6412,10647000,1788277679000,97.36633441622078,95.877,0.0,36.88118727887151,2.59961804578146,98.19999999998254,36.88118727887151,1788267032000-632578958264631296-1067776196789403648,"{'confidence': 18.5, 'count': 7, 'error_code': None, 'flags': {'alta-status': 'present', 'alta_partial': False, 'gps_dup_rows_count': 0}, 'load_class': 'HIGH', 'mean': 44249.85319774152, 'std': 19080.553763929005, 'timestamp': 1788278091000}",,,,
1536014603211767808,1788270530000-632578958264631296-1536014603211767808,1788270530000,1788277761000,1,95.65,33.385,2.865059158304628,632578958264631296,1788270530000,1536014603211767808,NL01AK9193,7231000,1788277761000,88.13732290889439,95.65,2.0,33.38534958670242,2.8650291575229745,98.65000000000146,33.38534958670242,1788270530000-632578958264631296-1536014603211767808,"{'confidence': 68.3, 'count': 12, 'error_code': None, 'flags': {'alta-status': 'present', 'alta_partial': False, 'gps_dup_rows_count': 0}, 'load_class': 'HIGH', 'mean': 49447.480263362726, 'std': 10876.732054519161, 'timestamp': 1788277838816}",,,,
997896292355014656,1788240393000-632578958264631296-997896292355014656,1788240393000,1788249941000,1,95.541,33.446,2.8565747772528853,632578958264631296,1788240393000,997896292355014656,RJ47GA5837,9548000,1788249941000,88.29776334518984,95.541,2.649999999999636,33.446122479238575,2.8565643165155046,100.24499999999534,33.446122479238575,1788240393000-632578958264631296-997896292355014656,"{'confidence': 45.9, 'count': 6, 'error_code': None, 'flags': {'alta-status': 'present', 'alta_partial': False, 'gps_dup_rows_count': 0}, 'load_class': 'HIGH', 'mean': 74107.90162316672, 'std': 19653.25055554338, 'timestamp': 1788250073131}",,,,
951558414842986496,1788270390000-632578958264631296-951558414842986496,1788270390000,1788282653000,1,95.536,38.353,2.4909655046541337,632578958264631296,1788270390000,951558414842986496,RJ47GA3895,12263000,1788282653000,101.2515756056125,95.536,3.350000000000364,38.35286954758049,2.4909739773572417,96.625,38.35286954758049,1788270390000-632578958264631296-951558414842986496,"{'confidence': 0, 'count': 2, 'error_code': None, 'flags': {'alta-status': 'present', 'alta_partial': False, 'gps_dup_rows_count': 0}, 'load_class': 'HIGH', 'mean': 61995.47828571799, 'std': 17379.505752490182, 'timestamp': 1788282664539}",,,,
1537822792169291776,1788239953000-632578958264631296-1537822792169291776,1788239953000,1788247828000,1,95.478,30.221,3.1593262962840405,632578958264631296,1788239953000,1537822792169291776,NL01AK8056,7875000,1788247828000,79.78395001742331,95.478,2.1499999999998636,30.22119318841792,3.159306100349186,98.0199999999968,30.22119318841792,1788239953000-632578958264631296-1537822792169291776,"{'confidence': 78.1, 'count': 13, 'error_code': None, 'flags': {'alta-status': 'present', 'alta_partial': False, 'gps_dup_rows_count': 0}, 'load_class': 'MEDIUM', 'mean': 37459.15885078195, 'std': 5907.707200510472, 'timestamp': 1788247846524}",,,,
1083040452048846848,1788263495000-632578958264631296-1083040452048846848,1788263495000,1788275690000,1,95.065,28.894,3.2901294386377797,632578958264631296,1788263495000,1083040452048846848,RJ47GA5867,12195000,1788275690000,76.28078367360351,95.065,3.350000000000364,28.894236240001327,3.2901025384568405,98.71499999999651,28.894236240001327,1788263495000-632578958264631296-1083040452048846848,"{'confidence': 43.7, 'count': 8, 'error_code': None, 'flags': {'alta-status': 'present', 'alta_partial': False, 'gps_dup_rows_count': 0}, 'load_class': 'HIGH', 'mean': 57443.76471320819, 'std': 18286.938674265508, 'timestamp': 1788275704030}",,,,
860146891080335360,1788223554000-632578958264631296-860146891080335360,1788223554000,1788232386000,1,94.864,33.1,2.8659818731117825,632578958264631296,1788223554000,860146891080335360,RJ47GA3610,8832000,1788232386000,87.38396014582884,94.864,2.399999999999636,33.09998490372304,2.865983180231899,94.125,33.09998490372304,1788223554000-632578958264631296-860146891080335360,"{'confidence': 80.5, 'count': 13, 'error_code': None, 'flags': {'alta-status': 'present', 'alta_partial': False, 'gps_dup_rows_count': 0}, 'load_class': 'MEDIUM', 'mean': 37114.68532184718, 'std': 5216.1866398680995, 'timestamp': 1788232397306}",,,,
1525559056574447616,1788241734000-632578958264631296-1525559056574447616,1788241734000,1788249677000,1,94.734,32.783,2.889729432937803,632578958264631296,1788241734000,1525559056574447616,NL01AK6560,7943000,1788249677000,86.54678962995007,94.734,2.1499999999998636,32.78287485982957,2.8897404637346833,100.25,32.78287485982957,1788241734000-632578958264631296-1525559056574447616,"{'confidence': 75.1, 'count': 3, 'error_code': None, 'flags': {'alta-status': 'present', 'alta_partial': False, 'gps_dup_rows_count': 0}, 'load_class': 'HIGH', 'mean': 46380.46908397052, 'std': 3999.611714171392, 'timestamp': 1788249892021}",,,,
1536014529144553472,1788233226000-632578958264631296-1536014529144553472,1788233226000,1788241763000,1,94.606,40.412,2.341037315648817,632578958264631296,1788233226000,1536014529144553472,NL01AK8376,8537000,1788241763000,106.68839673365703,94.606,2.2999999999999545,40.4122714900216,2.341021588538017,97.46500000000015,40.4122714900216,1788233226000-632578958264631296-1536014529144553472,"{'confidence': 64.1, 'count': 17, 'error_code': None, 'flags': {'alta-status': 'present', 'alta_partial': False, 'gps_dup_rows_count': 0}, 'load_class': 'HIGH', 'mean': 75416.64327945268, 'std': 22353.305128361626, 'timestamp': 1788241802272}",,,,
1585283247909109760,1788251124000-632578958264631296-1585283247909109760,1788251124000,1788260924000,1,94.434,31.589,2.9894583557567507,632578958264631296,1788251124000,1585283247909109760,RJ47GA5321,9800000,1788260924000,83.39376628765133,94.434,2.699999999999818,31.588547836231566,2.989501147364732,98.5,31.58854783623157,1788251124000-632578958264631296-1585283247909109760,"{'confidence': 67.6, 'count': 10, 'error_code': None, 'flags': {'alta-status': 'present', 'alta_partial': False, 'gps_dup_rows_count': 0}, 'load_class': 'HIGH', 'mean': 49035.05571472012, 'std': 10038.174678553583, 'timestamp': 1788261350247}",,,,
1073994678560358400,1788225959000-632578958264631296-1073994678560358400,1788225959000,1788233384000,1,94.231,35.34,2.666411997736276,632578958264631296,1788225959000,1073994678560358400,RJ47GA5628,7425000,1788233384000,93.29872918353286,94.231,2.0,35.34042772103517,2.666379726465853,99.70000000001164,35.34042772103517,1788225959000-632578958264631296-1073994678560358400,"{'confidence': 43.3, 'count': 7, 'error_code': None, 'flags': {'alta-status': 'present', 'alta_partial': False, 'gps_dup_rows_count': 0}, 'load_class': 'MEDIUM', 'mean': 43726.77639226316, 'std': 13116.145445809982, 'timestamp': 1788233477017}",,,,
951557397191589888,1788234463000-632578958264631296-951557397191589888,1788234463000,1788246716000,1,94.201,48.681,1.9350670692878125,632578958264631296,1788234463000,951557397191589888,RJ47GA3883,12253000,1788246716000,128.51885001784115,94.201,3.350000000000364,48.68138258251558,1.935051861773401,97.0,48.68138258251558,1788234463000-632578958264631296-951557397191589888,"{'confidence': 71.4, 'count': 24, 'error_code': None, 'flags': {'alta-status': 'present', 'alta_partial': False, 'gps_dup_rows_count': 0}, 'load_class': 'HIGH', 'mean': 68389.06475230337, 'std': 19135.77477462489, 'timestamp': 1788246731211}",,,,
1120316721542987776,1788221589000-632578958264631296-1120316721542987776,1788221589000,1788230439000,1,94.174,37.5,2.511306666666667,632578958264631296,1788221589000,1120316721542987776,RJ47GA6411,8850000,1788230439000,99.0,94.174,2.399999999999636,37.5,2.511306666666667,98.60000000000582,37.5,1788221589000-632578958264631296-1120316721542987776,"{'confidence': 60.5, 'count': 11, 'error_code': None, 'flags': {'alta-status': 'present', 'alta_partial': False, 'gps_dup_rows_count': 0}, 'load_class': 'HIGH', 'mean': 48198.29320166026, 'std': 12625.93699330088, 'timestamp': 1788230443188}",,,,
1277220593376165888,1788225285000-632578958264631296-1277220593376165888,1788225285000,1788234228000,1,94.154,18.989,4.958344304597398,632578958264631296,1788225285000,1277220593376165888,NL01AH7054,8943000,1788234228000,50.13035554270218,94.154,2.449999999999818,18.988771038902343,4.958404090875942,99.02000000001863,18.988771038902343,1788225285000-632578958264631296-1277220593376165888,"{'confidence': 70.6, 'count': 6, 'error_code': None, 'flags': {'alta-status': 'present', 'alta_partial': False, 'gps_dup_rows_count': 0}, 'load_class': 'LOW', 'mean': 18071.477439564595, 'std': 2602.0290564756865, 'timestamp': 1788234231678}",,,,
1132636843020386304,1788249379000-632578958264631296-1132636843020386304,1788249379000,1788257169000,1,93.825,19.477,4.817220311136212,632578958264631296,1788249379000,1132636843020386304,RJ47GA4655,7790000,1788257169000,51.41829588776866,93.825,0.0,19.4766272302154,4.8173125095521145,97.09999999997672,19.4766272302154,1788249379000-632578958264631296-1132636843020386304,"{'confidence': 75.8, 'count': 9, 'error_code': None, 'flags': {'alta-status': 'present', 'alta_partial': False, 'gps_dup_rows_count': 0}, 'load_class': 'LOW', 'mean': 22771.95359500484, 'std': 3308.0982305273874, 'timestamp': 1788257205216}",,,,
1083039951072788480,1788234143000-632578958264631296-1083039951072788480,1788234143000,1788243464000,1,93.796,45.87,2.0448223239590146,632578958264631296,1788234143000,1083039951072788480,RJ47GA5903,9321000,1788243464000,121.09798667093008,93.796,2.600000000000364,45.870449496564426,2.044802286208795,98.60000000000582,45.870449496564426,1788234143000-632578958264631296-1083039951072788480,"{'confidence': 45.6, 'count': 11, 'error_code': None, 'flags': {'alta-status': 'present', 'alta_partial': False, 'gps_dup_rows_count': 0}, 'load_class': 'HIGH', 'mean': 57593.113349481966, 'std': 20799.634738123485, 'timestamp': 1788244813242}",,,,
1073663431535493120,1788251143000-632578958264631296-1073663431535493120,1788251143000,1788259797000,1,93.69,20.779,4.508879156841041,632578958264631296,1788251143000,1073663431535493120,RJ47GA5728,8654000,1788259797000,54.855896170013786,93.69,2.350000000000364,20.778748549247645,4.508933720331887,98.5,20.77874854924765,1788251143000-632578958264631296-1073663431535493120,"{'confidence': 80.3, 'count': 11, 'error_code': None, 'flags': {'alta-status': 'present', 'alta_partial': False, 'gps_dup_rows_count': 0}, 'load_class': 'LOW', 'mean': 20249.985003549842, 'std': 2648.129428084085, 'timestamp': 1788260235344}",,,,
1441118393376702464,1788262513000-632578958264631296-1441118393376702464,1788262513000,1788272407000,1,93.683,18.553,5.049479868484881,632578958264631296,1788262513000,1441118393376702464,NL01AG9419,9894000,1788272407000,48.980664199023494,93.683,2.699999999999818,18.553281893569505,5.049403148047364,100.0,18.553281893569505,1788262513000-632578958264631296-1441118393376702464,"{'confidence': 54.6, 'count': 7, 'error_code': None, 'flags': {'alta-status': 'present', 'alta_partial': False, 'gps_dup_rows_count': 0}, 'load_class': 'LOW', 'mean': 16588.472723683193, 'std': 3984.9870875000393, 'timestamp': 1788272414422}",,,,
1173302979768352768,1788236610000-632578958264631296-1173302979768352768,1788236610000,1788251584000,1,93.554,48.094,1.9452322535035556,632578958264631296,1788236610000,1173302979768352768,RJ47GA6351,14974000,1788251584000,126.96815999999293,93.554,4.100000000000364,48.09399999999732,1.945232253503664,99.20000000001164,48.09399999999732,1788236610000-632578958264631296-1173302979768352768,"{'confidence': 78.4, 'count': 21, 'error_code': None, 'flags': {'alta-status': 'present', 'alta_partial': False, 'gps_dup_rows_count': 0}, 'load_class': 'MEDIUM', 'mean': 42857.65299736557, 'std': 8465.386401659645, 'timestamp': 1788251618584}",,,,
1083726655622479872,1788241617000-632578958264631296-1083726655622479872,1788241617000,1788250662000,1,93.487,46.382,2.0155879435988098,632578958264631296,1788241617000,1083726655622479872,RJ47GA6356,9045000,1788250662000,122.44800879144651,93.487,2.5,46.381821511911554,2.0155957000522524,98.60000000000582,46.381821511911554,1788241617000-632578958264631296-1083726655622479872,"{'confidence': 37.6, 'count': 5, 'error_code': None, 'flags': {'alta-status': 'present', 'alta_partial': False, 'gps_dup_rows_count': 0}, 'load_class': 'HIGH', 'mean': 62000.35570990475, 'std': 17303.915955546137, 'timestamp': 1788250666890}",,,,
1505916014645215232,1788257367000-632578958264631296-1505916014645215232,1788257367000,1788264497000,1,93.467,31.211,2.994681362340201,632578958264631296,1788257367000,1505916014645215232,RJ47GA8530,7130000,1788264497000,82.39612948773795,93.467,1.9500000000000455,31.21065510899165,2.994714454842461,98.88500000000204,31.21065510899165,1788257367000-632578958264631296-1505916014645215232,,,,,
1536014596580573184,1788257374000-632578958264631296-1536014596580573184,1788257374000,1788264469000,1,93.35,31.456,2.967637334689725,632578958264631296,1788257374000,1536014596580573184,NL01AK9192,7095000,1788264469000,83.0446378833383,93.35,1.9500000000000455,31.456302228537233,2.9676088219712184,96.14500000000044,31.456302228537233,1788257374000-632578958264631296-1536014596580573184,,,,,
947093723013971968,1788237796000-632578958264631296-947093723013971968,1788237796000,1788245720000,1,93.303,19.446,4.798056155507559,632578958264631296,1788237796000,947093723013971968,RJ47GA3450,7924000,1788245720000,51.33711725657529,93.303,2.1999999999989086,19.44587774870276,4.7980863196686645,92.625,19.44587774870276,1788237796000-632578958264631296-947093723013971968,"{'confidence': 40, 'count': 8, 'error_code': None, 'flags': {'alta-status': 'present', 'alta_partial': False, 'gps_dup_rows_count': 0}, 'load_class': 'MEDIUM', 'mean': 31324.244824151945, 'std': 10627.604019532831, 'timestamp': 1788245753845}",,,,
1126869078934290432,1788237256000-632578958264631296-1126869078934290432,1788237256000,1788245638000,1,93.147,26.307,3.540768616717984,632578958264631296,1788237256000,1126869078934290432,RJ47GA4863,8382000,1788245638000,69.45057988548005,93.147,2.2999999999992724,26.307037835409112,3.540763524300129,96.40000000002328,26.307037835409112,1788237256000-632578958264631296-1126869078934290432,"{'confidence': 67.3, 'count': 12, 'error_code': None, 'flags': {'alta-status': 'present', 'alta_partial': False, 'gps_dup_rows_count': 0}, 'load_class': 'MEDIUM', 'mean': 32434.142520241963, 'std': 7356.801246886472, 'timestamp': 1788245906782}",,,,
1083726561296777216,1788269064000-632578958264631296-1083726561296777216,1788269064000,1788281758000,1,92.837,40.283,2.3046198148102177,632578958264631296,1788269064000,1083726561296777216,RJ47GA6360,12694000,1788281758000,106.34832673406676,92.837,3.5,40.283457096237406,2.304593664297776,98.39999999999418,40.283457096237406,1788269064000-632578958264631296-1083726561296777216,"{'confidence': None, 'count': None, 'error_code': 'RANSAC_TOO_FEW_POCKETS', 'flags': {'alta-status': 'present', 'alta_partial': False, 'gps_dup_rows_count': 0}, 'load_class': None, 'mean': None, 'std': None, 'timestamp': 1788281765407}",,,,
1067776196789403648,1788247314000-632578958264631296-1067776196789403648,1788247314000,1788255686000,1,92.691,31.018,2.988297117802566,632578958264631296,1788247314000,1067776196789403648,RJ47GA6412,8372000,1788255686000,81.8867846004076,92.691,0.0,31.017721439548332,2.9883239547640263,95.09999999997672,31.017721439548332,1788247314000-632578958264631296-1067776196789403648,"{'confidence': 43.5, 'count': 7, 'error_code': None, 'flags': {'alta-status': 'present', 'alta_partial': False, 'gps_dup_rows_count': 0}, 'load_class': 'MEDIUM', 'mean': 33474.96293038761, 'std': 10015.34234378381, 'timestamp': 1788255762442}",,,,
1120316721542987776,1788232327000-632578958264631296-1120316721542987776,1788232327000,1788241015000,1,92.633,31.701,2.9220844768303835,632578958264631296,1788232327000,1120316721542987776,RJ47GA6411,8688000,1788241015000,83.6917461400928,92.633,2.350000000000364,31.701418992459395,2.9220458561187432,96.70000000001164,31.701418992459395,1788232327000-632578958264631296-1120316721542987776,"{'confidence': 0, 'count': 2, 'error_code': None, 'flags': {'alta-status': 'present', 'alta_partial': False, 'gps_dup_rows_count': 2}, 'load_class': 'HIGH', 'mean': 43268.58559879784, 'std': 3881.206956189396, 'timestamp': 1788241039878}",,,,
1083726517403385856,1788250728000-632578958264631296-1083726517403385856,1788250728000,1788261755000,1,92.571,46.774,1.9791123273613545,632578958264631296,1788250728000,1083726517403385856,RJ47GA6316,11027000,1788261755000,123.48369629464351,92.571,3.050000000000182,46.77412738433466,1.9791069374605452,98.40000000002328,46.77412738433466,1788250728000-632578958264631296-1083726517403385856,"{'confidence': 45.8, 'count': 10, 'error_code': None, 'flags': {'alta-status': 'present', 'alta_partial': False, 'gps_dup_rows_count': 0}, 'load_class': 'HIGH', 'mean': 49708.80436470459, 'std': 17034.07765494587, 'timestamp': 1788262787188}",,,,
938500415001985024,1788247441000-632578958264631296-938500415001985024,1788247441000,1788255560000,1,92.457,26.757,3.455432223343424,632578958264631296,1788247441000,938500415001985024,RJ47GA1435,8119000,1788255560000,70.63975307378138,92.457,0.0,26.757482224917187,3.4553699493408203,,0.001,1788247441000-632578958264631296-938500415001985024,"{'confidence': None, 'count': None, 'error_code': 'OBD_PREPROCESS_EMPTY', 'flags': {'alta-status': 'present', 'alta_partial': False, 'gps_dup_rows_count': 0}, 'load_class': None, 'mean': None, 'std': None, 'timestamp': 1788272848132}",,,,
1422205318414204928,1788224721000-632578958264631296-1422205318414204928,1788224721000,1788233355000,1,92.38,33.756,2.7366986609787887,632578958264631296,1788224721000,1422205318414204928,NL01AJ9002,8634000,1788233355000,89.11547152617818,92.38,2.349999999999909,33.75586042658264,2.736709976654928,94.375,33.75586042658264,1788224721000-632578958264631296-1422205318414204928,"{'confidence': 57.6, 'count': 8, 'error_code': None, 'flags': {'alta-status': 'present', 'alta_partial': False, 'gps_dup_rows_count': 0}, 'load_class': 'HIGH', 'mean': 87488.59295060292, 'std': 20994.56180103193, 'timestamp': 1788233364976}",,,,
1050037591694376960,1788270699000-632578958264631296-1050037591694376960,1788270699000,1788280603000,1,92.364,35.406,2.608710388069819,632578958264631296,1788270699000,1050037591694376960,RJ47GA3487,9904000,1788280603000,93.47097891090935,92.364,2.75,35.405673829889906,2.608734420470913,94.125,35.405673829889906,1788270699000-632578958264631296-1050037591694376960,"{'confidence': 62.3, 'count': 17, 'error_code': None, 'flags': {'alta-status': 'present', 'alta_partial': False, 'gps_dup_rows_count': 0}, 'load_class': 'HIGH', 'mean': 70330.27145505806, 'std': 21852.503180782554, 'timestamp': 1788280606874}",,,,
869954569466019840,1788236657000-632578958264631296-869954569466019840,1788236657000,1788252194000,1,92.259,42.597,2.1658567504753856,632578958264631296,1788236657000,869954569466019840,RJ47GA1979,15537000,1788252194000,112.45668899643958,92.259,4.299999999999272,42.597230680469536,2.1658450215238982,102.0,42.597230680469536,1788236657000-632578958264631296-869954569466019840,"{'confidence': 54.9, 'count': 4, 'error_code': None, 'flags': {'alta-status': 'present', 'alta_partial': False, 'gps_dup_rows_count': 0}, 'load_class': 'HIGH', 'mean': 55747.17666531893, 'std': 10050.930020626625, 'timestamp': 1788252678336}",['900758004175994893'],,900758004175994893,
780122893064339456,1788230903000-632578958264631296-780122893064339456,1788230903000,1788238905000,1,92.154,39.57,2.328885519332828,632578958264631296,1788230903000,780122893064339456,RJ47GA3065,8002000,1788238905000,104.46536347726587,92.154,2.150000000001455,39.57021343835828,2.328872957522853,104.19999999995343,39.57021343835828,1788230903000-632578958264631296-780122893064339456,"{'confidence': 52.5, 'count': 11, 'error_code': None, 'flags': {'alta-status': 'present', 'alta_partial': False, 'gps_dup_rows_count': 0}, 'load_class': 'HIGH', 'mean': 62958.07203529364, 'std': 19847.964422276968, 'timestamp': 1788238923217}",['900758004201160710'],,900758004201160710,
780452749606125568,1788252662000-632578958264631296-780452749606125568,1788252662000,1788261448000,1,92.088,18.387,5.0083210964268225,632578958264631296,1788252662000,780452749606125568,RJ47GA3192,8786000,1788261448000,48.54232285143477,92.088,2.399999999999636,18.38724350433135,5.008254770667908,103.20000000001164,18.38724350433135,1788252662000-632578958264631296-780452749606125568,"{'confidence': 39.6, 'count': 5, 'error_code': None, 'flags': {'alta-status': 'present', 'alta_partial': False, 'gps_dup_rows_count': 0}, 'load_class': 'HIGH', 'mean': 30982.360701957183, 'std': 8373.354445346802, 'timestamp': 1788261936562}",['900758004167606293'],,900758004167606293,
1454186236603269120,1788249410000-632578958264631296-1454186236603269120,1788249410000,1788257767000,1,91.894,30.928,2.9712234868080705,632578958264631296,1788249410000,1454186236603269120,Rj47GA5305,8357000,1788257767000,81.64958859733703,91.894,2.2999999999992724,30.927874468688266,2.9712355465305107,95.30000000004657,30.927874468688266,1788249410000-632578958264631296-1454186236603269120,"{'confidence': 81.9, 'count': 10, 'error_code': None, 'flags': {'alta-status': 'present', 'alta_partial': False, 'gps_dup_rows_count': 0}, 'load_class': 'HIGH', 'mean': 39922.21767642988, 'std': 4568.395750361481, 'timestamp': 1788257958510}",,,,
1536014758619119616,1788259997000-632578958264631296-1536014758619119616,1788259997000,1788267152000,1,91.873,28.934,3.175260938688049,632578958264631296,1788259997000,1536014758619119616,RJ47GA8942,7155000,1788267152000,76.38463143393662,91.873,1.8999999999999773,28.933572512854777,3.175307852467307,,28.933572512854777,1788259997000-632578958264631296-1536014758619119616,,,,,
1462138758710165504,1788268299000-632578958264631296-1462138758710165504,1788268299000,1788277511000,1,91.746,31.725,2.891914893617021,632578958264631296,1788268299000,1462138758710165504,RJ14GQ0822,9212000,1788277511000,83.75381626630883,91.746,2.550000000000182,31.72493040390486,2.8919212377123906,96.0,31.72493040390486,1788268299000-632578958264631296-1462138758710165504,"{'confidence': 77.1, 'count': 8, 'error_code': None, 'flags': {'alta-status': 'present', 'alta_partial': False, 'gps_dup_rows_count': 0}, 'load_class': 'MEDIUM', 'mean': 31407.075721849928, 'std': 4072.5449945013743, 'timestamp': 1788277517349}",,,,
1362453820235317248,1788228368000-632578958264631296-1362453820235317248,1788228368000,1788235840000,1,91.402,33.578,2.722079933289654,632578958264631296,1788228368000,1362453820235317248,NL01AJ4179,7472000,1788235840000,88.6471700767767,91.402,2.050000000000182,33.57847351393057,2.722041547305014,98.375,33.57847351393057,1788228368000-632578958264631296-1362453820235317248,"{'confidence': 33.9, 'count': 5, 'error_code': None, 'flags': {'alta-status': 'present', 'alta_partial': False, 'gps_dup_rows_count': 0}, 'load_class': 'HIGH', 'mean': 64212.31786863153, 'std': 18976.149254555836, 'timestamp': 1788235855171}",,,,
1067775974323519488,1788301567000-632578958264631296-1067775974323519488,1788301567000,1788311254000,1,91.195,22.167,4.113998285740063,632578958264631296,1788301567000,1067775974323519488,RJ14GP9560,9687000,1788311254000,58.51993707620746,91.195,2.7000000000007276,22.166642831896766,4.114064574035299,93.10000000000582,22.166642831896766,1788301567000-632578958264631296-1067775974323519488,"{'confidence': 82.8, 'count': 8, 'error_code': None, 'flags': {'alta-status': 'present', 'alta_partial': False, 'gps_dup_rows_count': 0}, 'load_class': 'MEDIUM', 'mean': 26605.59517538987, 'std': 2589.0822059529814, 'timestamp': 1788312083367}",,,,
946033927888306176,1788306509000-632578958264631296-946033927888306176,1788306509000,1788315901000,1,91.07,42.667,2.134436449715236,632578958264631296,1788306509000,946033927888306176,RJ47GA3780,9392000,1788315901000,112.64143008084794,91.07,2.5499999999992724,42.66720836395755,2.1344260262625934,93.5,42.66720836395755,1788306509000-632578958264631296-946033927888306176,"{'confidence': 33.2, 'count': 6, 'error_code': None, 'flags': {'alta-status': 'present', 'alta_partial': False, 'gps_dup_rows_count': 0}, 'load_class': 'HIGH', 'mean': 40590.57081231884, 'std': 13274.430929159184, 'timestamp': 1788315914548}",,,,
870309644059279360,1788251231000-632578958264631296-870309644059279360,1788251231000,1788258511000,1,90.711,29.699,3.054345264150308,632578958264631296,1788251231000,870309644059279360,RJ47GA4518,7280000,1788258511000,78.40407760692092,90.711,2.0,29.698514245045804,3.0543952216441963,94.79999999998836,29.698514245045804,1788251231000-632578958264631296-870309644059279360,"{'confidence': 79.7, 'count': 7, 'error_code': None, 'flags': {'alta-status': 'present', 'alta_partial': False, 'gps_dup_rows_count': 0}, 'load_class': 'HIGH', 'mean': 39163.397485363166, 'std': 4214.848168884789, 'timestamp': 1788258742696}",,,,0.18399999999999936
1067776270814674944,1788262055000-632578958264631296-1067776270814674944,1788262055000,1788271927000,1,90.702,34.344,2.640985324947589,632578958264631296,1788262055000,1067776270814674944,RJ47GA6416,9872000,1788271927000,90.66815999999294,90.702,0.0,34.34399999999732,2.640985324947795,93.29999999998836,34.34399999999732,1788262055000-632578958264631296-1067776270814674944,"{'confidence': 41.9, 'count': 4, 'error_code': None, 'flags': {'alta-status': 'present', 'alta_partial': False, 'gps_dup_rows_count': 0}, 'load_class': 'MEDIUM', 'mean': 29616.652248620645, 'std': 6877.201712147585, 'timestamp': 1788271960313}",,,,
943856131652976640,1788239817000-632578958264631296-943856131652976640,1788239817000,1788247638000,1,90.608,28.772,3.149172806895593,632578958264631296,1788239817000,943856131652976640,RJ47GA3743,7821000,1788247638000,75.9592150781596,90.608,2.149999999999636,28.77242995384833,3.1491257479933887,94.375,28.77242995384833,1788239817000-632578958264631296-943856131652976640,"{'confidence': 49.4, 'count': 9, 'error_code': None, 'flags': {'alta-status': 'present', 'alta_partial': False, 'gps_dup_rows_count': 0}, 'load_class': 'MEDIUM', 'mean': 34893.8465569961, 'std': 10589.537175498506, 'timestamp': 1788247838535}",,,,
1083728870357598208,1788249681000-632578958264631296-1083728870357598208,1788249681000,1788259032000,1,90.357,34.068,2.6522543148996127,632578958264631296,1788249681000,1083728870357598208,RJ47GA6364,9351000,1788259032000,89.9391492037581,90.357,2.5499999999992724,34.06785954687807,2.6522652494697216,96.10000000000582,34.06785954687807,1788249681000-632578958264631296-1083728870357598208,"{'confidence': 9.3, 'count': 5, 'error_code': None, 'flags': {'alta-status': 'present', 'alta_partial': False, 'gps_dup_rows_count': 0}, 'load_class': 'HIGH', 'mean': 81524.7132978635, 'std': 33058.27114788566, 'timestamp': 1788259294410}",,,,
1462138501628690432,1788292416000-632578958264631296-1462138501628690432,1788292416000,1788301534000,1,90.296,25.996,3.4734574549930763,632578958264631296,1788292416000,1462138501628690432,RJ47GA5314,9118000,1788301534000,68.62935255768697,90.296,2.5,25.99596687791173,3.473461880608979,92.60000000000582,25.99596687791173,1788292416000-632578958264631296-1462138501628690432,"{'confidence': 57.1, 'count': 6, 'error_code': None, 'flags': {'alta-status': 'present', 'alta_partial': False, 'gps_dup_rows_count': 0}, 'load_class': 'HIGH', 'mean': 50626.22621741255, 'std': 10650.845728086779, 'timestamp': 1788301553243}",,,,
1083726930487803904,1788243723000-632578958264631296-1083726930487803904,1788243723000,1788253519000,1,89.822,22.092,4.065815679884121,632578958264631296,1788243723000,1083726930487803904,RJ47GA6332,9796000,1788253519000,58.32269363540801,89.822,2.699999999999818,22.091929407351518,4.065828671809443,94.5,22.091929407351518,1788243723000-632578958264631296-1083726930487803904,"{'confidence': 56.8, 'count': 6, 'error_code': None, 'flags': {'alta-status': 'present', 'alta_partial': False, 'gps_dup_rows_count': 0}, 'load_class': 'LOW', 'mean': 22229.418971349187, 'std': 4708.742773191469, 'timestamp': 1788253575252}",,,,
1385589008028925952,1788273089000-632578958264631296-1385589008028925952,1788273089000,1788282770000,1,89.707,30.23,2.9674826331458815,632578958264631296,1788273089000,1385589008028925952,NL01AJ5695,9681000,1788282770000,79.80616818245802,89.707,2.650000000000091,30.229609160021976,2.9675209998624665,93.75,30.229609160021976,1788273089000-632578958264631296-1385589008028925952,"{'confidence': 77.8, 'count': 10, 'error_code': None, 'flags': {'alta-status': 'present', 'alta_partial': False, 'gps_dup_rows_count': 0}, 'load_class': 'MEDIUM', 'mean': 36894.83760875793, 'std': 5181.519348574507, 'timestamp': 1788282775936}",,,,
1070334753032372224,1788242721000-632578958264631296-1070334753032372224,1788242721000,1788249529000,1,89.674,31.053,2.887772517953177,632578958264631296,1788242721000,1070334753032372224,RJ47GA4000,6808000,1788249529000,81.9792211797251,89.674,1.8500000000003638,31.052735295350416,2.887797134361528,91.375,31.052735295350416,1788242721000-632578958264631296-1070334753032372224,,['1096406669480427549'],,,
1536014618822967296,1788240473000-632578958264631296-1536014618822967296,1788240473000,1788251025000,1,89.625,41.945,2.1367266658719752,632578958264631296,1788240473000,1536014618822967296,NL01AK9203,10552000,1788251025000,110.73560489876104,89.625,2.8999999999999773,41.94530488589433,2.136711134745852,92.45999999999913,41.94530488589433,1788240473000-632578958264631296-1536014618822967296,"{'confidence': 74.6, 'count': 11, 'error_code': None, 'flags': {'alta-status': 'present', 'alta_partial': False, 'gps_dup_rows_count': 0}, 'load_class': 'HIGH', 'mean': 60224.94162261607, 'std': 10152.885586281085, 'timestamp': 1788251299769}",,,,
1111626569580806144,1788246931000-632578958264631296-1111626569580806144,1788246931000,1788255740000,1,89.39,43.972,2.032884562903666,632578958264631296,1788246931000,1111626569580806144,NL01AH6173,8809000,1788255740000,116.08647533126103,89.39,2.399999999999636,43.97214974668978,2.032877639936839,94.625,43.97214974668978,1788246931000-632578958264631296-1111626569580806144,"{'confidence': 64.9, 'count': 14, 'error_code': None, 'flags': {'alta-status': 'present', 'alta_partial': False, 'gps_dup_rows_count': 0}, 'load_class': 'HIGH', 'mean': 70549.05099073259, 'std': 18520.551175559074, 'timestamp': 1788255794492}",,,,
1094588896550846464,1788269966000-632578958264631296-1094588896550846464,1788269966000,1788281638000,1,89.345,39.548,2.259153433801962,632578958264631296,1788269966000,1094588896550846464,RJ47GA5976,11672000,1788281638000,104.4071076490631,89.345,3.2000000000007276,39.54814683676632,2.25914504587961,92.12999999997555,39.548146836766314,1788269966000-632578958264631296-1094588896550846464,"{'confidence': 37.8, 'count': 8, 'error_code': None, 'flags': {'alta-status': 'present', 'alta_partial': False, 'gps_dup_rows_count': 0}, 'load_class': 'HIGH', 'mean': 65284.19291827441, 'std': 22956.16393528892, 'timestamp': 1788281778316}",,,,
1486725792942522368,1788223122000-632578958264631296-1486725792942522368,1788223122000,1788232291000,1,89.29,28.04,3.1843794579172613,632578958264631296,1788223122000,1486725792942522368,NL01AK3102,9169000,1788232291000,74.02535555958406,89.29,2.5,28.039907408933356,3.1843899731121335,94.5,28.03990740893336,1788223122000-632578958264631296-1486725792942522368,"{'confidence': 42.3, 'count': 10, 'error_code': None, 'flags': {'alta-status': 'present', 'alta_partial': False, 'gps_dup_rows_count': 0}, 'load_class': 'HIGH', 'mean': 58740.346671667605, 'std': 21436.014794261035, 'timestamp': 1788232296762}",,,,
925753337108758528,1788255786000-632578958264631296-925753337108758528,1788255786000,1788264088000,1,89.223,20.728,4.304467387109224,632578958264631296,1788255786000,925753337108758528,RJ47GA2620,8302000,1788264088000,54.721248013838185,89.223,2.25,20.72774545978719,4.304520246695274,107.75,20.72774545978719,1788255786000-632578958264631296-925753337108758528,"{'confidence': 63.3, 'count': 4, 'error_code': None, 'flags': {'alta-status': 'present', 'alta_partial': False, 'gps_dup_rows_count': 0}, 'load_class': 'HIGH', 'mean': 35472.45656899435, 'std': 5201.62428484974, 'timestamp': 1788268654728}",,,,
1072871041421803520,1788281278000-632578958264631296-1072871041421803520,1788281278000,1788289731000,1,89.2,19.004,4.693748684487476,632578958264631296,1788281278000,1072871041421803520,RJ47GA5833,8453000,1788289731000,50.17010303715541,89.19999999998254,2.3499999999994543,19.003826908013412,4.693791436416907,89.19999999998254,19.003826908013412,1788281278000-632578958264631296-1072871041421803520,"{'confidence': 56.8, 'count': 8, 'error_code': None, 'flags': {'alta-status': 'present', 'alta_partial': False, 'gps_dup_rows_count': 0}, 'load_class': 'HIGH', 'mean': 50158.68140529784, 'std': 12251.71286082646, 'timestamp': 1788289811734}",,,,
940246123384143872,1788281229000-632578958264631296-940246123384143872,1788281229000,1788288520000,1,89.183,20.533,4.343398431792724,632578958264631296,1788281229000,940246123384143872,RJ14GN1575,7291000,1788288520000,54.208376334398935,89.183,2.0,20.53347588424202,4.343297769105016,91.19999999998254,20.53347588424202,1788281229000-632578958264631296-940246123384143872,"{'confidence': 75.4, 'count': 21, 'error_code': None, 'flags': {'alta-status': 'present', 'alta_partial': False, 'gps_dup_rows_count': 0}, 'load_class': 'LOW', 'mean': 21803.249529985038, 'std': 4917.392991801116, 'timestamp': 1788288532902}",,,,
1081614639520808960,1788261758000-632578958264631296-1081614639520808960,1788261758000,1788269173000,1,89.133,28.057,3.1768542609687422,632578958264631296,1788261758000,1081614639520808960,RJ47GA5704,7415000,1788269173000,74.07003390858743,89.133,2.0499999999992724,28.056831025980085,3.176873393772253,85.0,28.056831025980085,1788261758000-632578958264631296-1081614639520808960,"{'confidence': 85.3, 'count': 8, 'error_code': None, 'flags': {'alta-status': 'present', 'alta_partial': False, 'gps_dup_rows_count': 0}, 'load_class': 'HIGH', 'mean': 40618.90950723059, 'std': 3368.453761521534, 'timestamp': 1788270965775}",,,,
944571594812948480,1788251596000-632578958264631296-944571594812948480,1788251596000,1788259161000,1,89.024,18.127,4.91112704804987,632578958264631296,1788251596000,944571594812948480,RJ47GA2733,7565000,1788259161000,47.85551936652503,89.024,2.093125,18.12709066913827,4.911102483288459,92.5,18.12709066913827,1788251596000-632578958264631296-944571594812948480,"{'confidence': 41.1, 'count': 6, 'error_code': None, 'flags': {'alta-status': 'present', 'alta_partial': False, 'gps_dup_rows_count': 0}, 'load_class': 'MEDIUM', 'mean': 27726.203296319844, 'std': 7995.518010174135, 'timestamp': 1788259430829}",,,,
1396881508228136960,1788252821000-632578958264631296-1396881508228136960,1788252821000,1788261345000,1,88.957,26.433,3.3653766125676237,632578958264631296,1788252821000,1396881508228136960,NL01AJ6925,8524000,1788261345000,69.78279233281212,88.957,2.300000000000182,26.432875883640953,3.3653924147941314,91.625,26.432875883640953,1788252821000-632578958264631296-1396881508228136960,"{'confidence': 56.2, 'count': 8, 'error_code': None, 'flags': {'alta-status': 'present', 'alta_partial': False, 'gps_dup_rows_count': 0}, 'load_class': 'HIGH', 'mean': 57508.226484012695, 'std': 14238.931602364344, 'timestamp': 1788261816500}",,,,
1083726655622479872,1788254401000-632578958264631296-1083726655622479872,1788254401000,1788261690000,1,88.797,31.252,2.8413221553820556,632578958264631296,1788254401000,1083726655622479872,RJ47GA6356,7289000,1788261690000,82.50575819603327,88.797,1.9500000000007276,31.252181134861086,2.8413056873316593,93.90000000002328,31.252181134861086,1788254401000-632578958264631296-1083726655622479872,"{'confidence': 0, 'count': 2, 'error_code': None, 'flags': {'alta-status': 'present', 'alta_partial': False, 'gps_dup_rows_count': 0}, 'load_class': 'HIGH', 'mean': 49639.85909652677, 'std': 12310.831379000165, 'timestamp': 1788262500147}",,,,
1486716779844599808,1788237016000-632578958264631296-1486716779844599808,1788237016000,1788246762000,1,88.712,34.202,2.5937664464066432,632578958264631296,1788237016000,1486716779844599808,NL01AK3100,9746000,1788246762000,90.29369944929726,88.712,2.7000000000000455,34.20215888230957,2.5937543973542745,94.125,34.20215888230957,1788237016000-632578958264631296-1486716779844599808,"{'confidence': 65.2, 'count': 7, 'error_code': None, 'flags': {'alta-status': 'present', 'alta_partial': False, 'gps_dup_rows_count': 0}, 'load_class': 'HIGH', 'mean': 46903.5140450468, 'std': 8645.909462597707, 'timestamp': 1788246770795}",,,,
1536014674678513664,1788271645000-632578958264631296-1536014674678513664,1788271645000,1788280058000,1,88.645,25.915,3.4206058267412693,632578958264631296,1788271645000,1536014674678513664,NL01AL0108,8413000,1788280058000,68.4165383066019,88.645,2.2999999999999545,25.915355419167383,3.42055891444332,91.34000000000015,25.915355419167383,1788271645000-632578958264631296-1536014674678513664,"{'confidence': 63.6, 'count': 13, 'error_code': None, 'flags': {'alta-status': 'present', 'alta_partial': False, 'gps_dup_rows_count': 0}, 'load_class': 'HIGH', 'mean': 52001.668374188215, 'std': 13667.801371374759, 'timestamp': 1788280236524}",,,,
1462138501628690432,1788281416000-632578958264631296-1462138501628690432,1788281416000,1788290211000,1,88.497,23.647,3.742419757263078,632578958264631296,1788281416000,1462138501628690432,RJ47GA5314,8795000,1788290211000,62.429178202158354,88.497,2.399999999999636,23.647415985666044,3.742353923728611,90.79999999998836,23.647415985666044,1788281416000-632578958264631296-1462138501628690432,"{'confidence': 69.4, 'count': 8, 'error_code': None, 'flags': {'alta-status': 'present', 'alta_partial': False, 'gps_dup_rows_count': 0}, 'load_class': 'HIGH', 'mean': 42225.898806056255, 'std': 7300.456726252722, 'timestamp': 1788290277734}",,,,
874363612666265600,1788236026000-632578958264631296-874363612666265600,1788236026000,1788244925000,1,88.427,28.415,3.1119831075136375,632578958264631296,1788236026000,874363612666265600,RJ47GA1973,8899000,1788244925000,75.01611872410243,88.427,0.0,28.415196486402433,3.1119615886631338,91.875,28.41519648640243,1788236026000-632578958264631296-874363612666265600,"{'confidence': 45.2, 'count': 4, 'error_code': None, 'flags': {'alta-status': 'present', 'alta_partial': False, 'gps_dup_rows_count': 0}, 'load_class': 'HIGH', 'mean': 38791.443021546635, 'std': 8509.612130616924, 'timestamp': 1788245744497}",['900758004175994887'],,900758004175994887,
1466797477431607296,1788289858000-632578958264631296-1466797477431607296,1788289858000,1788302099000,1,88.371,39.5,2.2372405063291136,632578958264631296,1788289858000,1466797477431607296,NL01AK2192,12241000,1788302099000,104.28,88.371,3.349999999999909,39.5,2.2372405063291136,89.0,39.5,1788289858000-632578958264631296-1466797477431607296,"{'confidence': 88.7, 'count': 6, 'error_code': None, 'flags': {'alta-status': 'present', 'alta_partial': False, 'gps_dup_rows_count': 0}, 'load_class': 'MEDIUM', 'mean': 40908.58704514573, 'std': 2256.0859282787965, 'timestamp': 1788303657494}",,,,
798991075485155328,1788235974000-632578958264631296-798991075485155328,1788235974000,1788245024000,1,88.341,31.155,2.835532017332691,632578958264631296,1788235974000,798991075485155328,RJ47GA3120,9050000,1788245024000,82.24963749402914,88.341,2.4500000000007276,31.15516571743528,2.8355169348549465,100.5,31.155165717435278,1788235974000-632578958264631296-798991075485155328,"{'confidence': 63.5, 'count': 3, 'error_code': None, 'flags': {'alta-status': 'present', 'alta_partial': False, 'gps_dup_rows_count': 0}, 'load_class': 'HIGH', 'mean': 34902.47462092799, 'std': 4412.9044671313095, 'timestamp': 1788245075422}",['900758004213743622'],,900758004213743622,
780452749606125568,1788229962000-632578958264631296-780452749606125568,1788229962000,1788237275000,1,88.314,14.005,6.305890753302391,632578958264631296,1788229962000,780452749606125568,RJ47GA3192,7313000,1788237275000,36.973532102912635,88.314,2.0,14.005125796557817,6.305834112657941,99.0,14.005125796557817,1788229962000-632578958264631296-780452749606125568,"{'confidence': 45, 'count': 7, 'error_code': None, 'flags': {'alta-status': 'present', 'alta_partial': False, 'gps_dup_rows_count': 0}, 'load_class': 'HIGH', 'mean': 31258.733384244482, 'std': 9095.363220914367, 'timestamp': 1788237297799}",['900758004167606293'],,900758004167606293,
947104748366987264,1788229913000-632578958264631296-947104748366987264,1788229913000,1788238401000,1,88.255,18.176,4.855578785211268,632578958264631296,1788229913000,947104748366987264,RJ47GA2627,8488000,1788238401000,47.98457223131233,88.255,2.349999999999909,18.175974330042546,4.855585642752908,102.125,11.318599791691557,1788229913000-632578958264631296-947104748366987264,"{'confidence': 0, 'count': 2, 'error_code': None, 'flags': {'alta-status': 'present', 'alta_partial': False, 'gps_dup_rows_count': 0}, 'load_class': 'LOW', 'mean': 15694.692511449257, 'std': 417.0961677217201, 'timestamp': 1788238467023}",,,,
1047650330055016448,1788225573000-632578958264631296-1047650330055016448,1788225573000,1788235369000,1,88.249,32.2,2.740652173913043,632578958264631296,1788225573000,1047650330055016448,RJ47GA3445,9796000,1788235369000,85.00879432317012,88.249,2.7000000000007276,32.20030087998868,2.740626565227021,93.5,32.20030087998868,1788225573000-632578958264631296-1047650330055016448,"{'confidence': 62.6, 'count': 7, 'error_code': None, 'flags': {'alta-status': 'present', 'alta_partial': False, 'gps_dup_rows_count': 0}, 'load_class': 'LOW', 'mean': 20829.48531108132, 'std': 4118.4220939548995, 'timestamp': 1788235485278}",,,,
1045646397224779776,1788226912000-632578958264631296-1045646397224779776,1788226912000,1788234815000,1,88.184,28.547,3.0890811643955582,632578958264631296,1788226912000,1045646397224779776,RJ47GA5630,7903000,1788234815000,75.3629152892039,88.184,2.149999999999636,28.54655882166814,3.0891289051997513,93.29999999998836,28.54655882166814,1788226912000-632578958264631296-1045646397224779776,"{'confidence': 65, 'count': 9, 'error_code': None, 'flags': {'alta-status': 'present', 'alta_partial': False, 'gps_dup_rows_count': 0}, 'load_class': 'HIGH', 'mean': 49944.62126107184, 'std': 10498.472389824632, 'timestamp': 1788234968334}",,,,
1401196266230120448,1788257364000-632578958264631296-1401196266230120448,1788257364000,1788265320000,1,87.809,29.949,2.9319509833383415,632578958264631296,1788257364000,1401196266230120448,NL01AJ4828,7956000,1788265320000,79.06558052072532,87.809,2.150000000000091,29.94908353057777,2.9319428058741006,88.0,29.949083530577767,1788257364000-632578958264631296-1401196266230120448,"{'confidence': 50, 'count': 8, 'error_code': None, 'flags': {'alta-status': 'present', 'alta_partial': False, 'gps_dup_rows_count': 0}, 'load_class': 'HIGH', 'mean': 54667.917755082206, 'std': 15461.407400703418, 'timestamp': 1788268481352}",,,,
874363612666265600,1788222206000-632578958264631296-874363612666265600,1788222206000,1788229654000,1,87.794,24.298,3.613219194995473,632578958264631296,1788222206000,874363612666265600,RJ47GA1973,7448000,1788229654000,64.1467878598675,87.794,0.0,24.298025704495263,3.6132153726283054,91.25,24.298025704495263,1788222206000-632578958264631296-874363612666265600,"{'confidence': 0, 'count': 2, 'error_code': None, 'flags': {'alta-status': 'present', 'alta_partial': False, 'gps_dup_rows_count': 0}, 'load_class': 'HIGH', 'mean': 40086.15164844798, 'std': 6920.307627003409, 'timestamp': 1788229708262}",['900758004175994887'],,900758004175994887,
1109804807901675520,1788231032000-632578958264631296-1109804807901675520,1788231032000,1788238888000,1,87.741,29.823,2.942058143043959,632578958264631296,1788231032000,1109804807901675520,RJ47GA5831,7856000,1788238888000,78.73315449369221,87.741,0.0,29.82316458094402,2.942041907117513,93.20000000001164,29.823164580944017,1788231032000-632578958264631296-1109804807901675520,"{'confidence': 56.2, 'count': 7, 'error_code': None, 'flags': {'alta-status': 'present', 'alta_partial': False, 'gps_dup_rows_count': 0}, 'load_class': 'HIGH', 'mean': 56072.16340801357, 'std': 12986.86289250137, 'timestamp': 1788238912611}",,,,
1396881508228136960,1788237101000-632578958264631296-1396881508228136960,1788237101000,1788245960000,1,87.734,33.663,2.60624424442266,632578958264631296,1788237101000,1396881508228136960,NL01AJ6925,8859000,1788245960000,88.86991772200254,87.734,2.400000000000091,33.662847621970656,2.606256041831079,90.5,33.662847621970656,1788237101000-632578958264631296-1396881508228136960,"{'confidence': 77.7, 'count': 15, 'error_code': None, 'flags': {'alta-status': 'present', 'alta_partial': False, 'gps_dup_rows_count': 0}, 'load_class': 'HIGH', 'mean': 59128.55785560899, 'std': 10235.505824236756, 'timestamp': 1788245968667}",,,,
1045015172411817984,1788230787000-632578958264631296-1045015172411817984,1788230787000,1788239265000,1,87.705,42.514,2.0629674930611093,632578958264631296,1788230787000,1045015172411817984,RJ47GA3393,8478000,1788239265000,112.23658866508872,87.705,2.350000000000364,42.51385934283663,2.0629743183919587,91.625,42.51385934283663,1788230787000-632578958264631296-1045015172411817984,"{'confidence': 6.2, 'count': 4, 'error_code': None, 'flags': {'alta-status': 'present', 'alta_partial': False, 'gps_dup_rows_count': 0}, 'load_class': 'HIGH', 'mean': 52802.92901761139, 'std': 19803.489688957703, 'timestamp': 1788239292981}",,,,
1079444806125486080,1788268040000-632578958264631296-1079444806125486080,1788268040000,1788277730000,1,87.439,43.482,2.0109240605307943,632578958264631296,1788268040000,1079444806125486080,RJ47GA6401,9690000,1788277730000,114.79153395039678,87.439,2.606150833333697,43.48164164787757,2.010940633476935,93.19999999998254,43.469606934539705,1788268040000-632578958264631296-1079444806125486080,"{'confidence': 0, 'count': 2, 'error_code': None, 'flags': {'alta-status': 'present', 'alta_partial': False, 'gps_dup_rows_count': 0}, 'load_class': 'HIGH', 'mean': 60117.30993178068, 'std': 20104.45438928924, 'timestamp': 1788277829476}",,,,
1362453820235317248,1788297258000-632578958264631296-1362453820235317248,1788297258000,1788309304000,1,87.386,43.0,2.0322325581395346,632578958264631296,1788297258000,1362453820235317248,NL01AJ4179,12046000,1788309304000,113.52000000000001,87.386,3.299999999999727,43.0,2.0322325581395346,93.875,43.0,1788297258000-632578958264631296-1362453820235317248,"{'confidence': 0, 'count': 2, 'error_code': None, 'flags': {'alta-status': 'present', 'alta_partial': True, 'gps_dup_rows_count': 0}, 'load_class': 'MEDIUM', 'mean': 42908.147267109285, 'std': 6121.118711233839, 'timestamp': 1788309315167}",,,,
1294723291725955072,1788250172000-632578958264631296-1294723291725955072,1788250172000,1788259828000,1,87.351,39.082,2.2350698531293176,632578958264631296,1788250172000,1294723291725955072,NL01AH7658,9656000,1788259828000,103.17730064406523,87.351,2.699999999999818,39.082310850024705,2.235052075994242,89.375,39.0823108500247,1788250172000-632578958264631296-1294723291725955072,"{'confidence': 63.4, 'count': 12, 'error_code': None, 'flags': {'alta-status': 'present', 'alta_partial': False, 'gps_dup_rows_count': 0}, 'load_class': 'HIGH', 'mean': 64328.90464521493, 'std': 16290.363351115831, 'timestamp': 1788260255355}",,,,
1132636490090676224,1788228375000-632578958264631296-1132636490090676224,1788228375000,1788236618000,1,87.312,18.755,4.655398560383897,632578958264631296,1788228375000,1132636490090676224,RJ47GA5322,8243000,1788236618000,49.51226861742466,87.312,2.25,18.754647203569945,4.655486133771697,90.39999999999418,18.754647203569945,1788228375000-632578958264631296-1132636490090676224,"{'confidence': 58, 'count': 7, 'error_code': None, 'flags': {'alta-status': 'present', 'alta_partial': False, 'gps_dup_rows_count': 0}, 'load_class': 'LOW', 'mean': 16550.87796542348, 'std': 3677.322592655878, 'timestamp': 1788237028330}",,,,
800361869549240320,1788243929000-632578958264631296-800361869549240320,1788243929000,1788258737000,1,87.264,34.483,2.5306382855320013,632578958264631296,1788243929000,800361869549240320,RJ47GA3066,14808000,1788258737000,91.0338791684604,87.264,4.050000000001091,34.48252998805318,2.5306727792372974,98.5,34.48252998805318,1788243929000-632578958264631296-800361869549240320,"{'confidence': 70.5, 'count': 5, 'error_code': None, 'flags': {'alta-status': 'present', 'alta_partial': False, 'gps_dup_rows_count': 2}, 'load_class': 'HIGH', 'mean': 85664.78600941562, 'std': 11317.148360557183, 'timestamp': 1788259024929}",['900758004201160712'],,900758004201160712,
1475453057469775872,1788257736000-632578958264631296-1475453057469775872,1788257736000,1788265461000,1,87.127,35.048,2.4859335768089474,632578958264631296,1788257736000,1475453057469775872,NL01AK3037,7725000,1788265461000,92.52662319808051,87.127,2.100000000000364,35.04796333260625,2.485936177607871,92.125,35.04796333260625,1788257736000-632578958264631296-1475453057469775872,"{'confidence': 63.7, 'count': 7, 'error_code': None, 'flags': {'alta-status': 'present', 'alta_partial': False, 'gps_dup_rows_count': 0}, 'load_class': 'HIGH', 'mean': 69228.26059444442, 'std': 13283.593113973087, 'timestamp': 1788268713578}",,,,
961239466377216000,1788236240000-632578958264631296-961239466377216000,1788236240000,1788243742000,1,87.055,25.968,3.3523952556993226,632578958264631296,1788236240000,961239466377216000,RJ47GA2691,7502000,1788243742000,68.55507390662014,87.055,2.0500000000010914,25.967831025234897,3.352417070004888,76.25,25.967831025234897,1788236240000-632578958264631296-961239466377216000,"{'confidence': 50.1, 'count': 9, 'error_code': None, 'flags': {'alta-status': 'present', 'alta_partial': False, 'gps_dup_rows_count': 0}, 'load_class': 'HIGH', 'mean': 49476.30653208743, 'std': 14817.063610796826, 'timestamp': 1788243802393}",,,,
1570836903035404288,1788305363000-632578958264631296-1570836903035404288,1788305363000,1788312345000,1,87.02,18.234,4.772403202807941,632578958264631296,1788305363000,1570836903035404288,RJ47GA8949,6982000,1788312345000,48.13824207923373,87.02,1.9500000000000455,18.23418260577035,4.772355409694199,88.45499999999993,15.34822546899967,1788305363000-632578958264631296-1570836903035404288,,,,,
1488160320575766528,1788258503000-632578958264631296-1488160320575766528,1788258503000,1788266003000,1,86.875,23.849,3.642710386179714,632578958264631296,1788258503000,1488160320575766528,NL01AK3103,7500000,1788266003000,62.962230566525896,86.875,2.0,23.849329760047688,3.6426600191311325,86.875,23.849329760047688,1788258503000-632578958264631296-1488160320575766528,"{'confidence': 54.1, 'count': 8, 'error_code': None, 'flags': {'alta-status': 'present', 'alta_partial': False, 'gps_dup_rows_count': 0}, 'load_class': 'HIGH', 'mean': 55027.92899666408, 'std': 14298.901465631754, 'timestamp': 1788269152237}",,,,
870286624469024768,1788251488000-632578958264631296-870286624469024768,1788251488000,1788259744000,1,86.462,26.908,3.2132451315593875,632578958264631296,1788251488000,870286624469024768,RJ47GA4517,8256000,1788259744000,71.03580662768839,86.462,2.1500000000000057,26.907502510488023,3.2133045408543137,,26.907502510488023,1788251488000-632578958264631296-870286624469024768,"{'confidence': 43, 'count': 11, 'error_code': None, 'flags': {'alta-status': 'present', 'alta_partial': False, 'gps_dup_rows_count': 0}, 'load_class': 'HIGH', 'mean': 38098.37600151685, 'std': 14395.465336051722, 'timestamp': 1788260232446}",,,,1.6559999999999973
1536014556927623168,1788236451000-632578958264631296-1536014556927623168,1788236451000,1788244983000,1,86.168,30.453,2.829540603553016,632578958264631296,1788236451000,1536014556927623168,NL01AK9196,8532000,1788244983000,80.39519019710767,86.168,2.3500000000000227,30.452723559510478,2.8295662892552507,88.40000000000146,30.452723559510474,1788236451000-632578958264631296-1536014556927623168,"{'confidence': 71.3, 'count': 19, 'error_code': None, 'flags': {'alta-status': 'present', 'alta_partial': False, 'gps_dup_rows_count': 0}, 'load_class': 'HIGH', 'mean': 60636.119569253504, 'std': 15179.379293910777, 'timestamp': 1788245044403}",,,,
1045015172411817984,1788256986000-632578958264631296-1045015172411817984,1788256986000,1788263732000,1,86.0,34.697,2.478600455370781,632578958264631296,1788256986000,1045015172411817984,RJ47GA3393,6746000,1788263732000,91.60019906493407,86.0,1.3500000000003638,34.69704510035381,2.4785972336048596,86.0,34.85288180330541,1788256986000-632578958264631296-1045015172411817984,,,,,
940988876032311296,1788247646000-632578958264631296-940988876032311296,1788247646000,1788256902000,1,85.953,29.863,2.878243980845863,632578958264631296,1788247646000,940988876032311296,RJ47GA4497,9256000,1788256902000,78.83752985659875,85.953,2.5499999999992724,29.8627007032571,2.8782728278365384,89.90000000002328,29.8627007032571,1788247646000-632578958264631296-940988876032311296,"{'confidence': 37.1, 'count': 5, 'error_code': None, 'flags': {'alta-status': 'present', 'alta_partial': False, 'gps_dup_rows_count': 0}, 'load_class': 'HIGH', 'mean': 36034.53353168816, 'std': 10140.803498583116, 'timestamp': 1788258242053}",,,,
1083728870357598208,1788276645000-632578958264631296-1083728870357598208,1788276645000,1788284702000,1,85.923,36.367,2.3626639535842937,632578958264631296,1788276645000,1083728870357598208,RJ47GA6364,8057000,1788284702000,96.01003274168953,85.923,2.199999999999818,36.367436644579364,2.3626355863276656,91.80000000001746,36.367436644579364,1788276645000-632578958264631296-1083728870357598208,"{'confidence': 64.3, 'count': 8, 'error_code': None, 'flags': {'alta-status': 'present', 'alta_partial': False, 'gps_dup_rows_count': 0}, 'load_class': 'HIGH', 'mean': 51601.91630007685, 'std': 10407.219418294753, 'timestamp': 1788289836010}",,,,
1187437506908389376,1788255970000-632578958264631296-1187437506908389376,1788255970000,1788265747000,1,85.897,16.792,5.115352548832777,632578958264631296,1788255970000,1187437506908389376,RJ47GA6475,9777000,1788265747000,44.33013250406415,85.897,2.6500000000005457,16.791716857600058,5.115438804050723,90.39999999999418,16.791716857600058,1788255970000-632578958264631296-1187437506908389376,"{'confidence': 58.7, 'count': 8, 'error_code': None, 'flags': {'alta-status': 'present', 'alta_partial': False, 'gps_dup_rows_count': 0}, 'load_class': 'LOW', 'mean': 15819.658542885532, 'std': 3696.814224269228, 'timestamp': 1788268698153}",,,,
967085947369816064,1788232962000-632578958264631296-967085947369816064,1788232962000,1788240127000,1,85.827,17.564,4.886529264404463,632578958264631296,1788232962000,967085947369816064,RJ47GA4721,7165000,1788240127000,46.36850790106342,85.827,1.9500000000007276,17.56382875040281,4.886576908695471,88.30000000004657,15.53949117436375,1788232962000-632578958264631296-967085947369816064,,,,,
1505916014645215232,1788306014000-632578958264631296-1505916014645215232,1788306014000,1788312693000,1,85.665,30.137,2.84251916249129,632578958264631296,1788306014000,1505916014645215232,RJ47GA8530,6679000,1788312693000,79.5629955794116,85.665,1.8500000000001364,30.137498325534697,2.8424721612483124,90.65499999999884,30.137498325534697,1788306014000-632578958264631296-1505916014645215232,,,,,
1536014596580573184,1788306435000-632578958264631296-1536014596580573184,1788306435000,1788312855000,1,85.653,29.171,2.936238044633369,632578958264631296,1788306435000,1536014596580573184,NL01AK9192,6420000,1788312855000,77.01158211147646,85.653,1.75,29.171053830104718,2.9362326263168987,88.02500000000146,29.171053830104718,1788306435000-632578958264631296-1536014596580573184,,,,,
1050036509840769024,1788278600000-632578958264631296-1050036509840769024,1788278600000,1788286910000,1,85.595,32.644,2.622074500673937,632578958264631296,1788278600000,1050036509840769024,RJ47GA6390,8310000,1788286910000,86.18100994613859,85.595,2.25,32.64432194929492,2.622048640892318,90.70000000001164,32.64432194929492,1788278600000-632578958264631296-1050036509840769024,"{'confidence': 68.4, 'count': 5, 'error_code': None, 'flags': {'alta-status': 'present', 'alta_partial': False, 'gps_dup_rows_count': 0}, 'load_class': 'MEDIUM', 'mean': 36928.14244630925, 'std': 5214.288354616495, 'timestamp': 1788286913521}",,,,
1072871041421803520,1788243530000-632578958264631296-1072871041421803520,1788243530000,1788252199000,1,85.523,34.072,2.510066917116694,632578958264631296,1788243530000,1072871041421803520,RJ47GA5833,8669000,1788252199000,89.94997917704141,85.523,2.399999999999636,34.07196180948538,2.5100697305956428,91.39999999999418,34.07196180948538,1788243530000-632578958264631296-1072871041421803520,"{'confidence': 78.5, 'count': 15, 'error_code': None, 'flags': {'alta-status': 'present', 'alta_partial': False, 'gps_dup_rows_count': 0}, 'load_class': 'HIGH', 'mean': 53665.7260720595, 'std': 8920.44340202809, 'timestamp': 1788252310476}",,,,
1500136074981146624,1788246205000-632578958264631296-1500136074981146624,1788246205000,1788255006000,1,85.43,33.375,2.5597003745318356,632578958264631296,1788246205000,1500136074981146624,NL01AK3122,8801000,1788255006000,88.10921449620737,85.43,2.400000000000091,33.37470246068461,2.5597231945554126,90.0,33.37470246068461,1788246205000-632578958264631296-1500136074981146624,"{'confidence': 51.7, 'count': 9, 'error_code': None, 'flags': {'alta-status': 'present', 'alta_partial': False, 'gps_dup_rows_count': 0}, 'load_class': 'HIGH', 'mean': 51485.54324227887, 'std': 14916.524044742522, 'timestamp': 1788255144085}",,,,
1083726887294861312,1788278591000-632578958264631296-1083726887294861312,1788278591000,1788286684000,1,85.385,34.938,2.4439006239624477,632578958264631296,1788278591000,1083726887294861312,RJ47GA6339,8093000,1788286684000,92.23631999998587,85.385,2.199999999999818,34.937999999994645,2.4439006239628225,91.5,34.937999999994645,1788278591000-632578958264631296-1083726887294861312,"{'confidence': 40.4, 'count': 9, 'error_code': None, 'flags': {'alta-status': 'present', 'alta_partial': False, 'gps_dup_rows_count': 0}, 'load_class': 'HIGH', 'mean': 84235.20511835114, 'std': 30138.149699229798, 'timestamp': 1788286832507}",,,,
946030376206204928,1788306288000-632578958264631296-946030376206204928,1788306288000,1788315068000,1,85.335,36.187,2.3581672976483268,632578958264631296,1788306288000,946030376206204928,RJ47GA4009,8780000,1788315068000,95.53488098553971,85.335,2.399999999999636,36.18745491876504,2.3581376527186895,91.875,36.18745491876504,1788306288000-632578958264631296-946030376206204928,"{'confidence': 81.4, 'count': 28, 'error_code': None, 'flags': {'alta-status': 'present', 'alta_partial': False, 'gps_dup_rows_count': 0}, 'load_class': 'HIGH', 'mean': 56110.596610049324, 'std': 11041.564050470291, 'timestamp': 1788315079055}",,,,
1585283247909109760,1788266288000-632578958264631296-1585283247909109760,1788266288000,1788277555000,1,85.202,31.423,2.7114533940107566,632578958264631296,1788266288000,1585283247909109760,RJ47GA5321,11267000,1788277555000,82.95703111477867,85.202,3.100000000000364,31.423117846507072,2.7114432252135945,88.90000000002328,31.423117846507072,1788266288000-632578958264631296-1585283247909109760,"{'confidence': 0, 'count': 2, 'error_code': None, 'flags': {'alta-status': 'present', 'alta_partial': False, 'gps_dup_rows_count': 0}, 'load_class': 'HIGH', 'mean': 44163.45406953413, 'std': 8485.344753930538, 'timestamp': 1788277571636}",,,,
967085947369816064,1788222986000-632578958264631296-967085947369816064,1788222986000,1788230309000,1,84.996,18.975,4.4793675889328055,632578958264631296,1788222986000,967085947369816064,RJ47GA4721,7323000,1788230309000,50.09417461704235,84.996,0.0,18.97506614281907,4.479351974863387,87.5,18.97506614281907,1788222986000-632578958264631296-967085947369816064,"{'confidence': 75.6, 'count': 6, 'error_code': None, 'flags': {'alta-status': 'present', 'alta_partial': False, 'gps_dup_rows_count': 0}, 'load_class': 'LOW', 'mean': 28588.84359666605, 'std': 3421.1573009925974, 'timestamp': 1788230357785}",,,,
946033927888306176,1788241559000-632578958264631296-946033927888306176,1788241559000,1788250060000,1,84.977,47.351,1.7946189098435092,632578958264631296,1788241559000,946033927888306176,RJ47GA3780,8501000,1788250060000,125.00567378806055,84.977,2.3000000000010914,47.350634010628994,1.7946327810716296,87.375,47.350634010628994,1788241559000-632578958264631296-946033927888306176,"{'confidence': 64.1, 'count': 6, 'error_code': None, 'flags': {'alta-status': 'present', 'alta_partial': False, 'gps_dup_rows_count': 0}, 'load_class': 'HIGH', 'mean': 81355.0685060914, 'std': 14319.11307382746, 'timestamp': 1788250077895}",,,,
1126571257152667648,1788238837000-632578958264631296-1126571257152667648,1788238837000,1788250227000,1,84.899,42.585,1.9936362568979686,632578958264631296,1788238837000,1126571257152667648,RJ47GA3861,11390000,1788250227000,112.42315450517226,84.899,3.149999999999636,42.58452822165616,1.9936583436616546,89.0,42.58452822165616,1788238837000-632578958264631296-1126571257152667648,"{'confidence': 46.2, 'count': 9, 'error_code': None, 'flags': {'alta-status': 'present', 'alta_partial': False, 'gps_dup_rows_count': 0}, 'load_class': 'HIGH', 'mean': 45182.642500965936, 'std': 14582.47126613048, 'timestamp': 1788250242940}",,,,
1536014681523617792,1788261471000-632578958264631296-1536014681523617792,1788261471000,1788269095000,1,84.281,31.27,2.6952670291013754,632578958264631296,1788261471000,1536014681523617792,NL01AL0109,7624000,1788269095000,82.55280000000116,84.281,2.1000000000000227,31.270000000000437,2.6952670291013376,86.4900000000016,31.270000000000437,1788261471000-632578958264631296-1536014681523617792,"{'confidence': 80.2, 'count': 17, 'error_code': None, 'flags': {'alta-status': 'present', 'alta_partial': False, 'gps_dup_rows_count': 0}, 'load_class': 'HIGH', 'mean': 63794.082570736646, 'std': 10410.81121442554, 'timestamp': 1788270803352}",,,,
1105914860262129664,1788236167000-632578958264631296-1105914860262129664,1788236167000,1788244249000,1,84.221,30.735,2.740231006995282,632578958264631296,1788236167000,1105914860262129664,RJ47GA3915,8082000,1788244249000,81.14127477535719,84.221,2.199999999999818,30.735331354301962,2.7402014648594886,,30.735331354301962,1788236167000-632578958264631296-1105914860262129664,"{'confidence': 0, 'count': 3, 'error_code': None, 'flags': {'alta-status': 'present', 'alta_partial': False, 'gps_dup_rows_count': 0}, 'load_class': 'HIGH', 'mean': 108072.3972606837, 'std': 61042.45119659504, 'timestamp': 1788244255606}",,,,
1401196266230120448,1788245923000-632578958264631296-1401196266230120448,1788245923000,1788255031000,1,84.178,34.93,2.409905525336387,632578958264631296,1788245923000,1401196266230120448,NL01AJ4828,9108000,1788255031000,92.2138862843127,84.178,2.400000000000091,34.929502380421475,2.409939857808655,84.30000000000291,34.929502380421475,1788245923000-632578958264631296-1401196266230120448,"{'confidence': 51.2, 'count': 13, 'error_code': None, 'flags': {'alta-status': 'present', 'alta_partial': False, 'gps_dup_rows_count': 0}, 'load_class': 'HIGH', 'mean': 53601.35093987496, 'std': 18864.122457677975, 'timestamp': 1788255055645}",,,,
1471165285556813824,1788239754000-632578958264631296-1471165285556813824,1788239754000,1788246726000,1,83.927,27.16,3.090095729013255,632578958264631296,1788239754000,1471165285556813824,NL01AK2623,6972000,1788246726000,71.70215108298417,83.927,1.949999999999818,27.15990571325158,3.0901064564097958,88.375,27.15990571325158,1788239754000-632578958264631296-1471165285556813824,,,,,
1540361603277389824,1788266707000-632578958264631296-1540361603277389824,1788266707000,1788274010000,1,83.862,18.293,4.58437653747335,632578958264631296,1788266707000,1540361603277389824,NL01AK8393,7303000,1788274010000,48.29242046128133,83.862,2.0,18.29258350806111,4.584480916161677,86.40999999999985,18.29258350806111,1788266707000-632578958264631296-1540361603277389824,"{'confidence': 54.8, 'count': 13, 'error_code': None, 'flags': {'alta-status': 'present', 'alta_partial': False, 'gps_dup_rows_count': 0}, 'load_class': 'MEDIUM', 'mean': 25965.153076637118, 'std': 8461.331689585293, 'timestamp': 1788274040123}",,,,
1462138501628690432,1788269364000-632578958264631296-1462138501628690432,1788269364000,1788276942000,1,83.822,23.169,3.6178514394233674,632578958264631296,1788269364000,1462138501628690432,RJ47GA5314,7578000,1788276942000,61.16569189979005,83.822,2.050000000000182,23.16882268931441,3.617879126791331,85.80000000001746,23.16882268931441,1788269364000-632578958264631296-1462138501628690432,"{'confidence': 46.1, 'count': 10, 'error_code': None, 'flags': {'alta-status': 'present', 'alta_partial': False, 'gps_dup_rows_count': 0}, 'load_class': 'HIGH', 'mean': 34415.47915097449, 'std': 11725.653245306503, 'timestamp': 1788276994510}",,,,
1067793936933715968,1788227713000-632578958264631296-1067793936933715968,1788227713000,1788235189000,1,83.625,32.108,2.6044910925626015,632578958264631296,1788227713000,1067793936933715968,RJ47GA3357,7476000,1788235189000,84.76456653284214,83.625,2.0499999999999545,32.107790353349294,2.6045080984925746,83.625,32.107790353349294,1788227713000-632578958264631296-1067793936933715968,"{'confidence': 62.1, 'count': 11, 'error_code': None, 'flags': {'alta-status': 'present', 'alta_partial': False, 'gps_dup_rows_count': 0}, 'load_class': 'HIGH', 'mean': 58596.081088742474, 'std': 14736.697329063292, 'timestamp': 1788235350424}",,,,
1505916014645215232,1788222635000-632578958264631296-1505916014645215232,1788222635000,1788229302000,1,83.481,26.489,3.1515345992676203,632578958264631296,1788222635000,1505916014645215232,RJ47GA8530,6667000,1788229302000,69.93063032316488,83.481,1.7999999999999545,26.48887512241094,3.1515494566762787,88.40000000000146,26.48887512241094,1788222635000-632578958264631296-1505916014645215232,,,,,
1072572023244324864,1788273454000-632578958264631296-1072572023244324864,1788273454000,1788282244000,1,83.452,30.651,2.722651789501158,632578958264631296,1788273454000,1072572023244324864,RJ47GA5735,8790000,1788282244000,80.91842456034745,83.452,2.399999999999636,30.650918394071,2.7226590383713476,87.89999999999418,30.650918394071,1788273454000-632578958264631296-1072572023244324864,"{'confidence': 88.1, 'count': 7, 'error_code': None, 'flags': {'alta-status': 'present', 'alta_partial': False, 'gps_dup_rows_count': 0}, 'load_class': 'HIGH', 'mean': 53921.63181736761, 'std': 3393.1684300324923, 'timestamp': 1788282257527}",,,,
1070378226594873344,1788240121000-632578958264631296-1070378226594873344,1788240121000,1788247253000,1,83.408,33.643,2.479208156228636,632578958264631296,1788240121000,1070378226594873344,RJ47GA3436,7132000,1788247253000,88.81800363986268,83.408,2.0,33.64318319691768,2.4791946562191436,85.0,33.64318319691768,1788240121000-632578958264631296-1070378226594873344,,,,,
1536014596580573184,1788222818000-632578958264631296-1536014596580573184,1788222818000,1788229355000,1,83.408,26.87,3.1041310011164867,632578958264631296,1788222818000,1536014596580573184,NL01AK9192,6537000,1788229355000,70.93749427695407,83.408,1.75,26.870262983694722,3.1041006204745085,85.87000000000262,26.87026298369472,1788222818000-632578958264631296-1536014596580573184,,,,,
1153273376152748032,1788242735000-632578958264631296-1153273376152748032,1788242735000,1788249933000,1,83.39,27.67,3.0137332851463676,632578958264631296,1788242735000,1153273376152748032,RJ47GA6313,7198000,1788249933000,73.04763126933358,83.39,1.949999999999818,27.66955729898999,3.0137815035820594,87.79999999998836,27.66955729898999,1788242735000-632578958264631296-1153273376152748032,,,,,
1181865650805538816,1788240115000-632578958264631296-1181865650805538816,1788240115000,1788247342000,1,83.378,27.976,2.9803402916785817,632578958264631296,1788240115000,1181865650805538816,RJ47GA6367,7227000,1788247342000,73.8560432345429,83.378,1.949999999999818,27.97577395247837,2.980364373176298,87.59999999997672,27.975773952478367,1788240115000-632578958264631296-1181865650805538816,"{'confidence': 81.7, 'count': 3, 'error_code': None, 'flags': {'alta-status': 'present', 'alta_partial': False, 'gps_dup_rows_count': 0}, 'load_class': 'MEDIUM', 'mean': 33115.211519886696, 'std': 2097.1873882817263, 'timestamp': 1788247406968}",,,,
873821465244336128,1788287695000-632578958264631296-873821465244336128,1788287695000,1788297542000,1,83.35,30.282,2.7524602073839244,632578958264631296,1788287695000,873821465244336128,RJ14GN1590,9847000,1788297542000,79.94344641734885,83.35,2.6999999999989086,30.28160849142002,2.752495793729595,86.59999999997672,30.28160849142002,1788287695000-632578958264631296-873821465244336128,"{'confidence': 48.6, 'count': 3, 'error_code': None, 'flags': {'alta-status': 'present', 'alta_partial': False, 'gps_dup_rows_count': 0}, 'load_class': 'MEDIUM', 'mean': 31617.00504678768, 'std': 5631.015772659522, 'timestamp': 1788297549889}",,,,0.0
1082360641819246592,1788287677000-632578958264631296-1082360641819246592,1788287677000,1788297417000,1,83.301,27.076,3.0765622691682672,632578958264631296,1788287677000,1082360641819246592,RJ47GA5736,9740000,1788297417000,71.48088293288936,83.301,2.7000000000007276,27.076092020033844,3.0765518132515153,85.70000000001164,27.076092020033844,1788287677000-632578958264631296-1082360641819246592,"{'confidence': 96.9, 'count': 4, 'error_code': None, 'flags': {'alta-status': 'present', 'alta_partial': False, 'gps_dup_rows_count': 0}, 'load_class': 'HIGH', 'mean': 53008.16992475961, 'std': 653.6385460344974, 'timestamp': 1788297432629}",,,,
943858330336493568,1788221697000-632578958264631296-943858330336493568,1788221697000,1788230348000,1,83.256,29.791,2.7946695310664293,632578958264631296,1788221697000,943858330336493568,RJ47GA3486,8651000,1788230348000,78.649521225508,83.256,2.25,29.79148531269242,2.7946240050182882,82.75,29.79148531269242,1788221697000-632578958264631296-943858330336493568,"{'confidence': 71.4, 'count': 11, 'error_code': None, 'flags': {'alta-status': 'present', 'alta_partial': False, 'gps_dup_rows_count': 0}, 'load_class': 'HIGH', 'mean': 46851.43622922752, 'std': 8903.287436984541, 'timestamp': 1788230362768}",,,,
947104127047958528,1788239369000-632578958264631296-947104127047958528,1788239369000,1788247557000,1,82.943,24.519,3.3828051714996534,632578958264631296,1788239369000,947104127047958528,RJ47GA1393,8188000,1788247557000,64.7305672296007,82.943,0.0,24.519154253636625,3.382783889770508,,0.001,1788239369000-632578958264631296-947104127047958528,"{'confidence': None, 'count': None, 'error_code': 'OBD_PREPROCESS_EMPTY', 'flags': {'alta-status': 'present', 'alta_partial': False, 'gps_dup_rows_count': 0}, 'load_class': None, 'mean': None, 'std': None, 'timestamp': 1788247609232}",,,,
952249131684855808,1788265299000-632578958264631296-952249131684855808,1788265299000,1788274527000,1,82.917,24.513,3.382572512544364,632578958264631296,1788265299000,952249131684855808,RJ47GA1379,9228000,1788274527000,64.71407104091519,82.917,0.0,24.51290569731636,3.3825855255126953,,0.001,1788265299000-632578958264631296-952249131684855808,"{'confidence': None, 'count': None, 'error_code': 'OBD_PREPROCESS_EMPTY', 'flags': {'alta-status': 'present', 'alta_partial': False, 'gps_dup_rows_count': 0}, 'load_class': None, 'mean': None, 'std': None, 'timestamp': 1788274591062}",,,,
1479440816106635264,1788230623000-632578958264631296-1479440816106635264,1788230623000,1788243282000,1,82.873,33.0,2.5113030303030306,632578958264631296,1788230623000,1479440816106635264,NL01AK3099,12659000,1788243282000,87.12,82.873,3.4500000000000455,33.0,2.5113030303030306,87.875,33.0,1788230623000-632578958264631296-1479440816106635264,"{'confidence': 0, 'count': 2, 'error_code': None, 'flags': {'alta-status': 'present', 'alta_partial': False, 'gps_dup_rows_count': 0}, 'load_class': 'HIGH', 'mean': 56693.24844887307, 'std': 3847.7274783729345, 'timestamp': 1788244061168}",,,,
947104127047958528,1788268995000-632578958264631296-947104127047958528,1788268995000,1788277641000,1,82.711,24.463,3.3810652822630094,632578958264631296,1788268995000,947104127047958528,RJ47GA1393,8646000,1788277641000,64.58330204500106,82.711,0.0,24.463371986742825,3.381013870239258,,0.001,1788268995000-632578958264631296-947104127047958528,"{'confidence': None, 'count': None, 'error_code': 'OBD_PREPROCESS_EMPTY', 'flags': {'alta-status': 'present', 'alta_partial': False, 'gps_dup_rows_count': 0}, 'load_class': None, 'mean': None, 'std': None, 'timestamp': 1788277747790}",,,,
1135566388677574656,1788249089000-632578958264631296-1135566388677574656,1788249089000,1788256785000,1,82.576,27.661,2.98528614294494,632578958264631296,1788249089000,1135566388677574656,RJ47GA6238,7696000,1788256785000,73.02416572843504,82.576,2.050000000000182,27.66066883652842,2.985321883863882,86.0,27.66066883652842,1788249089000-632578958264631296-1135566388677574656,"{'confidence': 66.6, 'count': 10, 'error_code': None, 'flags': {'alta-status': 'present', 'alta_partial': False, 'gps_dup_rows_count': 0}, 'load_class': 'MEDIUM', 'mean': 43437.04838651877, 'std': 9164.61665259623, 'timestamp': 1788256837524}",,,,
1062738070563979264,1788306056000-632578958264631296-1062738070563979264,1788306056000,1788314496000,1,82.496,16.555,4.983147085472667,632578958264631296,1788306056000,1062738070563979264,RJ47GA3845,8440000,1788314496000,43.70423305508879,82.496,2.3000000000010914,16.55463373298818,4.983257336319765,89.0,13.972865003588852,1788306056000-632578958264631296-1062738070563979264,"{'confidence': 52, 'count': 6, 'error_code': None, 'flags': {'alta-status': 'present', 'alta_partial': False, 'gps_dup_rows_count': 0}, 'load_class': 'LOW', 'mean': 16885.605226996322, 'std': 3972.9274275616312, 'timestamp': 1788314507173}",,,,
1083727593376579584,1788268518000-632578958264631296-1083727593376579584,1788268518000,1788274677000,1,82.4,23.532,3.5016148223695396,632578958264631296,1788268518000,1083727593376579584,RJ47GA6346,6159000,1788274677000,62.124479999998,82.39999999999418,1.699999999999818,23.531999999999243,3.5016148223694046,82.39999999999418,23.531999999999243,1788268518000-632578958264631296-1083727593376579584,,,,,
1486716779844599808,1788220882000-632578958264631296-1486716779844599808,1788220882000,1788228607000,1,82.339,25.2,3.267420634920635,632578958264631296,1788220882000,1486716779844599808,NL01AK3100,7725000,1788228607000,66.52862621950682,82.339,2.099999999999909,25.20023720435864,3.2673898793999694,87.25,25.20023720435864,1788220882000-632578958264631296-1486716779844599808,"{'confidence': 34.8, 'count': 3, 'error_code': None, 'flags': {'alta-status': 'present', 'alta_partial': False, 'gps_dup_rows_count': 0}, 'load_class': 'HIGH', 'mean': 59686.839914256256, 'std': 13485.368857709578, 'timestamp': 1788228740780}",,,,
1422205318414204928,1788254362000-632578958264631296-1422205318414204928,1788254362000,1788263375000,1,82.286,29.995,2.7433238873145522,632578958264631296,1788254362000,1422205318414204928,NL01AJ9002,9013000,1788263375000,79.18586342904199,82.286,2.5,29.994645238273478,2.7433563339833142,84.0,29.994645238273478,1788254362000-632578958264631296-1422205318414204928,"{'confidence': 50.8, 'count': 4, 'error_code': None, 'flags': {'alta-status': 'present', 'alta_partial': False, 'gps_dup_rows_count': 0}, 'load_class': 'HIGH', 'mean': 85308.72533219635, 'std': 16791.259056377537, 'timestamp': 1788265030408}",,,,
1094226778622263296,1788246116000-632578958264631296-1094226778622263296,1788246116000,1788253865000,1,82.258,32.814,2.5067958798073993,632578958264631296,1788246116000,1094226778622263296,RJ47GA6284,7749000,1788253865000,86.62868095190882,82.258,2.1500000000005457,32.81389429996546,2.5068039546920398,87.29999999998836,32.81389429996546,1788246116000-632578958264631296-1094226778622263296,"{'confidence': 64.9, 'count': 4, 'error_code': None, 'flags': {'alta-status': 'present', 'alta_partial': False, 'gps_dup_rows_count': 0}, 'load_class': 'HIGH', 'mean': 51688.4282194067, 'std': 7264.174648091406, 'timestamp': 1788253896376}",,,,
871764525957775360,1788260826000-632578958264631296-871764525957775360,1788260826000,1788270319000,1,82.015,29.779,2.754122032304644,632578958264631296,1788260826000,871764525957775360,RJ47GA4671,9493000,1788270319000,78.61608000428909,82.015,2.600000000000364,29.778818183442837,2.7541388477800886,86.40000000002328,29.778818183442834,1788260826000-632578958264631296-871764525957775360,"{'confidence': 51.3, 'count': 7, 'error_code': None, 'flags': {'alta-status': 'present', 'alta_partial': False, 'gps_dup_rows_count': 0}, 'load_class': 'MEDIUM', 'mean': 31951.34198212457, 'std': 8240.453099121203, 'timestamp': 1788271282342}",,,,2.054310034121154
939138676678459392,1788271810000-632578958264631296-939138676678459392,1788271810000,1788278974000,1,81.932,25.509,3.211886001019248,632578958264631296,1788271810000,939138676678459392,RJ47GA3873,7164000,1788278974000,67.34367592902741,81.932,1.9499999999989086,25.508968154934625,3.2118900106961217,85.0,25.508968154934625,1788271810000-632578958264631296-939138676678459392,,,,,
1364616390270517248,1788251308000-632578958264631296-1364616390270517248,1788251308000,1788258328000,1,81.883,31.359,2.6111483146784016,632578958264631296,1788251308000,1364616390270517248,NL01AJ4204,7020000,1788258328000,82.7888065552928,81.883,1.949999999999818,31.35939642245939,2.6111153064590216,85.75,31.35939642245939,1788251308000-632578958264631296-1364616390270517248,,,,,
1152270135390633984,1788260855000-902855557075959808-1152270135390633984,1788260855000,1788268221000,1,81.835,25.172,3.251032893691403,902855557075959808,1788260855000,1152270135390633984,RJ47GA6196,7366000,1788268221000,66.45276739938608,81.835,2.0,25.171502802797754,3.251097109343198,85.0,25.171502802797754,1788260855000-902855557075959808-1152270135390633984,"{'confidence': 55.4, 'count': 8, 'error_code': None, 'flags': {'alta-status': 'present', 'alta_partial': False, 'gps_dup_rows_count': 0}, 'load_class': 'HIGH', 'mean': 32352.576029997785, 'std': 8165.298524981015, 'timestamp': 1788270144406}",,,,
1176184196838719488,1788244521000-632578958264631296-1176184196838719488,1788244521000,1788252236000,1,81.806,19.513,4.192384564136729,632578958264631296,1788244521000,1176184196838719488,RJ14GP9553,7715000,1788252236000,51.51424316582477,81.806,2.100000000000364,19.512970896145745,4.192390817133774,83.60000000000582,19.512970896145745,1788244521000-632578958264631296-1176184196838719488,"{'confidence': 48.2, 'count': 6, 'error_code': None, 'flags': {'alta-status': 'present', 'alta_partial': False, 'gps_dup_rows_count': 0}, 'load_class': 'MEDIUM', 'mean': 24489.338426398877, 'std': 6213.340178015345, 'timestamp': 1788252461743}",,,,
1126571257152667648,1788226836000-632578958264631296-1126571257152667648,1788226836000,1788236964000,1,81.803,37.073,2.2065384511639197,632578958264631296,1788226836000,1126571257152667648,RJ47GA3861,10128000,1788236964000,97.8715982952473,81.803,2.8000000000010914,37.072575111836095,2.2065637402642393,85.75,37.072575111836095,1788226836000-632578958264631296-1126571257152667648,"{'confidence': 41.9, 'count': 4, 'error_code': None, 'flags': {'alta-status': 'present', 'alta_partial': False, 'gps_dup_rows_count': 0}, 'load_class': 'MEDIUM', 'mean': 36375.315660147826, 'std': 8453.817907351717, 'timestamp': 1788237253606}",,,,
943858330336493568,1788303678000-632578958264631296-943858330336493568,1788303678000,1788312574000,1,81.528,32.417,2.5149767097510565,632578958264631296,1788303678000,943858330336493568,RJ47GA3486,8896000,1788312574000,85.58177621581551,81.528,2.3000000000010914,32.41733947568769,2.5149503728134217,81.0,32.41733947568769,1788303678000-632578958264631296-943858330336493568,"{'confidence': 57.5, 'count': 10, 'error_code': None, 'flags': {'alta-status': 'present', 'alta_partial': False, 'gps_dup_rows_count': 0}, 'load_class': 'HIGH', 'mean': 50900.6325873136, 'std': 13690.212984867609, 'timestamp': 1788312591382}",,,,
1079796452147855360,1788262609000-632578958264631296-1079796452147855360,1788262609000,1788272753000,1,81.463,22.004,3.7021905108162145,632578958264631296,1788262609000,1079796452147855360,RJ47GA3909,10144000,1788272753000,58.090055698536815,81.463,2.7999999999992724,22.00380897671849,3.7022226509143636,83.75,22.00380897671849,1788262609000-632578958264631296-1079796452147855360,"{'confidence': 36.9, 'count': 5, 'error_code': None, 'flags': {'alta-status': 'present', 'alta_partial': False, 'gps_dup_rows_count': 0}, 'load_class': 'LOW', 'mean': 26566.29413383072, 'std': 7496.742906726513, 'timestamp': 1788273036665}",,,,
1362452416535986176,1788302165000-632578958264631296-1362452416535986176,1788302165000,1788310865000,1,81.381,31.345,2.5962992502791513,632578958264631296,1788302165000,1362452416535986176,NL01AJ4201,8700000,1788310865000,82.75145903252417,81.381,2.349999999999909,31.34524963353188,2.5962785733549207,83.75,31.34524963353188,1788302165000-632578958264631296-1362452416535986176,"{'confidence': 44.4, 'count': 9, 'error_code': None, 'flags': {'alta-status': 'present', 'alta_partial': False, 'gps_dup_rows_count': 0}, 'load_class': 'HIGH', 'mean': 76235.84410406908, 'std': 25424.99718642377, 'timestamp': 1788310887044}",,,,
1050036019790872576,1788255033000-632578958264631296-1050036019790872576,1788255033000,1788263702000,1,81.329,34.604,2.3502774245751934,632578958264631296,1788255033000,1050036019790872576,RJ47GA5530,8669000,1788263702000,91.35453343357185,81.329,2.350000000000364,34.60398993695903,2.3502781080494994,85.5,34.60398993695903,1788255033000-632578958264631296-1050036019790872576,"{'confidence': 8.6, 'count': 4, 'error_code': None, 'flags': {'alta-status': 'present', 'alta_partial': False, 'gps_dup_rows_count': 0}, 'load_class': 'MEDIUM', 'mean': 43471.58683832427, 'std': 15893.591043662484, 'timestamp': 1788267645982}",,,,
1389243594644127744,1788266018000-632578958264631296-1389243594644127744,1788266018000,1788274524000,1,81.228,29.255,2.7765510169201844,632578958264631296,1788266018000,1389243594644127744,NL01AJ6142,8506000,1788274524000,77.23394844663339,81.228,2.300000000000182,29.255283502512647,2.776524110355094,82.625,29.255283502512647,1788266018000-632578958264631296-1389243594644127744,"{'confidence': 52.5, 'count': 7, 'error_code': None, 'flags': {'alta-status': 'present', 'alta_partial': False, 'gps_dup_rows_count': 18}, 'load_class': 'MEDIUM', 'mean': 40292.81598893458, 'std': 10116.904219142476, 'timestamp': 1788275454983}",,,,
1183367596062277632,1788251485000-632578958264631296-1183367596062277632,1788251485000,1788258196000,1,81.191,32.934,2.4652638610554445,632578958264631296,1788251485000,1183367596062277632,RJ47GA6402,6711000,1788258196000,86.94611582231225,81.191,1.8500000000003638,32.934134781178884,2.4652537720954135,86.29999999998836,32.934134781178884,1788251485000-632578958264631296-1183367596062277632,,,,,
874238000127541248,1788289572000-1194637793272266752-874238000127541248,1788289572000,1788302430000,1,81.15,30.149,2.6916315632359282,1194637793272266752,1788289572000,874238000127541248,RJ47GA4754,12858000,1788302430000,79.59376918664628,81.15,3.5,30.14915499494177,2.6916177257244795,83.29999999998836,30.149154994941775,1788289572000-1194637793272266752-874238000127541248,"{'confidence': 38.9, 'count': 5, 'error_code': None, 'flags': {'alta-status': 'present', 'alta_partial': False, 'gps_dup_rows_count': 0}, 'load_class': 'MEDIUM', 'mean': 44057.76506881369, 'std': 12042.539022341658, 'timestamp': 1788302438313}",,,,0.0
1488129049464143872,1788261470000-632578958264631296-1488129049464143872,1788261470000,1788270429000,1,81.122,29.131,2.7847310425320106,632578958264631296,1788261470000,1488129049464143872,NL01AK3098,8959000,1788270429000,76.90621223641882,81.122,2.449999999999818,29.13114099864349,2.784717564058939,85.125,29.13114099864349,1788261470000-632578958264631296-1488129049464143872,"{'confidence': 52.6, 'count': 10, 'error_code': None, 'flags': {'alta-status': 'present', 'alta_partial': False, 'gps_dup_rows_count': 0}, 'load_class': 'HIGH', 'mean': 60718.784680171775, 'std': 18219.479339400616, 'timestamp': 1788271243250}",,,,
1350071704793120768,1788270434000-632578958264631296-1350071704793120768,1788270434000,1788279539000,1,81.055,35.656,2.273249943908459,632578958264631296,1788270434000,1350071704793120768,RJ47GA3451,9105000,1788279539000,94.13184000000707,81.055,2.5,35.65600000000268,2.2732499439082883,82.75,35.65600000000268,1788270434000-632578958264631296-1350071704793120768,"{'confidence': 42.8, 'count': 6, 'error_code': None, 'flags': {'alta-status': 'present', 'alta_partial': False, 'gps_dup_rows_count': 0}, 'load_class': 'HIGH', 'mean': 73603.95330773426, 'std': 20631.199904370456, 'timestamp': 1788279845063}",,,,
1479447378401427456,1788272172000-632578958264631296-1479447378401427456,1788272172000,1788280041000,1,81.005,21.927,3.6943038263328316,632578958264631296,1788272172000,1479447378401427456,NL01AK3096,7869000,1788280041000,57.887628243710616,81.005,2.1499999999998636,21.927131910496445,3.6942816019282105,81.75,21.927131910496445,1788272172000-632578958264631296-1479447378401427456,"{'confidence': 0, 'count': 2, 'error_code': None, 'flags': {'alta-status': 'present', 'alta_partial': False, 'gps_dup_rows_count': 0}, 'load_class': 'HIGH', 'mean': 44688.853753766634, 'std': 12606.685850107884, 'timestamp': 1788280111778}",,,,
870275474985582592,1788272168000-632578958264631296-870275474985582592,1788272168000,1788279976000,1,80.904,20.284,3.9885624137251035,632578958264631296,1788272168000,870275474985582592,RJ47GA4502,7808000,1788279976000,53.54966113028179,80.904,2.099999999998545,20.283962549349162,3.988569777880797,84.69999999995343,20.283962549349162,1788272168000-632578958264631296-870275474985582592,"{'confidence': 30.7, 'count': 4, 'error_code': None, 'flags': {'alta-status': 'present', 'alta_partial': False, 'gps_dup_rows_count': 0}, 'load_class': 'HIGH', 'mean': 88207.16088831556, 'std': 24464.97118196842, 'timestamp': 1788280105431}",,,,0.0
966384365741277184,1788260456000-632578958264631296-966384365741277184,1788260456000,1788270157000,1,80.767,19.532,4.13511161171411,632578958264631296,1788260456000,966384365741277184,RJ47GA4707,9701000,1788270157000,51.565683965675746,80.767,2.649999999999636,19.532456047604448,4.135015064319351,81.79999999998836,19.532456047604448,1788260456000-632578958264631296-966384365741277184,"{'confidence': 41.4, 'count': 6, 'error_code': None, 'flags': {'alta-status': 'present', 'alta_partial': False, 'gps_dup_rows_count': 0}, 'load_class': 'LOW', 'mean': 23109.21852411583, 'std': 6633.461122629036, 'timestamp': 1788271564596}",,,,
1536427445069021184,1788258773000-632578958264631296-1536427445069021184,1788258773000,1788265692000,1,80.74,26.45,3.0525519848771268,632578958264631296,1788258773000,1536427445069021184,NL01AK8053,6919000,1788265692000,69.82799999999712,80.74,1.8500000000000227,26.44999999999891,3.0525519848772524,83.18000000000029,26.44999999999891,1788258773000-632578958264631296-1536427445069021184,,,,,
798991075485155328,1788265412000-632578958264631296-798991075485155328,1788265412000,1788271509000,1,80.589,24.848,3.2432791371538956,632578958264631296,1788265412000,798991075485155328,RJ47GA3120,6097000,1788271509000,65.5991543756241,80.589,1.6499999999996362,24.848164536221248,3.2432576612459707,91.39999999996508,24.848164536221248,1788265412000-632578958264631296-798991075485155328,,['900758004213743622'],,900758004213743622,
1071858322266652672,1788256629000-632578958264631296-1071858322266652672,1788256629000,1788263551000,1,80.514,14.59,5.5184372858122,632578958264631296,1788256629000,1071858322266652672,RJ47GA5753,6922000,1788263551000,38.5167671215989,80.514,1.8999999999996362,14.58968451575716,5.518556615329359,83.40000000002328,12.556546820638218,1788256629000-632578958264631296-1071858322266652672,,,,,
1073278104413143040,1788242016000-632578958264631296-1073278104413143040,1788242016000,1788249785000,1,80.475,30.692,2.6220187671054345,632578958264631296,1788242016000,1073278104413143040,RJ47GA3367,7769000,1788249785000,81.0273714784145,80.475,2.100000000000364,30.692186166066094,2.6220028630275545,,30.69218616606609,1788242016000-632578958264631296-1073278104413143040,"{'confidence': 51.3, 'count': 6, 'error_code': None, 'flags': {'alta-status': 'present', 'alta_partial': False, 'gps_dup_rows_count': 0}, 'load_class': 'LOW', 'mean': 29225.178048522408, 'std': 6975.039632124712, 'timestamp': 1788249901574}",,,,
1475453057469775872,1788239196000-632578958264631296-1475453057469775872,1788239196000,1788246204000,1,80.384,29.187,2.754102854010347,632578958264631296,1788239196000,1475453057469775872,NL01AK3037,7008000,1788246204000,77.05328958495707,80.384,1.8999999999998636,29.186852115514043,2.754116808549988,84.75,29.18685211551404,1788239196000-632578958264631296-1475453057469775872,,,,,
870275474985582592,1788250593000-632578958264631296-870275474985582592,1788250593000,1788257664000,1,80.36,23.019,3.4910291498327473,632578958264631296,1788250593000,870275474985582592,RJ47GA4502,7071000,1788257664000,60.76987120326907,80.36,1.9000000000014552,23.01889060729889,3.4910457402547124,83.69999999995343,23.01889060729889,1788250593000-632578958264631296-870275474985582592,,,,,0.0
1050036904705130496,1788256646000-632578958264631296-1050036904705130496,1788256646000,1788265275000,1,80.325,13.509,5.946035976015989,632578958264631296,1788256646000,1050036904705130496,RJ47GA6244,8629000,1788265275000,35.66310277265489,80.325,2.3499999999994543,13.508751050248062,5.94614555418319,82.79999999998836,13.508751050248062,1788256646000-632578958264631296-1050036904705130496,"{'confidence': 48.2, 'count': 6, 'error_code': None, 'flags': {'alta-status': 'present', 'alta_partial': False, 'gps_dup_rows_count': 0}, 'load_class': 'LOW', 'mean': 18848.494768554807, 'std': 4784.08983626867, 'timestamp': 1788268668379}",,,,
1479447378401427456,1788250806000-632578958264631296-1479447378401427456,1788250806000,1788257655000,1,80.267,25.572,3.138862818707962,632578958264631296,1788250806000,1479447378401427456,NL01AK3096,6849000,1788257655000,67.51002965436565,80.267,1.7999999999999545,25.571980929683956,3.1388651595162913,80.0,25.571980929683956,1788250806000-632578958264631296-1479447378401427456,,,,,
939140658449350656,1788228137000-632578958264631296-939140658449350656,1788228137000,1788234717000,1,80.258,25.886,3.100440392490149,632578958264631296,1788228137000,939140658449350656,RJ47GA2643,6580000,1788234717000,68.33984677855055,80.258,1.7999999999992724,25.886305597935813,3.100403790581836,85.25,25.886305597935813,1788228137000-632578958264631296-939140658449350656,,,,,
1406229042385911808,1788269013000-632578958264631296-1406229042385911808,1788269013000,1788278528000,1,80.016,30.694,2.6068938554766405,632578958264631296,1788269013000,1406229042385911808,NL01AJ7422,9515000,1788278528000,81.03194379374037,80.016,2.599999999999909,30.69391810368953,2.6069008110887535,84.70500000000175,30.69391810368953,1788269013000-632578958264631296-1406229042385911808,"{'confidence': 75.8, 'count': 22, 'error_code': None, 'flags': {'alta-status': 'present', 'alta_partial': False, 'gps_dup_rows_count': 0}, 'load_class': 'HIGH', 'mean': 45874.21019467757, 'std': 10425.130402036972, 'timestamp': 1788278637553}",,,,
1152269234303139840,1788275885000-632578958264631296-1152269234303139840,1788275885000,1788282358000,1,79.816,14.698,5.430398693699823,632578958264631296,1788275885000,1152269234303139840,NL01AJ4202,6473000,1788282358000,38.802669656218974,79.816,1.75,14.697980930385974,5.430405739266666,81.625,14.697980930385974,1788275885000-632578958264631296-1152269234303139840,,,,,
1536397466075660288,1788263679000-632578958264631296-1536397466075660288,1788263679000,1788270143000,1,79.789,19.758,4.03831359449337,632578958264631296,1788263679000,1536397466075660288,NL01AK8051,6464000,1788270143000,52.16231034369279,79.789,1.75,19.758450887762418,4.038221440194892,80.45499999999811,19.758450887762418,1788263679000-632578958264631296-1536397466075660288,,,,,
870275474985582592,1788224862000-632578958264631296-870275474985582592,1788224862000,1788233054000,1,79.781,30.36,2.6278326745718052,632578958264631296,1788224862000,870275474985582592,RJ47GA4502,8192000,1788233054000,80.15086574887347,79.781,2.2999999999992724,30.36017642002783,2.627817404492107,83.5,30.36017642002783,1788224862000-632578958264631296-870275474985582592,"{'confidence': 73.2, 'count': 15, 'error_code': None, 'flags': {'alta-status': 'present', 'alta_partial': False, 'gps_dup_rows_count': 0}, 'load_class': 'HIGH', 'mean': 53810.58770579292, 'std': 11171.516679857912, 'timestamp': 1788233088798}",,,,1.315668861958314
952162532812914688,1788271563000-632578958264631296-952162532812914688,1788271563000,1788280844000,1,79.755,27.153,2.937244503369793,632578958264631296,1788271563000,952162532812914688,RJ47GA4523,9281000,1788280844000,71.68414530502035,79.755,0.0,27.153085342810737,2.9372352715385457,82.625,27.153085342810737,1788271563000-632578958264631296-952162532812914688,"{'confidence': 78, 'count': 13, 'error_code': None, 'flags': {'alta-status': 'present', 'alta_partial': False, 'gps_dup_rows_count': 0}, 'load_class': 'MEDIUM', 'mean': 40897.35423665258, 'std': 6500.99583043881, 'timestamp': 1788280854962}",,,,
1479447378401427456,1788224674000-632578958264631296-1479447378401427456,1788224674000,1788233099000,1,79.728,34.752,2.294198895027624,632578958264631296,1788224674000,1479447378401427456,NL01AK3096,8425000,1788233099000,91.74403217376778,79.728,2.2999999999999545,34.7515273385484,2.294230098818163,78.875,34.7515273385484,1788224674000-632578958264631296-1479447378401427456,"{'confidence': 17.9, 'count': 5, 'error_code': None, 'flags': {'alta-status': 'present', 'alta_partial': False, 'gps_dup_rows_count': 0}, 'load_class': 'HIGH', 'mean': 78852.59733587333, 'std': 28942.9700092255, 'timestamp': 1788233122811}",,,,
1089954932305428480,1788242479000-632578958264631296-1089954932305428480,1788242479000,1788251730000,1,79.603,36.275,2.194431426602343,632578958264631296,1788242479000,1089954932305428480,RJ47GA3362,9251000,1788251730000,95.7672326737155,79.603,2.5499999999992724,36.27546692186193,2.1944031808457884,84.5,36.27546692186193,1788242479000-632578958264631296-1089954932305428480,"{'confidence': 72.2, 'count': 12, 'error_code': None, 'flags': {'alta-status': 'present', 'alta_partial': False, 'gps_dup_rows_count': 0}, 'load_class': 'HIGH', 'mean': 67706.22542212441, 'std': 13024.67312065731, 'timestamp': 1788251783267}",,,,
970288452387995648,1788221006000-632578958264631296-970288452387995648,1788221006000,1788228827000,1,79.432,21.59,3.6791106993978695,632578958264631296,1788221006000,970288452387995648,RJ47GA3399,7821000,1788228827000,56.997492990607796,79.432,2.149999999999636,21.589959466139316,3.6791176067086853,54.25,21.589959466139316,1788221006000-632578958264631296-970288452387995648,"{'confidence': 42.2, 'count': 3, 'error_code': None, 'flags': {'alta-status': 'present', 'alta_partial': False, 'gps_dup_rows_count': 0}, 'load_class': 'HIGH', 'mean': 83027.71584304926, 'std': 16623.892518348926, 'timestamp': 1788228978692}",,,,
1067775149379420160,1788225187000-632578958264631296-1067775149379420160,1788225187000,1788232665000,1,79.232,28.611,2.769284540910838,632578958264631296,1788225187000,1067775149379420160,RJ14GN1580,7478000,1788232665000,75.53359874260727,79.232,2.050000000000182,28.611211644926996,2.7692640557586623,82.69999999995343,28.611211644926996,1788225187000-632578958264631296-1067775149379420160,"{'confidence': 69.1, 'count': 4, 'error_code': None, 'flags': {'alta-status': 'present', 'alta_partial': False, 'gps_dup_rows_count': 0}, 'load_class': 'MEDIUM', 'mean': 29033.825964907097, 'std': 3589.209758658065, 'timestamp': 1788232690808}",,,,
1259200800735887360,1788229551000-632578958264631296-1259200800735887360,1788229551000,1788237960000,1,79.2,29.603,2.675404519812181,632578958264631296,1788229551000,1259200800735887360,NL01AH5402,8409000,1788237960000,78.1520531603442,79.2,2.25,29.603050439524313,2.6753999612910384,83.79000000000815,29.60305043952431,1788229551000-632578958264631296-1259200800735887360,"{'confidence': 57.4, 'count': 6, 'error_code': None, 'flags': {'alta-status': 'present', 'alta_partial': False, 'gps_dup_rows_count': 0}, 'load_class': 'MEDIUM', 'mean': 33567.50908709556, 'std': 7002.613353622083, 'timestamp': 1788237989945}",,,,
1465365829724930048,1788270675000-632578958264631296-1465365829724930048,1788270675000,1788280558000,1,79.166,25.734,3.07631926634025,632578958264631296,1788270675000,1465365829724930048,RJ14GQ0815,9883000,1788280558000,67.9389438558053,79.166,2.699999999999818,25.734448430229282,3.0762656605846153,82.70000000001164,25.734448430229282,1788270675000-632578958264631296-1465365829724930048,"{'confidence': 41.2, 'count': 6, 'error_code': None, 'flags': {'alta-status': 'present', 'alta_partial': False, 'gps_dup_rows_count': 0}, 'load_class': 'HIGH', 'mean': 58923.54016000211, 'std': 16962.463661447684, 'timestamp': 1788280565123}",,,,
1083729116835872768,1788229531000-632578958264631296-1083729116835872768,1788229531000,1788237863000,1,79.152,29.967,2.641305435979578,632578958264631296,1788229531000,1083729116835872768,RJ47GA6361,8332000,1788237863000,79.11342000777658,79.152,0.0,29.96720454840022,2.6412874071107004,82.79999999998836,29.96720454840022,1788229531000-632578958264631296-1083729116835872768,"{'confidence': 0, 'count': 2, 'error_code': None, 'flags': {'alta-status': 'present', 'alta_partial': False, 'gps_dup_rows_count': 0}, 'load_class': 'HIGH', 'mean': 68642.13112648034, 'std': 10290.179899235187, 'timestamp': 1788237866407}",,,,
1385304935976927232,1788236784000-632578958264631296-1385304935976927232,1788236784000,1788244328000,1,79.047,16.0,4.9404375,632578958264631296,1788236784000,1385304935976927232,NL01AJ5688,7544000,1788244328000,42.24,79.047,2.099999999999909,16.0,4.9404375,84.75,16.0,1788236784000-632578958264631296-1385304935976927232,"{'confidence': 49.6, 'count': 17, 'error_code': None, 'flags': {'alta-status': 'present', 'alta_partial': False, 'gps_dup_rows_count': 0}, 'load_class': 'MEDIUM', 'mean': 33691.782480163405, 'std': 13999.300535985569, 'timestamp': 1788244432885}",,,,
946033927888306176,1788225841000-632578958264631296-946033927888306176,1788225841000,1788233014000,1,78.899,30.299,2.6040133337733917,632578958264631296,1788225841000,946033927888306176,RJ47GA3780,7173000,1788233014000,79.99036229420908,78.899,1.9500000000007276,30.299379656897376,2.6039807049990005,81.0,30.299379656897376,1788225841000-632578958264631296-946033927888306176,,,,,
940245549137788928,1788269765000-632578958264631296-940245549137788928,1788269765000,1788277642000,1,78.795,24.362,3.234340366143995,632578958264631296,1788269765000,940245549137788928,RJ47GA4673,7877000,1788277642000,64.31570202775195,78.795,2.1500000000005457,24.362008343845435,3.2343392584013277,82.19999999998254,24.362008343845435,1788269765000-632578958264631296-940245549137788928,"{'confidence': 29.7, 'count': 6, 'error_code': None, 'flags': {'alta-status': 'present', 'alta_partial': False, 'gps_dup_rows_count': 0}, 'load_class': 'HIGH', 'mean': 33678.00974801521, 'std': 11605.355127384495, 'timestamp': 1788277796279}",,,,
1042868881099587584,1788221993000-632578958264631296-1042868881099587584,1788221993000,1788230250000,1,78.682,34.397,2.2874669302555457,632578958264631296,1788221993000,1042868881099587584,RJ47GA5629,8257000,1788230250000,90.80899021693054,78.682,2.25,34.397344779140354,2.287444002006669,83.29999999998836,34.397344779140354,1788221993000-632578958264631296-1042868881099587584,"{'confidence': 48.2, 'count': 6, 'error_code': None, 'flags': {'alta-status': 'present', 'alta_partial': False, 'gps_dup_rows_count': 0}, 'load_class': 'HIGH', 'mean': 46546.25774806654, 'std': 11817.836169924327, 'timestamp': 1788230258004}",,,,
1536014603211767808,1788304502000-632578958264631296-1536014603211767808,1788304502000,1788311161000,1,78.662,28.947,2.7174491311707607,632578958264631296,1788304502000,1536014603211767808,NL01AK9193,6659000,1788311161000,76.41918264594992,78.662,1.7999999999999545,28.946660093162848,2.7174810408811148,81.20000000000073,28.946660093162848,1788304502000-632578958264631296-1536014603211767808,,,,,
1083726887294861312,1788256721000-632578958264631296-1083726887294861312,1788256721000,1788263624000,1,78.301,28.523,2.7451880938190234,632578958264631296,1788256721000,1083726887294861312,RJ47GA6339,6903000,1788263624000,75.30183917685547,78.301,1.8499999999994543,28.523423930627068,2.745147293341743,83.5,28.523423930627068,1788256721000-632578958264631296-1083726887294861312,,,,,
1050036509840769024,1788256810000-632578958264631296-1050036509840769024,1788256810000,1788263915000,1,78.254,27.383,2.8577584632801374,632578958264631296,1788256810000,1050036509840769024,RJ47GA6390,7105000,1788263915000,72.2908319961693,78.254,1.949999999999818,27.382890907639887,2.857769848477429,82.89999999999418,27.382890907639887,1788256810000-632578958264631296-1050036509840769024,,,,,
1428064485414797312,1788267330000-632578958264631296-1428064485414797312,1788267330000,1788275128000,1,78.18,36.354,2.150519887770259,632578958264631296,1788267330000,1428064485414797312,NL01AJ9496,7798000,1788275128000,95.97558509815426,78.18,2.099999999999909,36.354388294755395,2.150496918449829,81.5,36.354388294755395,1788267330000-632578958264631296-1428064485414797312,"{'confidence': 67, 'count': 7, 'error_code': None, 'flags': {'alta-status': 'present', 'alta_partial': False, 'gps_dup_rows_count': 0}, 'load_class': 'HIGH', 'mean': 52396.477407191865, 'std': 9161.49609343948, 'timestamp': 1788275136118}",,,,
1050037591694376960,1788247771000-632578958264631296-1050037591694376960,1788247771000,1788255304000,1,78.163,32.694,2.3907444791093164,632578958264631296,1788247771000,1050037591694376960,RJ47GA3487,7533000,1788255304000,86.31133630491259,78.163,2.0499999999992724,32.69368799428507,2.390767294704197,79.875,32.69368799428507,1788247771000-632578958264631296-1050037591694376960,"{'confidence': 56.8, 'count': 10, 'error_code': None, 'flags': {'alta-status': 'present', 'alta_partial': False, 'gps_dup_rows_count': 0}, 'load_class': 'HIGH', 'mean': 50889.81406955088, 'std': 13905.894093702615, 'timestamp': 1788255429872}",,,,
1536427445069021184,1788243437000-632578958264631296-1536427445069021184,1788243437000,1788250135000,1,78.013,22.346,3.491139353799338,632578958264631296,1788243437000,1536427445069021184,NL01AK8053,6698000,1788250135000,58.99217367869591,78.013,1.8500000000000227,22.34552033283936,3.4912142943187927,80.15000000000146,22.34552033283936,1788243437000-632578958264631296-1536427445069021184,,,,,
1486716779844599808,1788267301000-632578958264631296-1486716779844599808,1788267301000,1788277260000,1,77.955,23.0,3.3893478260869565,632578958264631296,1788267301000,1486716779844599808,NL01AK3100,9959000,1788277260000,60.720000000000006,77.955,2.7000000000000455,23.0,3.3893478260869565,82.625,23.0,1788267301000-632578958264631296-1486716779844599808,"{'confidence': 5.2, 'count': 3, 'error_code': None, 'flags': {'alta-status': 'present', 'alta_partial': False, 'gps_dup_rows_count': 0}, 'load_class': 'HIGH', 'mean': 105126.52758174654, 'std': 34537.81485207498, 'timestamp': 1788277271871}",,,,
1488160320575766528,1788241486000-632578958264631296-1488160320575766528,1788241486000,1788248272000,1,77.826,27.006,2.8818040435458783,632578958264631296,1788241486000,1488160320575766528,NL01AK3103,6786000,1788248272000,71.29702320152269,77.826,1.849999999999909,27.006448182394955,2.8817562188993606,82.125,27.006448182394955,1788241486000-632578958264631296-1488160320575766528,,,,,
1132636490090676224,1788242638000-632578958264631296-1132636490090676224,1788242638000,1788250424000,1,77.806,17.052,4.562866525920713,632578958264631296,1788242638000,1132636490090676224,RJ47GA5322,7786000,1788250424000,45.01829476218497,77.806,2.149999999999636,17.052384379615518,4.562763673859568,80.60000000000582,17.052384379615518,1788242638000-632578958264631296-1132636490090676224,"{'confidence': 60.9, 'count': 13, 'error_code': None, 'flags': {'alta-status': 'present', 'alta_partial': False, 'gps_dup_rows_count': 0}, 'load_class': 'LOW', 'mean': 18410.139427639566, 'std': 5186.7291666485935, 'timestamp': 1788250430930}",,,,
1060630916881186816,1788267239000-632578958264631296-1060630916881186816,1788267239000,1788275706000,1,77.8,27.048,2.87636793847974,632578958264631296,1788267239000,1060630916881186816,RJ47GA5617,8467000,1788275706000,71.40775245034634,77.80000000001746,2.350000000000364,27.04839107967664,2.8763263504598644,77.80000000001746,27.04839107967664,1788267239000-632578958264631296-1060630916881186816,"{'confidence': 81.7, 'count': 10, 'error_code': None, 'flags': {'alta-status': 'present', 'alta_partial': False, 'gps_dup_rows_count': 0}, 'load_class': 'MEDIUM', 'mean': 40956.41387854575, 'std': 4729.374604603879, 'timestamp': 1788275756114}",,,,
1406586595699589120,1788240337000-632578958264631296-1406586595699589120,1788240337000,1788247921000,1,77.724,29.285,2.6540549769506576,632578958264631296,1788240337000,1406586595699589120,NL01AJ7423,7584000,1788247921000,77.31313422436827,77.724,2.100000000000364,29.28527811529101,2.6540297720245043,81.47000000000116,29.28527811529101,1788240337000-632578958264631296-1406586595699589120,"{'confidence': 72.1, 'count': 10, 'error_code': None, 'flags': {'alta-status': 'present', 'alta_partial': False, 'gps_dup_rows_count': 0}, 'load_class': 'HIGH', 'mean': 53461.23743297214, 'std': 9416.640104925558, 'timestamp': 1788248045648}",,,,
1471165285556813824,1788261547000-632578958264631296-1471165285556813824,1788261547000,1788268199000,1,77.625,20.63,3.762724188075618,632578958264631296,1788261547000,1471165285556813824,NL01AK2623,6652000,1788268199000,54.46235635426097,77.625,1.800000000000182,20.629680437220063,3.7627824743203,77.625,20.629680437220063,1788261547000-632578958264631296-1471165285556813824,,,,,
947102733284933632,1788234176000-632578958264631296-947102733284933632,1788234176000,1788241299000,1,77.564,28.488,2.7226902555461945,632578958264631296,1788234176000,947102733284933632,RJ47GA3510,7123000,1788241299000,75.20846557952447,77.564,1.9500000000007276,28.48805514375927,2.722684985289055,84.0,28.488055143759272,1788234176000-632578958264631296-947102733284933632,,,,,
1134877765846171648,1788271012000-632578958264631296-1134877765846171648,1788271012000,1788278848000,1,77.498,27.063,2.863614529061819,632578958264631296,1788271012000,1134877765846171648,RJ47GA6215,7836000,1788278848000,71.44586731673007,77.498,2.1500000000005457,27.06282852906442,2.863632673013842,81.20000000001164,27.06282852906442,1788271012000-632578958264631296-1134877765846171648,"{'confidence': 45.1, 'count': 9, 'error_code': None, 'flags': {'alta-status': 'present', 'alta_partial': False, 'gps_dup_rows_count': 0}, 'load_class': 'HIGH', 'mean': 57796.48006948227, 'std': 19038.871450163097, 'timestamp': 1788278856675}",,,,
940246123384143872,1788273765000-632578958264631296-940246123384143872,1788273765000,1788280553000,1,77.436,16.957,4.566609659727546,632578958264631296,1788273765000,940246123384143872,RJ14GN1575,6788000,1788280553000,44.76643992638277,77.436,1.8499999999994543,16.956984820599533,4.566613747623923,79.20000000001164,16.956984820599533,1788273765000-632578958264631296-940246123384143872,,,,,
780122893064339456,1788248885000-632578958264631296-780122893064339456,1788248885000,1788254938000,1,77.381,22.61,3.422423706324635,632578958264631296,1788248885000,780122893064339456,RJ47GA3065,6053000,1788254938000,59.69111695138256,77.381,1.5999999999985448,22.610271572493392,3.422382599514556,87.79999999998836,22.610271572493392,1788248885000-632578958264631296-780122893064339456,,['900758004201160710'],,900758004201160710,
1083727593376579584,1788236532000-632578958264631296-1083727593376579584,1788236532000,1788244342000,1,77.375,28.381,2.7262957612487226,632578958264631296,1788236532000,1083727593376579584,RJ47GA6346,7810000,1788244342000,74.92495367639384,77.375,1.7963436111118387,28.380664271361304,2.726328011923191,77.375,27.040566803402875,1788236532000-632578958264631296-1083727593376579584,"{'confidence': 41.3, 'count': 8, 'error_code': None, 'flags': {'alta-status': 'present', 'alta_partial': False, 'gps_dup_rows_count': 0}, 'load_class': 'HIGH', 'mean': 64318.48965232774, 'std': 21364.94727716514, 'timestamp': 1788244435361}",,,,
1097510484225032192,1788246999000-632578958264631296-1097510484225032192,1788246999000,1788253266000,1,77.288,25.404,3.0423555345614863,632578958264631296,1788246999000,1097510484225032192,RJ47GA3830,6267000,1788253266000,67.06581361294867,77.288,1.6999999999989086,25.403717277632072,3.0423893934629773,83.375,25.403717277632072,1788246999000-632578958264631296-1097510484225032192,,,,,
1082303861131051008,1788246765000-632578958264631296-1082303861131051008,1788246765000,1788253616000,1,77.245,28.326,2.7269999293934903,632578958264631296,1788246765000,1082303861131051008,RJ47GA5902,6851000,1788253616000,74.77958072079613,77.245,1.8500000000003638,28.325598757877323,2.72703855831179,82.20000000001164,28.325598757877323,1788246765000-632578958264631296-1082303861131051008,,,,,
1050037591694376960,1788231503000-632578958264631296-1050037591694376960,1788231503000,1788238553000,1,77.125,26.544,2.905553044002411,632578958264631296,1788231503000,1050037591694376960,RJ47GA3487,7050000,1788238553000,70.07738243544901,77.125,1.9500000000007276,26.544463043730687,2.9055023593033464,77.125,26.544463043730687,1788231503000-632578958264631296-1050037591694376960,,,,,
1126571257152667648,1788267663000-632578958264631296-1126571257152667648,1788267663000,1788276596000,1,77.076,30.061,2.563986560659991,632578958264631296,1788267663000,1126571257152667648,RJ47GA3861,8933000,1788276596000,79.36102927042391,77.076,2.4499999999989086,30.060995935766634,2.563986907309841,80.875,30.060995935766634,1788267663000-632578958264631296-1126571257152667648,"{'confidence': 77.4, 'count': 10, 'error_code': None, 'flags': {'alta-status': 'present', 'alta_partial': False, 'gps_dup_rows_count': 0}, 'load_class': 'HIGH', 'mean': 46513.619909163186, 'std': 6662.5274801393825, 'timestamp': 1788276694076}",,,,
790193276584984576,1788259385000-632578958264631296-790193276584984576,1788259385000,1788266414000,1,77.076,21.147,3.6447723081288124,632578958264631296,1788259385000,790193276584984576,RJ47GA2477,7029000,1788266414000,55.82804258027561,77.076,1.8500000000003638,21.14698582586197,3.644774751101357,86.5,21.14698582586197,1788259385000-632578958264631296-790193276584984576,,['841055114193010688'],,841055114193010688,
964169792938311680,1788265941000-632578958264631296-964169792938311680,1788265941000,1788277224000,1,76.849,27.38,2.806756756756757,632578958264631296,1788265941000,964169792938311680,RJ47GA2728,11283000,1788277224000,72.28267660071107,76.849,3.100000000000364,27.379801742693587,2.806777080499039,84.5,27.379801742693587,1788265941000-632578958264631296-964169792938311680,"{'confidence': 15, 'count': 4, 'error_code': None, 'flags': {'alta-status': 'present', 'alta_partial': False, 'gps_dup_rows_count': 0}, 'load_class': 'HIGH', 'mean': 30502.84527417383, 'std': 10375.64519400387, 'timestamp': 1788288343636}",,,,
876044057397166080,1788255873000-632578958264631296-876044057397166080,1788255873000,1788262556000,1,76.807,24.602,3.1219819526867734,632578958264631296,1788255873000,876044057397166080,RJ14GN1573,6683000,1788262556000,64.94966160463764,76.807,1.8000000000010914,24.60214454721123,3.121963609823049,80.40000000002328,24.60214454721123,1788255873000-632578958264631296-876044057397166080,,,,,0.3679999999999987
1536014660929585152,1788247283000-632578958264631296-1536014660929585152,1788247283000,1788255980000,1,76.749,27.436,2.797383000437381,632578958264631296,1788247283000,1536014660929585152,RJ47GA8897,8697000,1788255980000,72.43136309851728,76.749,2.3999999999999773,27.436122385801998,2.797370521999022,78.79499999999825,27.436122385801998,1788247283000-632578958264631296-1536014660929585152,"{'confidence': 62.9, 'count': 13, 'error_code': None, 'flags': {'alta-status': 'present', 'alta_partial': False, 'gps_dup_rows_count': 0}, 'load_class': 'HIGH', 'mean': 75554.44657200864, 'std': 20221.354918120334, 'timestamp': 1788256029540}",,,,
786329294770012160,1788229776000-632578958264631296-786329294770012160,1788229776000,1788237168000,1,76.655,30.452,2.517240246946013,632578958264631296,1788229776000,786329294770012160,RJ47GA3336,7392000,1788237168000,80.39437525831391,76.655,2.0,30.45241487057345,2.517205953149965,,30.45241487057345,1788229776000-632578958264631296-786329294770012160,"{'confidence': 35.9, 'count': 5, 'error_code': None, 'flags': {'alta-status': 'present', 'alta_partial': False, 'gps_dup_rows_count': 0}, 'load_class': 'HIGH', 'mean': 69997.63302762457, 'std': 20066.661745316138, 'timestamp': 1788237217964}",['900758004226326533'],,900758004226326533,
1138782810882965504,1788242066000-632578958264631296-1138782810882965504,1788242066000,1788248753000,1,76.608,15.56,4.923393316195373,632578958264631296,1788242066000,1138782810882965504,RJ47GA6253,6687000,1788248753000,41.079217583039956,76.608,1.800000000000182,15.560309690545436,4.923295327891039,80.29999999998836,15.560309690545436,1788242066000-632578958264631296-1138782810882965504,,,,,
939141093658722304,1788224885000-632578958264631296-939141093658722304,1788224885000,1788233962000,1,76.564,47.756,1.603233101599799,632578958264631296,1788224885000,939141093658722304,RJ47GA3768,9077000,1788233962000,126.07623019837851,76.564,2.4500000000007276,47.7561478024161,1.6032281396894084,89.0,47.7561478024161,1788224885000-632578958264631296-939141093658722304,"{'confidence': 64.3, 'count': 12, 'error_code': None, 'flags': {'alta-status': 'present', 'alta_partial': False, 'gps_dup_rows_count': 0}, 'load_class': 'HIGH', 'mean': 73684.57084495337, 'std': 18208.814912629725, 'timestamp': 1788233981513}",,,,
1132636490090676224,1788257484000-632578958264631296-1132636490090676224,1788257484000,1788265835000,1,76.554,14.975,5.11212020033389,632578958264631296,1788257484000,1132636490090676224,RJ47GA5322,8351000,1788265835000,39.53386153357099,76.554,2.25,14.974947550595072,5.112138105415796,79.09999999997672,14.97494755059507,1788257484000-632578958264631296-1132636490090676224,"{'confidence': 45.7, 'count': 9, 'error_code': None, 'flags': {'alta-status': 'present', 'alta_partial': False, 'gps_dup_rows_count': 0}, 'load_class': 'MEDIUM', 'mean': 25441.647677720393, 'std': 8294.918642724504, 'timestamp': 1788269044550}",,,,
1045014601197944832,1788275717000-632578958264631296-1045014601197944832,1788275717000,1788285236000,1,76.528,44.456,1.7214324275688322,632578958264631296,1788275717000,1045014601197944832,RJ47GA5632,9519000,1788285236000,117.364378162054,76.528,2.649999999999636,44.45620384926288,1.7214245341208751,81.09999999997672,44.45620384926288,1788275717000-632578958264631296-1045014601197944832,"{'confidence': 43.1, 'count': 8, 'error_code': None, 'flags': {'alta-status': 'present', 'alta_partial': False, 'gps_dup_rows_count': 0}, 'load_class': 'HIGH', 'mean': 53893.305102760074, 'std': 17350.968797606263, 'timestamp': 1788292841497}",,,,
1536014563953082368,1788281006000-632578958264631296-1536014563953082368,1788281006000,1788297064000,1,76.506,22.989,3.32793944930184,632578958264631296,1788281006000,1536014563953082368,NL01AK9204,16058000,1788297064000,60.69011387673974,76.506,4.399999999999977,22.988679498765052,3.3279858464297565,77.88999999999942,22.988679498765052,1788281006000-632578958264631296-1536014563953082368,"{'confidence': 97.3, 'count': 3, 'error_code': None, 'flags': {'alta-status': 'present', 'alta_partial': False, 'gps_dup_rows_count': 0}, 'load_class': 'LOW', 'mean': 27396.278069091448, 'std': 258.7666031086902, 'timestamp': 1788298130938}",,,,
1126869078934290432,1788262525000-632578958264631296-1126869078934290432,1788262525000,1788270834000,1,76.422,23.063,3.3136192169275462,632578958264631296,1788262525000,1126869078934290432,RJ47GA4863,8309000,1788270834000,60.886319999985865,76.422,0.3000000000010914,23.062999999994645,3.3136192169283154,79.0,23.062999999994645,1788262525000-632578958264631296-1126869078934290432,"{'confidence': 51.6, 'count': 12, 'error_code': None, 'flags': {'alta-status': 'present', 'alta_partial': False, 'gps_dup_rows_count': 0}, 'load_class': 'MEDIUM', 'mean': 32413.64398945439, 'std': 10861.563509664245, 'timestamp': 1788271532854}",,,,
1464286677953413120,1788235878000-632578958264631296-1464286677953413120,1788235878000,1788245624000,1,76.312,33.809,2.257150462894496,632578958264631296,1788235878000,1464286677953413120,NL01AK1958,9746000,1788245624000,89.25550800271263,76.312,2.650000000000091,33.808904546482054,2.2571568355633267,78.5,33.808904546482054,1788235878000-632578958264631296-1464286677953413120,"{'confidence': 48.6, 'count': 10, 'error_code': None, 'flags': {'alta-status': 'present', 'alta_partial': False, 'gps_dup_rows_count': 0}, 'load_class': 'LOW', 'mean': 31936.504386493605, 'std': 10387.191729980686, 'timestamp': 1788271229854}",,,,
1488129049464143872,1788244230000-632578958264631296-1488129049464143872,1788244230000,1788254021000,1,76.298,33.085,2.306120598458516,632578958264631296,1788244230000,1488129049464143872,NL01AK3098,9791000,1788254021000,87.34368716844553,76.298,2.6499999999998636,33.08472998804755,2.306139419229476,79.875,33.08472998804755,1788244230000-632578958264631296-1488129049464143872,"{'confidence': 37.1, 'count': 8, 'error_code': None, 'flags': {'alta-status': 'present', 'alta_partial': False, 'gps_dup_rows_count': 0}, 'load_class': 'HIGH', 'mean': 76799.50974369576, 'std': 27341.969374270302, 'timestamp': 1788254029646}",,,,
1364616390270517248,1788234029000-632578958264631296-1364616390270517248,1788234029000,1788240673000,1,76.013,23.802,3.1935551634316446,632578958264631296,1788234029000,1364616390270517248,NL01AJ4204,6644000,1788240673000,62.83851249560013,76.013,1.7999999999997272,23.802466854393987,3.193492526005465,80.0,23.802466854393987,1788234029000-632578958264631296-1364616390270517248,,,,,
943818030159233024,1788278337000-632578958264631296-943818030159233024,1788278337000,1788284628000,1,76.011,15.725,4.833767885532591,632578958264631296,1788278337000,943818030159233024,RJ47GA3457,6291000,1788284628000,41.51344583809963,76.011,1.7000000000007276,15.724790090189252,4.833832411373396,76.5,13.560885790821592,1788278337000-632578958264631296-943818030159233024,,,,,
1105914583932993536,1788278333000-632578958264631296-1105914583932993536,1788278333000,1788284453000,1,75.989,14.511,5.236648060092344,632578958264631296,1788278333000,1105914583932993536,RJ47GA3805,6120000,1788284453000,38.308088492448476,75.989,1.6999999999989086,14.510639580472906,5.236778129494654,75.25,11.852805049628364,1788278333000-632578958264631296-1105914583932993536,,,,,
1161991673035620352,1788230542000-632578958264631296-1161991673035620352,1788230542000,1788236870000,1,75.86,29.465,2.5745800101815712,632578958264631296,1788230542000,1161991673035620352,RJ47GA6310,6328000,1788236870000,77.78758016721109,75.86,1.699999999999818,29.46499248757996,2.574580666598724,80.5,29.46499248757996,1788230542000-632578958264631296-1161991673035620352,,,,,
946034884164452352,1788228932000-632578958264631296-946034884164452352,1788228932000,1788237289000,1,75.722,15.556,4.867703779892003,632578958264631296,1788228932000,946034884164452352,RJ47GA3663,8357000,1788237289000,41.066629813153114,75.722,2.300000000000182,15.55554159589133,4.867847225582963,81.5,13.34733026547997,1788228932000-632578958264631296-946034884164452352,"{'confidence': 60.7, 'count': 10, 'error_code': None, 'flags': {'alta-status': 'present', 'alta_partial': False, 'gps_dup_rows_count': 0}, 'load_class': 'LOW', 'mean': 18317.062729445715, 'std': 4555.529674100518, 'timestamp': 1788237320764}",,,,
876044057397166080,1788247182000-632578958264631296-876044057397166080,1788247182000,1788253196000,1,75.578,18.299,4.13017104759823,632578958264631296,1788247182000,876044057397166080,RJ14GN1573,6014000,1788253196000,48.31052877906095,75.578,1.6000000000003638,18.29944271934127,4.130071126161629,78.80000000004657,18.299442719341265,1788247182000-632578958264631296-876044057397166080,,,,,1.0764110018269275
1488129049464143872,1788223449000-632578958264631296-1488129049464143872,1788223449000,1788231179000,1,75.574,26.594,2.841768820034594,632578958264631296,1788223449000,1488129049464143872,NL01AK3098,7730000,1788231179000,70.20703991078133,75.574,2.1000000000001364,26.59357572378081,2.8418141578614176,79.25,26.59357572378081,1788223449000-632578958264631296-1488129049464143872,"{'confidence': 53.1, 'count': 6, 'error_code': None, 'flags': {'alta-status': 'present', 'alta_partial': False, 'gps_dup_rows_count': 0}, 'load_class': 'HIGH', 'mean': 62797.968749250496, 'std': 14442.85892025617, 'timestamp': 1788231183427}",,,,
1161991673035620352,1788238894000-632578958264631296-1161991673035620352,1788238894000,1788246140000,1,75.543,35.205,2.1458031529612276,632578958264631296,1788238894000,1161991673035620352,RJ47GA6310,7246000,1788246140000,92.94240719479444,75.543,1.949999999999818,35.20545727075547,2.1457752819121088,80.20000000001164,35.20545727075547,1788238894000-632578958264631296-1161991673035620352,"{'confidence': 58.4, 'count': 9, 'error_code': None, 'flags': {'alta-status': 'present', 'alta_partial': False, 'gps_dup_rows_count': 12}, 'load_class': 'HIGH', 'mean': 52316.492499205204, 'std': 13060.201788232662, 'timestamp': 1788246179894}",,,,
883046842797916160,1788259919000-632578958264631296-883046842797916160,1788259919000,1788267263000,1,75.502,22.854,3.3036667541786993,632578958264631296,1788259919000,883046842797916160,RJ47GA2006,7344000,1788267263000,60.33422399762294,75.502,2.0,22.853872726372327,3.303685152358188,78.625,22.853872726372327,1788259919000-632578958264631296-883046842797916160,"{'confidence': 86, 'count': 4, 'error_code': None, 'flags': {'alta-status': 'present', 'alta_partial': False, 'gps_dup_rows_count': 0}, 'load_class': 'LOW', 'mean': 23519.24530975116, 'std': 1312.4785997936485, 'timestamp': 1788270018602}",['900758004175994901'],,900758004175994901,
943856131652976640,1788230488000-632578958264631296-943856131652976640,1788230488000,1788236845000,1,75.342,21.008,3.5863480578827116,632578958264631296,1788230488000,943856131652976640,RJ47GA3743,6357000,1788236845000,55.460150999800184,75.342,1.6999999999989086,21.007632954469766,3.5864107185845313,78.375,21.007632954469766,1788230488000-632578958264631296-943856131652976640,,,,,
1332765289414131712,1788262506000-632578958264631296-1332765289414131712,1788262506000,1788271349000,1,75.324,38.937,1.9345095924185223,632578958264631296,1788262506000,1332765289414131712,RJ47GA5602,8843000,1788271349000,102.79332054120289,75.324,0.0,38.936863841364726,1.934516357220821,79.39999999996508,38.936863841364726,1788262506000-632578958264631296-1332765289414131712,"{'confidence': 36.2, 'count': 6, 'error_code': None, 'flags': {'alta-status': 'present', 'alta_partial': False, 'gps_dup_rows_count': 0}, 'load_class': 'HIGH', 'mean': 59316.113054226546, 'std': 18544.830105836598, 'timestamp': 1788272072999}",,,,
943818030159233024,1788265070000-632578958264631296-943818030159233024,1788265070000,1788272917000,1,75.203,15.331,4.905289935424956,632578958264631296,1788265070000,943818030159233024,RJ47GA3457,7847000,1788272917000,40.47440712439381,75.203,2.149999999999636,15.331214819846139,4.905221202865823,75.625,13.083464428072594,1788265070000-632578958264631296-943818030159233024,"{'confidence': 77.6, 'count': 8, 'error_code': None, 'flags': {'alta-status': 'present', 'alta_partial': False, 'gps_dup_rows_count': 0}, 'load_class': 'LOW', 'mean': 14364.525552617419, 'std': 1823.9962112771707, 'timestamp': 1788272934272}",,,,
1536014709264744448,1788296469000-632578958264631296-1536014709264744448,1788296469000,1788305414000,1,75.108,18.066,4.1574227831285295,632578958264631296,1788296469000,1536014709264744448,RJ47GA8948,8945000,1788305414000,47.69305554341269,75.108,2.3499999999999943,18.065551342201775,4.157526032684373,,18.065551342201775,1788296469000-632578958264631296-1536014709264744448,"{'confidence': 72.8, 'count': 9, 'error_code': None, 'flags': {'alta-status': 'present', 'alta_partial': False, 'gps_dup_rows_count': 0}, 'load_class': 'LOW', 'mean': 28065.409427455008, 'std': 4576.648482204225, 'timestamp': 1788305419756}",,,,
1072572023244324864,1788264269000-632578958264631296-1072572023244324864,1788264269000,1788271035000,1,75.032,23.291,3.221501867674209,632578958264631296,1788264269000,1072572023244324864,RJ47GA5735,6766000,1788271035000,61.48780320350374,75.032,1.8500000000003638,23.290834546781717,3.2215247525498296,78.79999999998836,23.290834546781717,1788264269000-632578958264631296-1072572023244324864,,,,,
848986467664396288,1788240066000-632578958264631296-848986467664396288,1788240066000,1788247813000,1,75.008,15.589,4.811597921611392,632578958264631296,1788240066000,848986467664396288,RJ47GA3067,7747000,1788247813000,41.15484712310772,75.008,2.0500000000010914,15.588957243601408,4.811611118555574,83.20000000001164,15.588957243601408,1788240066000-632578958264631296-848986467664396288,"{'confidence': 66, 'count': 16, 'error_code': None, 'flags': {'alta-status': 'present', 'alta_partial': False, 'gps_dup_rows_count': 0}, 'load_class': 'MEDIUM', 'mean': 25465.76291461189, 'std': 6917.295618228318, 'timestamp': 1788247834495}",['900758004201160714'],,900758004201160714,
1312806942439112704,1788226053000-632578958264631296-1312806942439112704,1788226053000,1788236355000,1,74.939,28.099,2.6669632371258762,632578958264631296,1788226053000,1312806942439112704,NL01AH8912,10302000,1788236355000,74.18222538435712,74.939,2.850000000000364,28.09932779710497,2.6669321252489477,77.5,28.099327797104973,1788226053000-632578958264631296-1312806942439112704,"{'confidence': 52.8, 'count': 3, 'error_code': None, 'flags': {'alta-status': 'present', 'alta_partial': False, 'gps_dup_rows_count': 0}, 'load_class': 'HIGH', 'mean': 55326.73616211186, 'std': 9043.193775674283, 'timestamp': 1788236383211}",,,,
1491416395517263872,1788225997000-632578958264631296-1491416395517263872,1788225997000,1788236350000,1,74.919,28.486,2.6300287860703504,632578958264631296,1788225997000,1491416395517263872,NL01AK3106,10353000,1788236350000,75.20206064910693,74.919,2.7999999999999545,28.48562903375262,2.6300630367413858,79.625,28.485629033752616,1788225997000-632578958264631296-1491416395517263872,"{'confidence': 19.2, 'count': 6, 'error_code': None, 'flags': {'alta-status': 'present', 'alta_partial': False, 'gps_dup_rows_count': 0}, 'load_class': 'HIGH', 'mean': 74981.76307735108, 'std': 29695.6435796612, 'timestamp': 1788236383110}",,,,
1152270574152581120,1788225505000-632578958264631296-1152270574152581120,1788225505000,1788232547000,1,74.83,19.424,3.8524505766062602,632578958264631296,1788225505000,1152270574152581120,RJ47GA5213,7042000,1788232547000,51.27971484309381,74.83,1.9000000000005457,19.424134410262806,3.85242391858982,77.5,19.424134410262806,1788225505000-632578958264631296-1152270574152581120,,,,,
947093103351693312,1788249979000-632578958264631296-947093103351693312,1788249979000,1788257376000,1,74.819,25.795,2.9005233572397753,632578958264631296,1788249979000,947093103351693312,RJ47GA3310,7397000,1788257376000,68.0992487291913,74.819,2.0,25.795169973178524,2.900504244701462,88.0,25.795169973178524,1788249979000-632578958264631296-947093103351693312,"{'confidence': 40.2, 'count': 4, 'error_code': None, 'flags': {'alta-status': 'present', 'alta_partial': False, 'gps_dup_rows_count': 0}, 'load_class': 'MEDIUM', 'mean': 31701.165367679863, 'std': 7585.074605452091, 'timestamp': 1788257428595}",,,,
1464286677953413120,1788306696000-632578958264631296-1464286677953413120,1788306696000,1788315072000,1,74.676,31.69,2.3564531397917325,632578958264631296,1788306696000,1464286677953413120,NL01AK1958,8376000,1788315072000,83.66234922956059,74.676,1.449999999999818,31.690283799075978,2.3564320368180924,76.625,31.690283799075978,1788306696000-632578958264631296-1464286677953413120,"{'confidence': 44.1, 'count': 3, 'error_code': None, 'flags': {'alta-status': 'present', 'alta_partial': False, 'gps_dup_rows_count': 0}, 'load_class': 'HIGH', 'mean': 76563.08510930413, 'std': 14831.839835026458, 'timestamp': 1788315290930}",,,,
1064532839803912192,1788242334000-632578958264631296-1064532839803912192,1788242334000,1788249269000,1,74.672,25.179,2.965645974820287,632578958264631296,1788242334000,1064532839803912192,RJ47GA3903,6935000,1788249269000,66.47352140950046,74.672,1.9000000000014552,25.179364170265323,2.9656030825504818,76.5,25.179364170265323,1788242334000-632578958264631296-1064532839803912192,,,,,
1469693281720860672,1788235065000-632578958264631296-1469693281720860672,1788235065000,1788242102000,1,74.624,25.627,2.911928825067312,632578958264631296,1788235065000,1469693281720860672,RJ47GA4898,7037000,1788242102000,67.65577433693355,74.624,1.8999999999996362,25.627187248838464,2.911907548628158,76.89999999999418,25.627187248838464,1788235065000-632578958264631296-1469693281720860672,,['1497578727075217408'],,,
1152270574152581120,1788235176000-632578958264631296-1152270574152581120,1788235176000,1788241975000,1,74.61,23.932,3.1175831522647504,632578958264631296,1788235176000,1152270574152581120,RJ47GA5213,6799000,1788241975000,63.179789096816194,74.61,1.8500000000003638,23.931738294248557,3.1176172446249253,77.29999999998836,23.931738294248557,1788235176000-632578958264631296-1152270574152581120,,,,,
1079778539525373952,1788265278000-632578958264631296-1079778539525373952,1788265278000,1788272008000,1,74.596,13.373,5.578105137216781,632578958264631296,1788265278000,1079778539525373952,RJ47GA5724,6730000,1788272008000,35.3048690768518,74.596,1.7999999999992724,13.37305646850447,5.5780815833451864,75.90000000002328,11.421548979276395,1788265278000-632578958264631296-1079778539525373952,,,,,
1422205425331208192,1788306085000-632578958264631296-1422205425331208192,1788306085000,1788315106000,1,74.568,31.027,2.4033261353015116,632578958264631296,1788306085000,1422205425331208192,NL01AJ9003,9021000,1788315106000,81.91001092282225,74.568,2.5,31.02651928894782,2.4033633713647795,80.25,31.026519288947824,1788306085000-632578958264631296-1422205425331208192,"{'confidence': 53.8, 'count': 14, 'error_code': None, 'flags': {'alta-status': 'present', 'alta_partial': False, 'gps_dup_rows_count': 0}, 'load_class': 'HIGH', 'mean': 58313.41170645661, 'std': 20148.4430922115, 'timestamp': 1788315111112}",,,,
1083728677599969280,1788251438000-632578958264631296-1083728677599969280,1788251438000,1788257479000,1,74.5,14.538,5.124501306919797,632578958264631296,1788251438000,1083728677599969280,RJ47GA6359,6041000,1788257479000,38.380936961277115,74.5,1.6500000000005457,14.538233697453453,5.12441893220148,74.5,14.538233697453453,1788251438000-632578958264631296-1083728677599969280,,,,,
1525526061327056896,1788281243000-632578958264631296-1525526061327056896,1788281243000,1788287814000,1,74.492,24.428,3.0494514491567055,632578958264631296,1788281243000,1525526061327056896,NL01AK6559,6571000,1788287814000,64.490206656267,74.492,1.75,24.42810858191932,3.0494378944727596,78.5,24.42810858191932,1788281243000-632578958264631296-1525526061327056896,,,,,
961238953837461504,1788251173000-632578958264631296-961238953837461504,1788251173000,1788258177000,1,74.453,24.358,3.0566138435011085,632578958264631296,1788251173000,961238953837461504,RJ47GA3862,7004000,1788258177000,64.30556208359235,74.453,1.8999999999996362,24.35816745590619,3.056592830095976,77.0,24.35816745590619,1788251173000-632578958264631296-961238953837461504,,,,,
1126571257152667648,1788305808000-632578958264631296-1126571257152667648,1788305808000,1788313714000,1,74.368,24.187,3.074709554719477,632578958264631296,1788305808000,1126571257152667648,RJ47GA3861,7906000,1788313714000,63.852545542661154,74.368,2.149999999999636,24.18657028131104,3.07476418256226,78.125,24.18657028131104,1788305808000-632578958264631296-1126571257152667648,"{'confidence': 32, 'count': 4, 'error_code': None, 'flags': {'alta-status': 'present', 'alta_partial': False, 'gps_dup_rows_count': 0}, 'load_class': 'MEDIUM', 'mean': 28060.239785875252, 'std': 7628.30917388494, 'timestamp': 1788313728276}",,,,
964170762879500288,1788254827000-632578958264631296-964170762879500288,1788254827000,1788260845000,1,74.1,14.536,5.09768849752339,632578958264631296,1788254827000,964170762879500288,RJ47GA4713,6018000,1788260845000,38.3762776048667,74.10000000003492,1.6000000000003638,14.536468789722234,5.097524101068211,74.10000000003492,14.536468789722234,1788254827000-632578958264631296-964170762879500288,,,,,
929711155667009536,1788250669000-632578958264631296-929711155667009536,1788250669000,1788257389000,1,74.006,14.718,5.02826470987906,632578958264631296,1788250669000,929711155667009536,RJ47GA3528,6720000,1788257389000,38.85665556964057,74.006,1.8499999999985448,14.718430140015368,5.02811776092873,77.875,14.718430140015368,1788250669000-632578958264631296-929711155667009536,,,,,
1389243594644127744,1788235886000-632578958264631296-1389243594644127744,1788235886000,1788243858000,1,73.99,34.537,2.142340099024235,632578958264631296,1788235886000,1389243594644127744,NL01AJ6142,7972000,1788243858000,91.17832611416534,73.99,2.150000000000091,34.53724474021414,2.142324917825545,75.5,34.53724474021414,1788235886000-632578958264631296-1389243594644127744,"{'confidence': 70.5, 'count': 10, 'error_code': None, 'flags': {'alta-status': 'present', 'alta_partial': False, 'gps_dup_rows_count': 50}, 'load_class': 'HIGH', 'mean': 57318.582642384084, 'std': 10684.948610780602, 'timestamp': 1788243981946}",,,,
1525559056574447616,1788277906000-632578958264631296-1525559056574447616,1788277906000,1788283995000,1,73.625,23.08,3.189991334488735,632578958264631296,1788277906000,1525559056574447616,NL01AK6560,6089000,1788283995000,60.9304435117279,73.625,1.650000000000091,23.079713451412083,3.190030940158636,73.625,23.079713451412083,1788277906000-632578958264631296-1525559056574447616,,,,,
862677844923252736,1788224288000-632578958264631296-862677844923252736,1788224288000,1788230275000,1,73.538,23.481,3.1318086963928278,632578958264631296,1788224288000,862677844923252736,RJ47GA4377,5987000,1788230275000,61.99113573614338,73.538,1.7000000000007276,23.481490809145217,3.131743235457585,76.20000000001164,23.481490809145217,1788224288000-632578958264631296-862677844923252736,,['900758004234715136'],,900758004234715136,1.7032803755486385
1083727593376579584,1788247507000-632578958264631296-1083727593376579584,1788247507000,1788254561000,1,73.112,28.244,2.588585186234244,632578958264631296,1788247507000,1083727593376579584,RJ47GA6346,7054000,1788254561000,74.56344203064117,73.112,1.949999999999818,28.24372804190953,2.58861011165072,77.5,28.243728041909527,1788247507000-632578958264631296-1083727593376579584,,,,,
1111626569580806144,1788268408000-632578958264631296-1111626569580806144,1788268408000,1788275820000,1,73.011,31.636,2.307845492476925,632578958264631296,1788268408000,1111626569580806144,NL01AH6173,7412000,1788275820000,83.51810937450747,73.011,2.0,31.63564749034374,2.307871208335009,77.5,31.63564749034374,1788268408000-632578958264631296-1111626569580806144,"{'confidence': 50.4, 'count': 15, 'error_code': None, 'flags': {'alta-status': 'present', 'alta_partial': False, 'gps_dup_rows_count': 0}, 'load_class': 'HIGH', 'mean': 68959.63565833813, 'std': 26504.48633344727, 'timestamp': 1788275847119}",,,,
1132636843020386304,1788241486000-632578958264631296-1132636843020386304,1788241486000,1788247603000,1,73.0,13.913,5.246891396535614,632578958264631296,1788241486000,1132636843020386304,RJ47GA4655,6117000,1788247603000,36.730963589392886,73.0,0.0,13.913243783860942,5.246799462011756,73.0,13.913243783860942,1788241486000-632578958264631296-1132636843020386304,,,,,
936665179544879104,1788244479000-632578958264631296-936665179544879104,1788244479000,1788258356000,1,72.994,22.123,3.2994620982687697,632578958264631296,1788244479000,936665179544879104,RJ47GA4716,13877000,1788258356000,58.405852757945176,72.994,2.899999999999636,22.12342907497923,3.2993981065328373,74.40000000002328,22.12342907497923,1788244479000-632578958264631296-936665179544879104,"{'confidence': 0, 'count': 2, 'error_code': None, 'flags': {'alta-status': 'present', 'alta_partial': False, 'gps_dup_rows_count': 0}, 'load_class': 'LOW', 'mean': 26073.412496810382, 'std': 603.8794519317154, 'timestamp': 1788260198141}",,,,
873822835015942144,1788243341000-632578958264631296-873822835015942144,1788243341000,1788250567000,1,72.96,15.438,4.726000777302759,632578958264631296,1788243341000,873822835015942144,RJ14GN1589,7226000,1788250567000,40.7564882584704,72.96,2.0,15.43806373426909,4.725981266552548,68.20000000001164,15.438063734269091,1788243341000-632578958264631296-873822835015942144,"{'confidence': 38.2, 'count': 8, 'error_code': None, 'flags': {'alta-status': 'present', 'alta_partial': False, 'gps_dup_rows_count': 0}, 'load_class': 'LOW', 'mean': 25128.9559432008, 'std': 8780.825915129448, 'timestamp': 1788250575800}",['1096406669316849665'],,,1.6997022473532706
1094226778622263296,1788280621000-632578958264631296-1094226778622263296,1788280621000,1788289210000,1,72.698,32.527,2.2350047652719276,632578958264631296,1788280621000,1094226778622263296,RJ47GA6284,8589000,1788289210000,85.87004317662542,72.698,2.300000000000182,32.5265315062975,2.2350369570123036,77.29999999998836,32.5265315062975,1788280621000-632578958264631296-1094226778622263296,"{'confidence': 69.3, 'count': 5, 'error_code': None, 'flags': {'alta-status': 'present', 'alta_partial': False, 'gps_dup_rows_count': 0}, 'load_class': 'MEDIUM', 'mean': 41861.0232575874, 'std': 5754.732440286736, 'timestamp': 1788289214229}",,,,
1067793936933715968,1788269349000-632578958264631296-1067793936933715968,1788269349000,1788276306000,1,72.5,21.573,3.3606823343994807,632578958264631296,1788269349000,1067793936933715968,RJ47GA3357,6957000,1788276306000,56.95314855145648,72.5,1.8999999999998636,21.57316233009715,3.360657046503275,72.5,21.57316233009715,1788269349000-632578958264631296-1067793936933715968,,,,,
1089954932305428480,1788233734000-632578958264631296-1089954932305428480,1788233734000,1788241571000,1,72.154,33.136,2.177510864316755,632578958264631296,1788233734000,1089954932305428480,RJ47GA3362,7837000,1788241571000,87.47803876019388,72.154,2.149999999999636,33.13562074249768,2.1775357872641203,77.125,33.13562074249768,1788233734000-632578958264631296-1089954932305428480,"{'confidence': 70.8, 'count': 12, 'error_code': None, 'flags': {'alta-status': 'present', 'alta_partial': False, 'gps_dup_rows_count': 0}, 'load_class': 'HIGH', 'mean': 61913.367634545524, 'std': 12527.878894420384, 'timestamp': 1788241694674}",,,,
1083726988146900992,1788229645000-632578958264631296-1083726988146900992,1788229645000,1788235773000,1,72.153,27.916,2.5846467975354637,632578958264631296,1788229645000,1083726988146900992,RJ47GA6307,6128000,1788235773000,73.69785296846338,72.153,1.6499999999996362,27.91585339714522,2.584660371062797,76.90000000002328,27.91585339714522,1788229645000-632578958264631296-1083726988146900992,,,,,
943858330336493568,1788230445000-632578958264631296-943858330336493568,1788230445000,1788237401000,1,72.072,22.625,3.1855027624309393,632578958264631296,1788230445000,943858330336493568,RJ47GA3486,6956000,1788237401000,59.730233353730824,72.072,1.8999999999996362,22.625088391564706,3.185490317327138,71.5,22.625088391564706,1788230445000-632578958264631296-943858330336493568,,,,,
1094588896550846464,1788223405000-632578958264631296-1094588896550846464,1788223405000,1788235825000,1,72.063,34.906,2.0644874806623505,632578958264631296,1788223405000,1094588896550846464,RJ47GA5976,12420000,1788235825000,92.15263810757676,72.063,3.4000000000005457,34.90630231347605,2.0644696007282075,74.33499999999185,34.90630231347605,1788223405000-632578958264631296-1094588896550846464,"{'confidence': 56.8, 'count': 4, 'error_code': None, 'flags': {'alta-status': 'present', 'alta_partial': False, 'gps_dup_rows_count': 0}, 'load_class': 'HIGH', 'mean': 73192.94621832264, 'std': 12656.119168265528, 'timestamp': 1788235848224}",,,,
1362128357327634432,1788227846000-632578958264631296-1362128357327634432,1788227846000,1788234633000,1,71.971,21.448,3.355604252144722,632578958264631296,1788227846000,1362128357327634432,NL01AJ4203,6787000,1788234633000,56.623146601409104,71.971,1.849999999999909,21.44816159144284,3.355578970866866,75.375,21.44816159144284,1788227846000-632578958264631296-1362128357327634432,,,,,
1536014603211767808,1788262759000-632578958264631296-1536014603211767808,1788262759000,1788269945000,1,71.968,28.214,2.5507903877507623,632578958264631296,1788262759000,1536014603211767808,NL01AK9193,7186000,1788269945000,74.48449174608973,71.968,2.0,28.213822631094594,2.550806423539493,74.25,28.213822631094594,1788262759000-632578958264631296-1536014603211767808,,,,,
1464269416886697984,1788227296000-632578958264631296-1464269416886697984,1788227296000,1788234074000,1,71.951,21.88,3.2884369287020108,632578958264631296,1788227296000,1464269416886697984,NL01AK1963,6778000,1788234074000,57.76300131954454,71.951,1.849999999999909,21.87992474225172,3.288448239543411,74.125,21.87992474225172,1788227296000-632578958264631296-1464269416886697984,,,,,
1135529735623802880,1788243457000-632578958264631296-1135529735623802880,1788243457000,1788249884000,1,71.924,27.736,2.5931641188347276,632578958264631296,1788243457000,1135529735623802880,RJ47GA6233,6427000,1788249884000,73.22337190328648,71.924,1.699999999999818,27.736125720941846,2.5931523646683865,74.59999999997672,27.736125720941846,1788243457000-632578958264631296-1135529735623802880,,,,,
938817698895233024,1788237922000-632578958264631296-938817698895233024,1788237922000,1788245763000,1,71.913,15.409,4.666947887598156,632578958264631296,1788237922000,938817698895233024,RJ47GA2715,7841000,1788245763000,40.67932224113693,71.913,2.149999999999636,15.408834182248835,4.666998109619782,73.25,13.641857455486093,1788237922000-632578958264631296-938817698895233024,"{'confidence': 59.6, 'count': 10, 'error_code': None, 'flags': {'alta-status': 'present', 'alta_partial': False, 'gps_dup_rows_count': 0}, 'load_class': 'LOW', 'mean': 19692.13125192628, 'std': 5031.830561497735, 'timestamp': 1788245780817}",,,,
948575900767617024,1788237871000-632578958264631296-948575900767617024,1788237871000,1788245800000,1,71.905,17.975,4.000278164116828,632578958264631296,1788237871000,948575900767617024,RJ47GA4678,7929000,1788245800000,47.453299157554845,71.905,2.0,17.974734529376835,4.000337244618704,73.89999999999418,17.974734529376835,1788237871000-632578958264631296-948575900767617024,"{'confidence': 76.8, 'count': 23, 'error_code': None, 'flags': {'alta-status': 'present', 'alta_partial': False, 'gps_dup_rows_count': 0}, 'load_class': 'LOW', 'mean': 18705.17329021861, 'std': 4171.320904871397, 'timestamp': 1788245923397}",,,,
798236529196531712,1788236765000-632578958264631296-798236529196531712,1788236765000,1788242732000,1,71.823,24.295,2.9562873019139735,632578958264631296,1788236765000,798236529196531712,RJ47GA3075,5967000,1788242732000,64.13812012528017,71.823,1.6000000000003638,24.294742471697035,2.956318639050098,80.5,24.294742471697035,1788236765000-632578958264631296-798236529196531712,,['900758004205355009'],,900758004205355009,
1476549608761982976,1788271514000-632578958264631296-1476549608761982976,1788271514000,1788278458000,1,71.735,12.161,5.898774771811529,632578958264631296,1788271514000,1476549608761982976,NL01AK3039,6944000,1788278458000,32.10564076974404,71.735,1.900000000000091,12.161227564296984,5.8986643922855375,75.625,12.161227564296984,1788271514000-632578958264631296-1476549608761982976,,,,,
938817698895233024,1788303561000-632578958264631296-938817698895233024,1788303561000,1788311282000,1,71.724,30.594,2.3443812512257307,632578958264631296,1788303561000,938817698895233024,RJ47GA2715,7721000,1788311282000,80.76815999995452,71.724,2.099999999998545,30.59399999998277,2.344381251227051,73.375,30.59399999998277,1788303561000-632578958264631296-938817698895233024,"{'confidence': 68.7, 'count': 7, 'error_code': None, 'flags': {'alta-status': 'present', 'alta_partial': False, 'gps_dup_rows_count': 0}, 'load_class': 'HIGH', 'mean': 48339.54268653838, 'std': 8010.280069163618, 'timestamp': 1788311293643}",,,,
943458912718290944,1788258691000-632578958264631296-943458912718290944,1788258691000,1788265907000,1,71.712,15.441,4.644258791529046,632578958264631296,1788258691000,943458912718290944,RJ14GP9556,7216000,1788265907000,40.76384360074008,71.712,1.949999999999818,15.440849848765183,4.6443039536282305,74.29999999998836,15.440849848765183,1788258691000-632578958264631296-943458912718290944,"{'confidence': 27, 'count': 5, 'error_code': None, 'flags': {'alta-status': 'present', 'alta_partial': False, 'gps_dup_rows_count': 0}, 'load_class': 'LOW', 'mean': 16709.670993231226, 'std': 5458.423101746064, 'timestamp': 1788269134783}",,,,
1083728677599969280,1788242777000-632578958264631296-1083728677599969280,1788242777000,1788249285000,1,71.663,28.499,2.5145794589283836,632578958264631296,1788242777000,1083728677599969280,RJ47GA6359,6508000,1788249285000,75.23604584811729,71.663,1.7546527777777778,28.49850221519594,2.5146233812171337,74.70000000000027,28.46569295823425,1788242777000-632578958264631296-1083728677599969280,,,,,
964170762879500288,1788235792000-632578958264631296-964170762879500288,1788235792000,1788242108000,1,71.632,31.708,2.259114419074051,632578958264631296,1788235792000,964170762879500288,RJ47GA4713,6316000,1788242108000,83.7081656040978,71.632,1.7000000000007276,31.70763848640068,2.259140176292939,74.59999999997672,31.70763848640068,1788235792000-632578958264631296-964170762879500288,,,,,
873916972050415616,1788267911000-632578958264631296-873916972050415616,1788267911000,1788274013000,1,71.53,16.107,4.440926305333085,632578958264631296,1788267911000,873916972050415616,RJ14GN1586,6102000,1788274013000,42.523061184443584,71.53,1.7000000000007276,16.10722014562257,4.440865608920083,74.70000000001164,16.10722014562257,1788267911000-632578958264631296-873916972050415616,,,,,0.0
1477629515881512960,1788269643000-632578958264631296-1477629515881512960,1788269643000,1788277150000,1,71.25,12.5,5.7,632578958264631296,1788269643000,1477629515881512960,NL01AK3041,7507000,1788277150000,33.0,71.25,2.050000000000182,12.5,5.7,71.25,12.5,1788269643000-632578958264631296-1477629515881512960,"{'confidence': 55.1, 'count': 9, 'error_code': None, 'flags': {'alta-status': 'present', 'alta_partial': False, 'gps_dup_rows_count': 0}, 'load_class': 'LOW', 'mean': 16732.052510077287, 'std': 4506.931068799815, 'timestamp': 1788277246458}",,,,
1050781444223270912,1788269616000-632578958264631296-1050781444223270912,1788269616000,1788276745000,1,71.239,15.205,4.685235120026308,632578958264631296,1788269616000,1050781444223270912,RJ47GA5621,7129000,1788276745000,40.14199205415894,71.239,1.9500000000007276,15.205300020514748,4.685142674191597,74.29999999998836,15.205300020514748,1788269616000-632578958264631296-1050781444223270912,,,,,
951557397191589888,1788223737000-632578958264631296-951557397191589888,1788223737000,1788230686000,1,71.187,27.29,2.6085379259802126,632578958264631296,1788223737000,951557397191589888,RJ47GA3883,6949000,1788230686000,72.04520557476376,71.187,1.8999999999996362,27.28985059650142,2.6085522069192355,72.625,27.28985059650142,1788223737000-632578958264631296-951557397191589888,,,,,
1500145408670695424,1788221236000-632578958264631296-1500145408670695424,1788221236000,1788228694000,1,71.183,38.153,1.8657248447042174,632578958264631296,1788221236000,1500145408670695424,NL01AK3125,7458000,1788228694000,100.72333022601146,71.183,2.050000000000182,38.15277660076191,1.8657357692435543,72.625,38.15277660076191,1788221236000-632578958264631296-1500145408670695424,"{'confidence': 67.1, 'count': 15, 'error_code': None, 'flags': {'alta-status': 'present', 'alta_partial': False, 'gps_dup_rows_count': 0}, 'load_class': 'HIGH', 'mean': 61476.23622821535, 'std': 15658.037614325807, 'timestamp': 1788228755301}",,,,
1135598313102376960,1788247921000-632578958264631296-1135598313102376960,1788247921000,1788254578000,1,71.182,24.823,2.8675824839866255,632578958264631296,1788247921000,1135598313102376960,RJ47GA6228,6657000,1788254578000,65.53324580591125,71.182,1.8500000000003638,24.823199168905777,2.867559475942349,75.39999999999418,24.823199168905777,1788247921000-632578958264631296-1135598313102376960,,,,,
1536014758619119616,1788221240000-632578958264631296-1536014758619119616,1788221240000,1788227716000,1,71.152,33.325,2.135093773443361,632578958264631296,1788221240000,1536014758619119616,RJ47GA8942,6476000,1788227716000,87.97877148696394,71.152,1.6999999999999886,33.32529222991058,2.1350750507789598,,33.32529222991058,1788221240000-632578958264631296-1536014758619119616,,,,,
1067771070980816896,1788223700000-632578958264631296-1067771070980816896,1788223700000,1788230741000,1,71.092,27.421,2.5926115021334013,632578958264631296,1788223700000,1067771070980816896,RJ47GA3902,7041000,1788230741000,72.39155532716346,71.092,1.8999999999996362,27.42104368453161,2.5926073718376905,70.125,27.42104368453161,1788223700000-632578958264631296-1067771070980816896,,,,,
1505916014645215232,1788230762000-632578958264631296-1505916014645215232,1788230762000,1788235941000,1,71.065,22.644,3.1383589471824767,632578958264631296,1788230762000,1505916014645215232,RJ47GA8530,5179000,1788235941000,59.7809621865298,71.065,1.3999999999998636,22.644303858534013,3.1383168342893244,75.20999999999913,22.644303858534013,1788230762000-632578958264631296-1505916014645215232,,,,,
1536014596580573184,1788230762000-632578958264631296-1536014596580573184,1788230762000,1788235904000,1,71.013,23.381,3.0372097001839102,632578958264631296,1788230762000,1536014596580573184,NL01AK9192,5142000,1788235904000,61.7249353165322,71.013,1.3999999999999773,23.38065731686826,3.037254215636051,72.88999999999942,23.38065731686826,1788230762000-632578958264631296-1536014596580573184,,,,,
944574738938724352,1788261193000-632578958264631296-944574738938724352,1788261193000,1788269219000,1,70.851,26.897,2.6341599434881213,632578958264631296,1788261193000,944574738938724352,RJ47GA3524,8026000,1788269219000,71.0081783334055,70.851,2.2000000000007276,26.89703724750208,2.634156295655943,67.875,26.89703724750208,1788261193000-632578958264631296-944574738938724352,"{'confidence': 59.4, 'count': 7, 'error_code': None, 'flags': {'alta-status': 'present', 'alta_partial': False, 'gps_dup_rows_count': 0}, 'load_class': 'HIGH', 'mean': 46023.12346619253, 'std': 9898.94078291423, 'timestamp': 1788270918258}",,,,
944574738938724352,1788252354000-632578958264631296-944574738938724352,1788252354000,1788258954000,1,70.765,25.758,2.747301809146673,632578958264631296,1788252354000,944574738938724352,RJ47GA3524,6600000,1788258954000,68.00214914456214,70.765,1.8499999999985448,25.758389827485658,2.7472602314795993,67.5,25.758389827485658,1788252354000-632578958264631296-944574738938724352,,,,,
947925198747729920,1788273496000-632578958264631296-947925198747729920,1788273496000,1788280177000,1,70.685,22.64,3.1221289752650176,632578958264631296,1788273496000,947925198747729920,RJ47GA3426,6681000,1788280177000,59.77019968652178,70.685,1.7999999999992724,22.64022715398552,3.1220976503125244,73.75,22.64022715398552,1788273496000-632578958264631296-947925198747729920,,,,,
1152270135390633984,1788232016000-902855557075959808-1152270135390633984,1788232016000,1788238457000,1,70.67,22.999,3.0727422931431803,902855557075959808,1788232016000,1152270135390633984,RJ47GA6196,6441000,1788238457000,60.71857721610909,70.67,1.75,22.999461066707987,3.072680694344431,73.40000000002328,22.999461066707987,1788232016000-902855557075959808-1152270135390633984,,,,,
1073664045493518336,1788287923000-632578958264631296-1073664045493518336,1788287923000,1788299657000,1,70.576,27.053,2.608804938454145,632578958264631296,1788287923000,1073664045493518336,RJ47GA5839,11734000,1788299657000,71.41973662944757,70.576,3.25,27.05293054145741,2.608811636574656,73.08500000002095,27.05293054145741,1788287923000-632578958264631296-1073664045493518336,"{'confidence': 41.8, 'count': 3, 'error_code': None, 'flags': {'alta-status': 'present', 'alta_partial': False, 'gps_dup_rows_count': 0}, 'load_class': 'LOW', 'mean': 32720.13130944011, 'std': 6597.127200748671, 'timestamp': 1788299728024}",,,,
1083726517403385856,1788240731000-632578958264631296-1083726517403385856,1788240731000,1788248724000,1,70.567,31.488,2.241075965447154,632578958264631296,1788240731000,1083726517403385856,RJ47GA6316,7993000,1788248724000,83.12816000220575,70.567,2.199999999999818,31.4879393947749,2.24108027887369,75.39999999999418,31.487939394774905,1788240731000-632578958264631296-1083726517403385856,"{'confidence': 46.2, 'count': 8, 'error_code': None, 'flags': {'alta-status': 'present', 'alta_partial': False, 'gps_dup_rows_count': 14}, 'load_class': 'HIGH', 'mean': 65274.24001485526, 'std': 19860.354269986077, 'timestamp': 1788248847724}",,,,
1076923968528580608,1788221520000-632578958264631296-1076923968528580608,1788221520000,1788228737000,1,70.556,27.482,2.5673531766247,632578958264631296,1788221520000,1076923968528580608,RJ47GA3821,7217000,1788228737000,72.55139715378961,70.556,1.9499999999999886,27.48158983098091,2.567391494958559,71.0,27.48158983098091,1788221520000-632578958264631296-1076923968528580608,"{'confidence': 73.5, 'count': 7, 'error_code': None, 'flags': {'alta-status': 'present', 'alta_partial': False, 'gps_dup_rows_count': 0}, 'load_class': 'HIGH', 'mean': 60273.91235211412, 'std': 8453.504117139784, 'timestamp': 1788228764375}",,,,
947091862986948608,1788238492000-632578958264631296-947091862986948608,1788238492000,1788252425000,1,70.556,44.732,1.5773048377000805,632578958264631296,1788238492000,947091862986948608,RJ47GA3376,13933000,1788252425000,118.09350847098163,70.556,3.850000000000364,44.732389572341525,1.577291101024155,72.0,44.732389572341525,1788238492000-632578958264631296-947091862986948608,"{'confidence': 74.7, 'count': 6, 'error_code': None, 'flags': {'alta-status': 'present', 'alta_partial': False, 'gps_dup_rows_count': 0}, 'load_class': 'HIGH', 'mean': 50372.331241325715, 'std': 6251.054949183427, 'timestamp': 1788252481327}",,,,
787647951882158080,1788256153000-632578958264631296-787647951882158080,1788256153000,1788261997000,1,70.475,11.925,5.90985324947589,632578958264631296,1788256153000,787647951882158080,RJ47GA2574,5844000,1788261997000,31.481403055427272,70.475,1.5499999999992724,11.924773884631541,5.909965311025902,,11.924773884631541,1788256153000-632578958264631296-787647951882158080,,['900758004192772101'],,900758004192772101,
794950170587430912,1788235845000-632578958264631296-794950170587430912,1788235845000,1788242999000,1,70.434,25.419,2.770919391006727,632578958264631296,1788235845000,794950170587430912,RJ47GA2696,7154000,1788242999000,67.10723143799417,70.434,1.9499999999989086,25.419405847725066,2.7708751503451663,79.19999999995343,25.419405847725066,1788235845000-632578958264631296-794950170587430912,,['900758004192772105'],,900758004192772105,
1083039951072788480,1788246316000-632578958264631296-1083039951072788480,1788246316000,1788252383000,1,70.386,25.76,2.7323757763975154,632578958264631296,1788246316000,1083039951072788480,RJ47GA5903,6067000,1788252383000,68.00760668039942,70.386,1.6500000000005457,25.760457075908867,2.732327294992947,73.5,25.760457075908864,1788246316000-632578958264631296-1083039951072788480,,,,,
1082303861131051008,1788274646000-632578958264631296-1082303861131051008,1788274646000,1788283914000,1,70.362,34.08,2.064612676056338,632578958264631296,1788274646000,1082303861131051008,RJ47GA5902,9268000,1788283914000,89.97091088334463,70.362,2.550000000000182,34.07989048611539,2.064619310577492,75.0,34.079890486115396,1788274646000-632578958264631296-1082303861131051008,"{'confidence': 0, 'count': 2, 'error_code': None, 'flags': {'alta-status': 'present', 'alta_partial': False, 'gps_dup_rows_count': 0}, 'load_class': 'HIGH', 'mean': 46900.172386261576, 'std': 10788.620690626842, 'timestamp': 1788283975394}",,,,
1138167953473142784,1788258038000-632578958264631296-1138167953473142784,1788258038000,1788265428000,1,70.2,31.945,2.197526999530443,632578958264631296,1788258038000,1138167953473142784,RJ47GA6240,7390000,1788265428000,84.33546553312524,70.19999999998254,1.8500000000003638,31.945252095880775,2.197509657750817,70.19999999998254,31.945252095880775,1788258038000-632578958264631296-1138167953473142784,"{'confidence': 82.8, 'count': 5, 'error_code': None, 'flags': {'alta-status': 'present', 'alta_partial': False, 'gps_dup_rows_count': 0}, 'load_class': 'HIGH', 'mean': 52385.465494393065, 'std': 4030.1555698538577, 'timestamp': 1788269043142}",,,,
1083726789898928128,1788241729000-632578958264631296-1083726789898928128,1788241729000,1788249128000,1,69.967,23.851,2.9335038363171355,632578958264631296,1788241729000,1083726789898928128,RJ47GA6312,7399000,1788249128000,62.966612913118034,69.967,1.949999999999818,23.850989739817436,2.9335050982473634,74.30000000001746,23.850989739817436,1788241729000-632578958264631296-1083726789898928128,"{'confidence': 33.4, 'count': 6, 'error_code': None, 'flags': {'alta-status': 'present', 'alta_partial': False, 'gps_dup_rows_count': 0}, 'load_class': 'HIGH', 'mean': 74559.95580105606, 'std': 24315.253726438143, 'timestamp': 1788249254574}",,,,
946026878085365760,1788303700000-632578958264631296-946026878085365760,1788303700000,1788311043000,1,69.957,28.641,2.44254739708809,632578958264631296,1788303700000,946026878085365760,RJ47GA4715,7343000,1788311043000,75.61268501468217,69.957,0.0,28.641168566167487,2.4425330215973458,71.69999999998254,28.641168566167487,1788303700000-632578958264631296-946026878085365760,"{'confidence': 57, 'count': 11, 'error_code': None, 'flags': {'alta-status': 'present', 'alta_partial': False, 'gps_dup_rows_count': 0}, 'load_class': 'HIGH', 'mean': 53693.37304027068, 'std': 15329.406896098046, 'timestamp': 1788311051714}",,,,
1537822792169291776,1788279316000-632578958264631296-1537822792169291776,1788279316000,1788285157000,1,69.876,21.119,3.3086793882286094,632578958264631296,1788279316000,1537822792169291776,NL01AK8056,5841000,1788285157000,55.754022447983,69.876,1.5499999999999545,21.118947896963256,3.30868755114679,71.80500000000029,21.118947896963256,1788279316000-632578958264631296-1537822792169291776,,,,,
1183367596062277632,1788261243000-632578958264631296-1183367596062277632,1788261243000,1788267363000,1,69.818,26.183,2.6665393575984417,632578958264631296,1788261243000,1183367596062277632,RJ47GA6402,6120000,1788267363000,69.12407835667759,69.818,1.6500000000005457,26.183363013893025,2.6665023879077037,74.40000000002328,26.183363013893025,1788261243000-632578958264631296-1183367596062277632,,,,,
1364616390270517248,1788261160000-632578958264631296-1364616390270517248,1788261160000,1788267233000,1,69.806,24.225,2.88156862745098,632578958264631296,1788261160000,1364616390270517248,NL01AJ4204,6073000,1788267233000,63.953884733236144,69.806,1.6499999999996362,24.224956338347024,2.8815738210227533,73.375,24.224956338347024,1788261160000-632578958264631296-1364616390270517248,,,,,
944587945103327232,1788303765000-632578958264631296-944587945103327232,1788303765000,1788311663000,1,69.701,17.77,3.9223972988182325,632578958264631296,1788303765000,944587945103327232,RJ47GA3791,7898000,1788311663000,46.91276201484965,69.701,2.149999999999636,17.76998561168547,3.9224004747738737,68.375,17.76998561168547,1788303765000-632578958264631296-944587945103327232,"{'confidence': 14.2, 'count': 5, 'error_code': None, 'flags': {'alta-status': 'present', 'alta_partial': False, 'gps_dup_rows_count': 0}, 'load_class': 'LOW', 'mean': 11317.076658043257, 'std': 4344.073533410047, 'timestamp': 1788311674402}",,,,
1067772524470730752,1788237721000-632578958264631296-1067772524470730752,1788237721000,1788244095000,1,69.64,14.713,4.73322911710732,632578958264631296,1788237721000,1067772524470730752,RJ47GA6418,6374000,1788244095000,38.84103310004677,69.64,1.75,14.712512537896504,4.733385940750855,71.5,12.454013052710168,1788237721000-632578958264631296-1067772524470730752,,,,,
1540361830973571072,1788222079000-632578958264631296-1540361830973571072,1788222079000,1788227886000,1,69.619,19.343,3.5991831670371712,632578958264631296,1788222079000,1540361830973571072,NL01AK8390,5807000,1788227886000,51.066661943120465,69.619,1.6000000000000227,19.343432554212296,3.59910268277796,71.76499999999942,19.343432554212296,1788222079000-632578958264631296-1540361830973571072,,,,,
939547788868321280,1788257279000-632578958264631296-939547788868321280,1788257279000,1788263907000,1,69.617,21.217,3.2811896121035025,632578958264631296,1788257279000,939547788868321280,RJ14GH7603,6628000,1788263907000,56.0141609252149,69.617,0.0,21.217485198945038,3.2811145782470703,,0.001,1788257279000-632578958264631296-939547788868321280,,,,,
1081614639520808960,1788271144000-632578958264631296-1081614639520808960,1788271144000,1788277648000,1,69.596,16.762,4.152010499940341,632578958264631296,1788271144000,1081614639520808960,RJ47GA5704,6504000,1788277648000,44.25139798897375,69.596,1.800000000000182,16.76189317764157,4.152036960409283,66.5,16.76189317764157,1788271144000-632578958264631296-1081614639520808960,,,,,
1088512574191828992,1788246357000-632578958264631296-1088512574191828992,1788246357000,1788254019000,1,69.422,26.81,2.5894069377098097,632578958264631296,1788246357000,1088512574191828992,RJ47GA5705,7662000,1788254019000,70.77849580833431,69.422,2.0499999999992724,26.810036291035722,2.589403432594835,71.80000000004657,26.810036291035722,1788246357000-632578958264631296-1088512574191828992,"{'confidence': 55.4, 'count': 11, 'error_code': None, 'flags': {'alta-status': 'present', 'alta_partial': False, 'gps_dup_rows_count': 2}, 'load_class': 'HIGH', 'mean': 42291.12737436772, 'std': 12520.247223761366, 'timestamp': 1788254028410}",,,,
1079795397515280384,1788246426000-632578958264631296-1079795397515280384,1788246426000,1788253942000,1,69.42,25.697,2.701482663345916,632578958264631296,1788246426000,1079795397515280384,RJ47GA5725,7516000,1788253942000,67.83960519387897,69.42,2.0,25.696820149196576,2.7015015708926327,72.29999999998836,25.696820149196576,1788246426000-632578958264631296-1079795397515280384,"{'confidence': 64.9, 'count': 10, 'error_code': None, 'flags': {'alta-status': 'present', 'alta_partial': False, 'gps_dup_rows_count': 0}, 'load_class': 'HIGH', 'mean': 40880.297371169094, 'std': 9087.276205974727, 'timestamp': 1788254007823}",,,,
935951856658546688,1788306463000-632578958264631296-935951856658546688,1788306463000,1788314652000,1,69.338,29.434,2.355711082421689,632578958264631296,1788306463000,935951856658546688,RJ47GA4709,8189000,1788314652000,77.70557732802357,69.338,2.199999999999818,29.433930806069533,2.3557166202789976,72.09999999999854,29.433930806069533,1788306463000-632578958264631296-935951856658546688,"{'confidence': 77.9, 'count': 14, 'error_code': None, 'flags': {'alta-status': 'present', 'alta_partial': False, 'gps_dup_rows_count': 0}, 'load_class': 'MEDIUM', 'mean': 43417.79502302462, 'std': 7190.37361329407, 'timestamp': 1788314656367}",,,,
943856131652976640,1788223902000-632578958264631296-943856131652976640,1788223902000,1788229673000,1,69.205,28.169,2.4567787283893643,632578958264631296,1788223902000,943856131652976640,RJ47GA3743,5771000,1788229673000,74.36555076910483,69.205,1.6000000000003638,28.168769230721526,2.4567988552557485,71.25,28.168769230721526,1788223902000-632578958264631296-943856131652976640,,,,,
1067775063052255232,1788258900000-632578958264631296-1067775063052255232,1788258900000,1788266442000,1,69.121,28.949,2.38768178520847,632578958264631296,1788258900000,1067775063052255232,RJ47GA3725,7542000,1788266442000,76.42471713297887,69.121,2.0500000000000114,28.948756489764722,2.387701869834678,72.25,28.948756489764722,1788258900000-632578958264631296-1067775063052255232,"{'confidence': 42.1, 'count': 10, 'error_code': None, 'flags': {'alta-status': 'present', 'alta_partial': False, 'gps_dup_rows_count': 0}, 'load_class': 'HIGH', 'mean': 64462.89323107889, 'std': 23621.83419352436, 'timestamp': 1788269319566}",,,,
1536014517601828864,1788250123000-632578958264631296-1536014517601828864,1788250123000,1788256038000,1,69.119,15.112,4.573782424563261,632578958264631296,1788250123000,1536014517601828864,NL01AK8407,5915000,1788256038000,39.89443634827121,69.119,1.6000000000000227,15.111528919799701,4.573925005658273,70.68000000000029,15.1115289197997,1788250123000-632578958264631296-1536014517601828864,,,,,
1081533146517733376,1788245318000-632578958264631296-1081533146517733376,1788245318000,1788251524000,1,69.015,18.928,3.646185545224007,632578958264631296,1788245318000,1081533146517733376,RJ47GA5872,6206000,1788251524000,49.96881625537542,69.015,1.7000000000007276,18.92758191491493,3.646266084608314,71.80000000004657,18.92758191491493,1788245318000-632578958264631296-1081533146517733376,,,,,
943818921138454528,1788256494000-632578958264631296-943818921138454528,1788256494000,1788263507000,1,68.604,14.675,4.674889267461669,632578958264631296,1788256494000,943818921138454528,RJ47GA3904,7013000,1788263507000,38.74074626383611,68.604,1.9500000000007276,14.67452509993792,4.675040557209598,72.375,12.97455273318028,1788256494000-632578958264631296-943818921138454528,,,,,
943818030159233024,1788254809000-632578958264631296-943818030159233024,1788254809000,1788262290000,1,68.589,14.092,4.8672296338348,632578958264631296,1788254809000,943818030159233024,RJ47GA3457,7481000,1788262290000,37.202187756951,68.589,2.0499999999992724,14.091737786723863,4.867320201247231,68.75,12.092260616439663,1788254809000-632578958264631296-943818030159233024,"{'confidence': 56.2, 'count': 10, 'error_code': None, 'flags': {'alta-status': 'present', 'alta_partial': False, 'gps_dup_rows_count': 0}, 'load_class': 'MEDIUM', 'mean': 29589.444859857038, 'std': 8203.209386220671, 'timestamp': 1788263197125}",,,,
1079778539525373952,1788255909000-632578958264631296-1079778539525373952,1788255909000,1788262818000,1,68.569,11.996,5.7159886628876295,632578958264631296,1788255909000,1079778539525373952,RJ47GA5724,6909000,1788262818000,31.668750574289856,68.569,1.800000000000182,11.995738853897672,5.716113099421173,69.80000000004657,11.995738853897672,1788255909000-632578958264631296-1079778539525373952,,,,,
1105914583932993536,1788254877000-632578958264631296-1105914583932993536,1788254877000,1788262243000,1,68.521,14.279,4.798725400938441,632578958264631296,1788254877000,1105914583932993536,RJ47GA3805,7366000,1788262243000,37.69645246796124,68.521,2.0499999999992724,14.278959268167133,4.798739089672846,66.875,9.778298499856236,1788254877000-632578958264631296-1105914583932993536,"{'confidence': 62.4, 'count': 8, 'error_code': None, 'flags': {'alta-status': 'present', 'alta_partial': False, 'gps_dup_rows_count': 0}, 'load_class': 'LOW', 'mean': 14748.718124219382, 'std': 3138.095095357875, 'timestamp': 1788263143767}",,,,
1081614639520808960,1788244146000-632578958264631296-1081614639520808960,1788244146000,1788250150000,1,68.184,16.721,4.077746546259195,632578958264631296,1788244146000,1081614639520808960,RJ47GA5704,6004000,1788250150000,44.14379166730198,68.184,1.6000000000003638,16.721133207311357,4.07771406128063,63.80000000001746,16.721133207311357,1788244146000-632578958264631296-1081614639520808960,,,,,
940246634145513472,1788246837000-632578958264631296-940246634145513472,1788246837000,1788252741000,1,68.127,25.828,2.6377187548397085,632578958264631296,1788246837000,940246634145513472,RJ14GN1596,5904000,1788252741000,68.18528277198514,68.127,1.6000000000003638,25.827758625751947,2.6377434057352915,70.5,25.827758625751947,1788246837000-632578958264631296-940246634145513472,,,,,
929717117048061952,1788225109000-632578958264631296-929717117048061952,1788225109000,1788232833000,1,68.088,16.232,4.194677180877279,632578958264631296,1788225109000,929717117048061952,RJ47GA3778,7724000,1788232833000,42.85128268279378,68.088,2.100000000000364,16.23154647075522,4.19479438528398,65.75,16.23154647075522,1788225109000-632578958264631296-929717117048061952,"{'confidence': 58.8, 'count': 10, 'error_code': None, 'flags': {'alta-status': 'present', 'alta_partial': False, 'gps_dup_rows_count': 0}, 'load_class': 'MEDIUM', 'mean': 30686.786969263787, 'std': 7997.069494111272, 'timestamp': 1788232843859}",,,,
939547788868321280,1788233104000-632578958264631296-939547788868321280,1788233104000,1788240425000,1,68.081,20.824,3.269352669996158,632578958264631296,1788233104000,939547788868321280,RJ14GH7603,7321000,1788240425000,54.97463428781785,68.081,0.0,20.82372510902191,3.2693958282470703,,0.001,1788233104000-632578958264631296-939547788868321280,"{'confidence': None, 'count': None, 'error_code': 'OBD_PREPROCESS_EMPTY', 'flags': {'alta-status': 'present', 'alta_partial': False, 'gps_dup_rows_count': 0}, 'load_class': None, 'mean': None, 'std': None, 'timestamp': 1788240460139}",,,,
791672232936996864,1788276005000-632578958264631296-791672232936996864,1788276005000,1788287816000,1,68.017,12.629,5.385778763164146,632578958264631296,1788276005000,791672232936996864,RJ47GA3334,11811000,1788287816000,33.3399326318632,68.017,3.25,12.628762360554243,5.385880109079423,76.19999999995343,12.628762360554243,1788276005000-632578958264631296-791672232936996864,"{'confidence': 0, 'count': 2, 'error_code': None, 'flags': {'alta-status': 'present', 'alta_partial': False, 'gps_dup_rows_count': 0}, 'load_class': 'MEDIUM', 'mean': 23775.26888570322, 'std': 8743.692512214382, 'timestamp': 1788287847413}",['900758004226326529'],,900758004226326529,
869905949161160704,1788237606000-632578958264631296-869905949161160704,1788237606000,1788243648000,1,67.892,19.685,3.4489204978409957,632578958264631296,1788237606000,869905949161160704,RJ47GA4504,6042000,1788243648000,51.96888175830625,67.892,1.6000000000003638,19.685182484206912,3.448888525898533,71.60000000003492,19.685182484206912,1788237606000-632578958264631296-869905949161160704,,,,,0.0
1525526061327056896,1788231778000-632578958264631296-1525526061327056896,1788231778000,1788237948000,1,67.763,22.792,2.973104598104598,632578958264631296,1788231778000,1525526061327056896,NL01AK6559,6170000,1788237948000,60.17018584343377,67.763,1.650000000000091,22.79173706190673,2.973138897484764,71.75,22.79173706190673,1788231778000-632578958264631296-1525526061327056896,,,,,
1476549608761982976,1788262728000-632578958264631296-1476549608761982976,1788262728000,1788269113000,1,67.648,11.851,5.708210277613703,632578958264631296,1788262728000,1476549608761982976,NL01AK3039,6385000,1788269113000,31.286056396515935,67.648,1.7000000000000455,11.850778938074217,5.708316757361856,71.25,11.850778938074217,1788262728000-632578958264631296-1476549608761982976,,,,,
1082007973238145024,1788226325000-632578958264631296-1082007973238145024,1788226325000,1788233178000,1,67.437,14.641,4.606037838945427,632578958264631296,1788226325000,1082007973238145024,RJ47GA5734,6853000,1788233178000,38.65254378559368,67.437,1.8499999999985448,14.641115070300634,4.606001638276536,71.60000000003492,14.641115070300634,1788226325000-632578958264631296-1082007973238145024,,,,,
1050036509840769024,1788264404000-632578958264631296-1050036509840769024,1788264404000,1788271499000,1,67.371,26.553,2.5372274319285952,632578958264631296,1788264404000,1050036509840769024,RJ47GA6390,7095000,1788271499000,70.1007045425072,67.371,1.949999999999818,26.55329717519212,2.5371990361687558,71.39999999999418,26.55329717519212,1788264404000-632578958264631296-1050036509840769024,,,,,
1536014550107684864,1788246965000-632578958264631296-1536014550107684864,1788246965000,1788252279000,1,67.328,21.047,3.198935715303844,632578958264631296,1788246965000,1536014550107684864,NL01AK9195,5314000,1788252279000,55.565069844075936,67.328,1.4500000000000455,21.047374940937853,3.1988787290069496,69.36499999999796,21.047374940937853,1788246965000-632578958264631296-1536014550107684864,,,,,
798236529196531712,1788242958000-632578958264631296-798236529196531712,1788242958000,1788248776000,1,67.318,20.995,3.2063824720171468,632578958264631296,1788242958000,798236529196531712,RJ47GA3075,5818000,1788248776000,55.42652988592338,67.318,1.5499999999992724,20.994897684061886,3.206398097910424,75.59999999997672,20.994897684061886,1788242958000-632578958264631296-798236529196531712,,['900758004205355009'],,900758004205355009,
1083726887294861312,1788264467000-632578958264631296-1083726887294861312,1788264467000,1788271440000,1,67.267,26.941,2.4968263984261907,632578958264631296,1788264467000,1083726887294861312,RJ47GA6339,6973000,1788271440000,71.12532566901568,67.267,1.8999999999996362,26.941411238263516,2.4967882864452213,72.0,26.941411238263516,1788264467000-632578958264631296-1083726887294861312,,,,,
1488160320575766528,1788233075000-632578958264631296-1488160320575766528,1788233075000,1788239422000,1,67.192,21.591,3.1120374230003236,632578958264631296,1788233075000,1488160320575766528,NL01AK3103,6347000,1788239422000,57.000647031060595,67.192,1.75,21.591154178432042,3.112015200517618,71.0,21.591154178432042,1788233075000-632578958264631296-1488160320575766528,,,,,
1135598313102376960,1788274914000-632578958264631296-1135598313102376960,1788274914000,1788283047000,1,66.747,36.009,1.8536199283512456,632578958264631296,1788274914000,1135598313102376960,RJ47GA6228,8133000,1788283047000,95.06417621254316,66.747,2.25,36.009157656266346,1.853611812782425,70.79999999998836,36.009157656266346,1788274914000-632578958264631296-1135598313102376960,"{'confidence': 68, 'count': 5, 'error_code': None, 'flags': {'alta-status': 'present', 'alta_partial': False, 'gps_dup_rows_count': 16}, 'load_class': 'HIGH', 'mean': 62551.68168696284, 'std': 8961.885414524933, 'timestamp': 1788283057977}",,,,
1135566388677574656,1788258079000-632578958264631296-1135566388677574656,1788258079000,1788264001000,1,66.724,22.674,2.942753814942225,632578958264631296,1788258079000,1135566388677574656,RJ47GA6238,5922000,1788264001000,59.8584987326108,66.724,1.6025000000003637,22.673673762352575,2.942796156430049,68.29999999998836,22.079649539400833,1788258079000-632578958264631296-1135566388677574656,,,,,
1536432469593554944,1788269046000-632578958264631296-1536432469593554944,1788269046000,1788277347000,1,66.4,16.32,4.068627450980393,632578958264631296,1788269046000,1536432469593554944,NL01AK8052,8301000,1788277347000,43.085495244723404,66.4,2.25,16.320263350274015,4.068561797986254,67.74499999999898,16.320263350274015,1788269046000-632578958264631296-1536432469593554944,"{'confidence': 42.8, 'count': 4, 'error_code': None, 'flags': {'alta-status': 'present', 'alta_partial': False, 'gps_dup_rows_count': 0}, 'load_class': 'LOW', 'mean': 30346.86702409406, 'std': 6940.345210263297, 'timestamp': 1788277354341}",,,,
1385588705250508800,1788245185000-632578958264631296-1385588705250508800,1788245185000,1788251187000,1,66.366,11.102,5.9778418303008465,632578958264631296,1788245185000,1385588705250508800,NL01AJ5691,6002000,1788251187000,29.30937576081025,66.366,1.6000000000003638,11.102036273034185,5.977822299247648,66.75,11.102036273034185,1788245185000-632578958264631296-1385588705250508800,,,,,
1571542304466927616,1788276522000-632578958264631296-1571542304466927616,1788276522000,1788283211000,1,66.233,11.917,5.55785852143996,632578958264631296,1788276522000,1571542304466927616,NL01AL0746,6689000,1788283211000,31.461160655172762,66.233,1.7999999999999545,11.91710630877756,5.557808941522658,67.91999999999825,11.917106308777562,1788276522000-632578958264631296-1571542304466927616,,,,,
1536014618822967296,1788273584000-632578958264631296-1536014618822967296,1788273584000,1788279426000,1,66.181,23.408,2.8272812713602185,632578958264631296,1788273584000,1536014618822967296,NL01AK9203,5842000,1788279426000,61.79827246044071,66.181,1.5499999999999545,23.40843653804572,2.827228546102857,68.375,23.40843653804572,1788273584000-632578958264631296-1536014618822967296,,,,,
1475452919183572992,1788254564000-632578958264631296-1475452919183572992,1788254564000,1788260962000,1,66.084,26.78,2.467662434652726,632578958264631296,1788254564000,1475452919183572992,NL01AK3038,6398000,1788260962000,70.69950168554564,66.084,1.75,26.78011427482789,2.4676519047611385,69.5,26.78011427482789,1788254564000-632578958264631296-1475452919183572992,,,,,
1422205425331208192,1788222346000-632578958264631296-1422205425331208192,1788222346000,1788233979000,1,66.068,42.5,1.554541176470588,632578958264631296,1788222346000,1422205425331208192,NL01AJ9003,11633000,1788233979000,112.2,66.068,3.149999999999636,42.5,1.554541176470588,71.0,42.5,1788222346000-632578958264631296-1422205425331208192,"{'confidence': 53.2, 'count': 10, 'error_code': None, 'flags': {'alta-status': 'present', 'alta_partial': False, 'gps_dup_rows_count': 0}, 'load_class': 'HIGH', 'mean': 46730.39100420842, 'std': 13821.116297515147, 'timestamp': 1788234155678}",,,,
1067764685513687040,1788255889000-632578958264631296-1067764685513687040,1788255889000,1788261778000,1,65.817,21.93,3.0012311901504787,632578958264631296,1788255889000,1067764685513687040,RJ47GA6297,5889000,1788261778000,57.895880055343476,65.817,1.6000000000003638,21.930257596721013,3.001195937153099,70.30000000001746,21.930257596721013,1788255889000-632578958264631296-1067764685513687040,,,,,
1067776270814674944,1788272891000-632578958264631296-1067776270814674944,1788272891000,1788278813000,1,65.75,20.813,3.1590832652669008,632578958264631296,1788272891000,1067776270814674944,RJ47GA6416,5922000,1788278813000,54.946832541641314,65.75,0.0,20.813194144561102,3.159053797476913,66.69999999998254,20.813194144561102,1788272891000-632578958264631296-1067776270814674944,,,,,
1073278104413143040,1788267644000-632578958264631296-1073278104413143040,1788267644000,1788273519000,1,65.628,18.689,3.511584354433089,632578958264631296,1788267644000,1073278104413143040,RJ47GA3367,5875000,1788273519000,49.337843824327564,65.628,1.5999999999985448,18.688577206184682,3.511663797406764,,18.688577206184682,1788267644000-632578958264631296-1073278104413143040,,,,,
1101157025884143616,1788305554000-632578958264631296-1101157025884143616,1788305554000,1788313544000,1,65.58,32.363,2.0263881593177393,632578958264631296,1788305554000,1101157025884143616,RJ47GA5517,7990000,1788313544000,85.43752471575816,65.58,2.1999999999989086,32.362698755969,2.0264070216920453,68.5,32.362698755969,1788305554000-632578958264631296-1101157025884143616,"{'confidence': 78.7, 'count': 12, 'error_code': None, 'flags': {'alta-status': 'present', 'alta_partial': False, 'gps_dup_rows_count': 0}, 'load_class': 'HIGH', 'mean': 43605.71623937223, 'std': 6427.164264922174, 'timestamp': 1788313553632}",,,,
935627425390264320,1788238576000-632578958264631296-935627425390264320,1788238576000,1788243999000,1,65.566,22.548,2.9078410502040097,632578958264631296,1788238576000,935627425390264320,RJ47GA4714,5423000,1788243999000,59.52715923921678,65.566,1.4500000000007276,22.548166378491203,2.9078195938160056,67.5,22.548166378491203,1788238576000-632578958264631296-935627425390264320,,,,,
1536014577374855168,1788248528000-632578958264631296-1536014577374855168,1788248528000,1788255150000,1,65.518,24.226,2.7044497647155947,632578958264631296,1788248528000,1536014577374855168,NL01AK9194,6622000,1788255150000,63.95678316832072,65.518,1.7999999999999545,24.226054230424513,2.7044437107599064,67.30999999999767,24.226054230424513,1788248528000-632578958264631296-1536014577374855168,,,,,
1499777554695847936,1788254464000-632578958264631296-1499777554695847936,1788254464000,1788260808000,1,65.493,27.59,2.373794853207684,632578958264631296,1788254464000,1499777554695847936,NL01AK3108,6344000,1788260808000,72.83690911010389,65.493,1.75,27.589738299281773,2.3738173696886764,68.875,27.589738299281773,1788254464000-632578958264631296-1499777554695847936,,,,,
1545824482457812992,1788248448000-632578958264631296-1545824482457812992,1788248448000,1788255441000,1,65.491,23.055,2.840641943179354,632578958264631296,1788248448000,1545824482457812992,NL01AK8869,6993000,1788255441000,60.86602712051113,65.491,1.8999999999999773,23.05531330322391,2.8406033411327423,67.61000000000058,23.05531330322391,1788248448000-632578958264631296-1545824482457812992,,,,,
952162532812914688,1788227977000-632578958264631296-952162532812914688,1788227977000,1788235760000,1,65.36,16.009,4.082703479292897,632578958264631296,1788227977000,952162532812914688,RJ47GA4523,7783000,1788235760000,42.26329041899324,65.36,0.0,16.008822128406532,4.082748841591741,67.25,16.008822128406532,1788227977000-632578958264631296-952162532812914688,"{'confidence': 81.7, 'count': 20, 'error_code': None, 'flags': {'alta-status': 'present', 'alta_partial': False, 'gps_dup_rows_count': 0}, 'load_class': 'LOW', 'mean': 22038.238288005286, 'std': 3597.401619049102, 'timestamp': 1788235925374}",,,,
1070334753032372224,1788273567000-632578958264631296-1070334753032372224,1788273567000,1788279543000,1,65.334,20.749,3.1487782543737053,632578958264631296,1788273567000,1070334753032372224,RJ47GA4000,5976000,1788279543000,54.77818493443759,65.334,1.2999999999992724,20.749312475165752,3.148730835211835,67.25,20.749312475165752,1788273567000-632578958264631296-1070334753032372224,,['1096406669480427549'],,,
947925198747729920,1788227923000-632578958264631296-947925198747729920,1788227923000,1788235761000,1,65.321,14.853,4.397832087793712,632578958264631296,1788227923000,947925198747729920,RJ47GA3426,7838000,1788235761000,39.213215989450866,65.321,2.149999999999636,14.853490905095025,4.397686740266133,67.625,14.853490905095027,1788227923000-632578958264631296-947925198747729920,"{'confidence': 59.7, 'count': 13, 'error_code': None, 'flags': {'alta-status': 'present', 'alta_partial': False, 'gps_dup_rows_count': 0}, 'load_class': 'LOW', 'mean': 24680.047138537622, 'std': 7169.995816410868, 'timestamp': 1788235924767}",,,,
1067776270814674944,1788226663000-632578958264631296-1067776270814674944,1788226663000,1788232350000,1,65.273,23.116,2.823715175635923,632578958264631296,1788226663000,1067776270814674944,RJ47GA6416,5687000,1788232350000,61.025872797471756,65.273,0.0,23.11586090813324,2.823732166385977,67.29999999998836,23.11586090813324,1788226663000-632578958264631296-1067776270814674944,,,,,
792451319469178880,1788227189000-632578958264631296-792451319469178880,1788227189000,1788232033000,1,65.262,19.137,3.4102523906568427,632578958264631296,1788227189000,792451319469178880,RJ47GA3115,4844000,1788232033000,50.52204888212404,65.262,1.2999999999992724,19.137139728077287,3.4102274910105854,71.90000000002328,19.137139728077287,1788227189000-632578958264631296-792451319469178880,,['900758004209549321'],,900758004209549321,
1464269416886697984,1788266869000-632578958264631296-1464269416886697984,1788266869000,1788272873000,1,65.204,25.0,2.60816,632578958264631296,1788266869000,1464269416886697984,NL01AK1963,6004000,1788272873000,66.0,65.204,1.650000000000091,25.0,2.60816,67.25,25.0,1788266869000-632578958264631296-1464269416886697984,,,,,
787647951882158080,1788237693000-632578958264631296-787647951882158080,1788237693000,1788242439000,1,65.143,17.887,3.6419187119136804,632578958264631296,1788237693000,787647951882158080,RJ47GA2574,4746000,1788242439000,47.22059028070541,65.143,1.2999999999992724,17.886587227539927,3.6420027572224347,,17.886587227539927,1788237693000-632578958264631296-787647951882158080,,['900758004192772101'],,900758004192772101,
1046752835124854784,1788262883000-632578958264631296-1046752835124854784,1788262883000,1788268609000,1,65.092,25.561,2.546535738038418,632578958264631296,1788262883000,1046752835124854784,RJ47GA5627,5726000,1788268609000,67.48136005663814,65.092,1.5499999999992724,25.56112123357505,2.5465236601006507,68.39999999999418,25.56112123357505,1788262883000-632578958264631296-1046752835124854784,,,,,
1132636490090676224,1788290397000-632578958264631296-1132636490090676224,1788290397000,1788297093000,1,65.082,12.167,5.3490589298923314,632578958264631296,1788290397000,1132636490090676224,RJ47GA5322,6696000,1788297093000,32.12137677907304,65.082,1.800000000000182,12.167188173891303,5.348976203035537,66.20000000001164,12.167188173891303,1788290397000-632578958264631296-1132636490090676224,,,,,
1536427445069021184,1788252345000-632578958264631296-1536427445069021184,1788252345000,1788258261000,1,64.918,19.804,3.278024641486569,632578958264631296,1788252345000,1536427445069021184,NL01AK8053,5916000,1788258261000,52.282801545456344,64.918,1.599999999999909,19.80409149449104,3.278009497080865,66.85499999999956,19.80409149449104,1788252345000-632578958264631296-1536427445069021184,,,,,
1536014618822967296,1788265216000-632578958264631296-1536014618822967296,1788265216000,1788272116000,1,64.723,24.367,2.656174334140436,632578958264631296,1788265216000,1536014618822967296,NL01AK9203,6900000,1788272116000,64.32807972476647,64.723,1.8999999999999773,24.366696865441842,2.656207378349818,66.84999999999854,24.366696865441842,1788265216000-632578958264631296-1536014618822967296,,,,,
1131240373310455808,1788242763000-632578958264631296-1131240373310455808,1788242763000,1788250690000,1,64.707,24.319,2.66075907726469,632578958264631296,1788242763000,1131240373310455808,RJ47GA6179,7927000,1788250690000,64.20232205526594,64.707,2.1500000000005457,24.319061384570432,2.6607523611521557,68.79999999998836,24.319061384570432,1788242763000-632578958264631296-1131240373310455808,"{'confidence': 0, 'count': 4, 'error_code': None, 'flags': {'alta-status': 'present', 'alta_partial': False, 'gps_dup_rows_count': 0}, 'load_class': 'HIGH', 'mean': 53399.86330347745, 'std': 21386.21962634728, 'timestamp': 1788250890593}",,,,
1083040452048846848,1788276678000-632578958264631296-1083040452048846848,1788276678000,1788285972000,1,64.677,33.234,1.9461094060299695,632578958264631296,1788276678000,1083040452048846848,RJ47GA5867,9294000,1788285972000,87.73756873713288,64.677,2.550000000000182,33.23392755194427,1.9461136484368438,67.64500000001863,33.23392755194427,1788276678000-632578958264631296-1083040452048846848,"{'confidence': 88.3, 'count': 6, 'error_code': None, 'flags': {'alta-status': 'present', 'alta_partial': False, 'gps_dup_rows_count': 0}, 'load_class': 'HIGH', 'mean': 49066.78672756801, 'std': 2807.912924587856, 'timestamp': 1788285979052}",,,,
1046443765134262272,1788228755000-632578958264631296-1046443765134262272,1788228755000,1788239005000,1,64.595,25.834,2.500387086784857,632578958264631296,1788228755000,1046443765134262272,RJ47GA4014,10250000,1788239005000,68.20109094034372,64.595,2.8000000000010914,25.833746568312016,2.5004116158371317,66.0,25.833746568312012,1788228755000-632578958264631296-1046443765134262272,"{'confidence': 48.3, 'count': 7, 'error_code': None, 'flags': {'alta-status': 'present', 'alta_partial': True, 'gps_dup_rows_count': 0}, 'load_class': 'LOW', 'mean': 26795.763396658644, 'std': 7324.748094453597, 'timestamp': 1788239212051}",,,,
1067771070980816896,1788251098000-632578958264631296-1067771070980816896,1788251098000,1788258243000,1,64.519,29.333,2.199536358367709,632578958264631296,1788251098000,1067771070980816896,RJ47GA3902,7145000,1788258243000,77.43924880535944,64.519,1.9500000000007276,29.33304878990888,2.199532699860226,63.75,29.333048789908876,1788251098000-632578958264631296-1067771070980816896,,,,,
1079778539525373952,1788272459000-632578958264631296-1079778539525373952,1788272459000,1788278238000,1,64.485,11.944,5.398945077026122,632578958264631296,1788272459000,1079778539525373952,RJ47GA5724,5779000,1788278238000,31.533293069918987,64.485,1.550000000000182,11.94442919315113,5.398751079455128,64.89999999996508,10.447140938932407,1788272459000-632578958264631296-1079778539525373952,,,,,
792451146961649664,1788223033000-632578958264631296-792451146961649664,1788223033000,1788227807000,1,64.401,14.566,4.421323630372099,632578958264631296,1788223033000,792451146961649664,RJ47GA2227,4774000,1788227807000,38.45432505596835,64.401,1.25,14.566032218169827,4.421313850978957,,14.566032218169825,1788223033000-632578958264631296-792451146961649664,,['900758004180189185'],,900758004180189185,
1067776270814674944,1788255907000-632578958264631296-1067776270814674944,1788255907000,1788261743000,1,64.392,22.493,2.862757302271818,632578958264631296,1788255907000,1067776270814674944,RJ47GA6416,5836000,1788261743000,59.38155372285679,64.392,0.0,22.49301277380939,2.862755676508454,66.20000000001164,22.49301277380939,1788255907000-632578958264631296-1067776270814674944,,,,,
1061978679036346368,1788223145000-632578958264631296-1061978679036346368,1788223145000,1788229007000,1,64.375,13.7,4.6989051094890515,632578958264631296,1788223145000,1061978679036346368,RJ47GA3347,5862000,1788229007000,36.16844977997162,64.375,1.5999999999985448,13.700170371201368,4.698846675317291,64.375,12.06610440694583,1788223145000-632578958264631296-1061978679036346368,,,,,
1476549608761982976,1788256024000-632578958264631296-1476549608761982976,1788256024000,1788261717000,1,64.352,12.077,5.328475614805002,632578958264631296,1788256024000,1476549608761982976,NL01AK3039,5693000,1788261717000,31.883353776331152,64.352,1.5499999999999545,12.077027945579982,5.32846328500481,67.75,12.077027945579982,1788256024000-632578958264631296-1476549608761982976,,,,,
1350071704793120768,1788252940000-632578958264631296-1350071704793120768,1788252940000,1788258725000,1,64.244,24.906,2.5794587649562355,632578958264631296,1788252940000,1350071704793120768,RJ47GA3451,5785000,1788258725000,65.75183999998787,64.244,1.5499999999992724,24.9059999999954,2.5794587649567116,65.375,24.9059999999954,1788252940000-632578958264631296-1350071704793120768,,,,,
1135598313102376960,1788263203000-632578958264631296-1135598313102376960,1788263203000,1788270162000,1,64.187,29.853,2.1501021672863696,632578958264631296,1788263203000,1135598313102376960,RJ47GA6228,6959000,1788270162000,78.81320711030861,64.187,1.9000000000005457,29.85348754178356,2.150067053645325,68.0,29.85348754178356,1788263203000-632578958264631296-1135598313102376960,,,,,
1101157025884143616,1788252892000-632578958264631296-1101157025884143616,1788252892000,1788260833000,1,63.8,33.033,1.9314019314019313,632578958264631296,1788252892000,1101157025884143616,RJ47GA5517,7941000,1788260833000,87.20772227161879,63.79999999998836,2.149999999999636,33.033228133188935,1.9313885928056673,63.79999999998836,33.033228133188935,1788252892000-632578958264631296-1101157025884143616,"{'confidence': 58.1, 'count': 10, 'error_code': None, 'flags': {'alta-status': 'present', 'alta_partial': False, 'gps_dup_rows_count': 0}, 'load_class': 'HIGH', 'mean': 45724.50913551876, 'std': 12125.191606962488, 'timestamp': 1788261289029}",,,,
1067764843953520640,1788261225000-632578958264631296-1067764843953520640,1788261225000,1788268430000,1,63.687,13.993,4.55134710212249,632578958264631296,1788261225000,1067764843953520640,RJ47GA6292,7205000,1788268430000,36.94206512361357,63.687,0.0,13.99320648621726,4.551279941643762,66.19999999998254,13.99320648621726,1788261225000-632578958264631296-1067764843953520640,"{'confidence': 71.4, 'count': 6, 'error_code': None, 'flags': {'alta-status': 'present', 'alta_partial': False, 'gps_dup_rows_count': 0}, 'load_class': 'LOW', 'mean': 12780.532135313257, 'std': 1788.24958705816, 'timestamp': 1788270378940}",,,,
1073664045493518336,1788235977000-632578958264631296-1073664045493518336,1788235977000,1788242513000,1,63.481,21.942,2.8931273357032175,632578958264631296,1788235977000,1073664045493518336,RJ47GA5839,6536000,1788242513000,57.92730030455861,63.481,1.7999999999992724,21.942159206272198,2.8931063439669997,65.40500000002794,21.942159206272198,1788235977000-632578958264631296-1073664045493518336,,,,,
1050037591694376960,1788255608000-632578958264631296-1050037591694376960,1788255608000,1788262230000,1,63.429,23.195,2.734597973701229,632578958264631296,1788255608000,1050037591694376960,RJ47GA3487,6622000,1788262230000,61.23545808589368,63.429,1.8000000000010914,23.19524927495973,2.734568585493683,64.625,23.19524927495973,1788255608000-632578958264631296-1050037591694376960,,,,,
1088512574191828992,1788235178000-632578958264631296-1088512574191828992,1788235178000,1788245285000,1,63.41,27.962,2.267720477791288,632578958264631296,1788235178000,1088512574191828992,RJ47GA5705,10107000,1788245285000,73.81890323171636,63.41,2.75,27.961705769589532,2.267744340152637,65.69999999995343,27.961705769589532,1788235178000-632578958264631296-1088512574191828992,"{'confidence': 70, 'count': 7, 'error_code': None, 'flags': {'alta-status': 'present', 'alta_partial': False, 'gps_dup_rows_count': 0}, 'load_class': 'HIGH', 'mean': 40613.25921032416, 'std': 6440.51085004852, 'timestamp': 1788245320739}",,,,
1072572023244324864,1788238121000-632578958264631296-1072572023244324864,1788238121000,1788244806000,1,63.373,24.768,2.5586644056847545,632578958264631296,1788238121000,1072572023244324864,RJ47GA5735,6685000,1788244806000,65.38851167177668,63.373,1.800000000000182,24.768375633248745,2.5586256013869924,66.90000000002328,24.768375633248745,1788238121000-632578958264631296-1072572023244324864,,,,,
1079795397515280384,1788235198000-632578958264631296-1079795397515280384,1788235198000,1788245411000,1,63.352,25.038,2.530234044252736,632578958264631296,1788235198000,1079795397515280384,RJ47GA5725,10213000,1788245411000,66.10119777126882,63.352,2.800000000000182,25.038332489116975,2.5302004447594997,66.09999999997672,25.038332489116975,1788235198000-632578958264631296-1079795397515280384,"{'confidence': 68.8, 'count': 8, 'error_code': None, 'flags': {'alta-status': 'present', 'alta_partial': False, 'gps_dup_rows_count': 0}, 'load_class': 'HIGH', 'mean': 38278.75227896689, 'std': 6762.399446230908, 'timestamp': 1788245431226}",,,,
944574738938724352,1788237781000-632578958264631296-944574738938724352,1788237781000,1788245993000,1,63.261,24.167,2.617660446062813,632578958264631296,1788237781000,944574738938724352,RJ47GA3524,8212000,1788245993000,63.80036804854025,63.261,2.25,24.16680607899252,2.6176814508803004,60.625,24.16680607899252,1788237781000-632578958264631296-944574738938724352,"{'confidence': 48.6, 'count': 8, 'error_code': None, 'flags': {'alta-status': 'present', 'alta_partial': False, 'gps_dup_rows_count': 0}, 'load_class': 'HIGH', 'mean': 73065.25882383951, 'std': 21254.61031621411, 'timestamp': 1788246172667}",,,,
1067793936933715968,1788238441000-632578958264631296-1067793936933715968,1788238441000,1788245349000,1,63.25,35.202,1.7967729106300778,632578958264631296,1788238441000,1067793936933715968,RJ47GA3357,6908000,1788245349000,92.93452220254507,63.25,1.900000000000091,35.20247053126707,1.7967488941953926,63.25,35.20247053126707,1788238441000-632578958264631296-1067793936933715968,,,,,
1120316721542987776,1788259501000-632578958264631296-1120316721542987776,1788259501000,1788265217000,1,63.183,13.172,4.796765866990586,632578958264631296,1788259501000,1120316721542987776,RJ47GA6411,5716000,1788265217000,34.774813763214866,63.183,1.550000000000182,13.172277940611691,4.796664653210766,65.89999999999418,13.172277940611691,1788259501000-632578958264631296-1120316721542987776,,,,,
1101157025884143616,1788240630000-632578958264631296-1101157025884143616,1788240630000,1788247782000,1,63.1,18.232,3.4609477841158407,632578958264631296,1788240630000,1101157025884143616,RJ47GA5517,7152000,1788247782000,48.132301794211266,63.09999999997672,1.9499999999989086,18.231932497807296,3.460960597981897,63.09999999997672,18.231932497807296,1788240630000-632578958264631296-1101157025884143616,,,,,
1142833661045899264,1788222132000-632578958264631296-1142833661045899264,1788222132000,1788227756000,1,62.832,25.89,2.426882966396292,632578958264631296,1788222132000,1142833661045899264,RJ47GA6293,5624000,1788227756000,68.35027741601701,62.832,1.5,25.89025659697614,2.426858913686413,66.39999999999418,25.89025659697614,1788222132000-632578958264631296-1142833661045899264,,,,,
1181865650805538816,1788263256000-632578958264631296-1181865650805538816,1788263256000,1788269457000,1,62.824,20.627,3.045716778979008,632578958264631296,1788263256000,1181865650805538816,RJ47GA6367,6201000,1788269457000,54.456177718980626,62.824,1.699999999999818,20.62734004506842,3.0456665698406398,66.10000000000582,20.62734004506842,1788263256000-632578958264631296-1181865650805538816,,,,,
1083726930487803904,1788260766000-632578958264631296-1083726930487803904,1788260766000,1788269467000,1,62.733,15.687,3.999043794224517,632578958264631296,1788260766000,1083726930487803904,RJ47GA6332,8701000,1788269467000,41.41367999999493,62.733,2.350000000000364,15.68699999999808,3.9990437942250066,66.10000000000036,15.68699999999808,1788260766000-632578958264631296-1083726930487803904,"{'confidence': 30.1, 'count': 5, 'error_code': None, 'flags': {'alta-status': 'present', 'alta_partial': False, 'gps_dup_rows_count': 2}, 'load_class': 'LOW', 'mean': 17299.125314155044, 'std': 5411.252678712639, 'timestamp': 1788271876918}",,,,
1536014674678513664,1788263230000-632578958264631296-1536014674678513664,1788263230000,1788269519000,1,62.694,19.64,3.1921588594704686,632578958264631296,1788263230000,1536014674678513664,NL01AL0108,6289000,1788269519000,51.8499245691128,62.694,1.75,19.640122942845757,3.192138877258777,64.60499999999956,19.640122942845757,1788263230000-632578958264631296-1536014674678513664,,,,,
1135529735623802880,1788223722000-632578958264631296-1135529735623802880,1788223722000,1788229889000,1,62.633,32.778,1.91082433339435,632578958264631296,1788223722000,1135529735623802880,RJ47GA6233,6167000,1788229889000,86.53418469987282,62.633,1.699999999999818,32.77810026510334,1.910818488363744,66.39999999999418,32.77810026510334,1788223722000-632578958264631296-1135529735623802880,,,,,
1540361603277389824,1788239494000-632578958264631296-1540361603277389824,1788239494000,1788245820000,1,62.633,14.187,4.4148163811940515,632578958264631296,1788239494000,1540361603277389824,NL01AK8393,6326000,1788245820000,37.454281862177545,62.633,1.7000000000000455,14.187227978097555,4.414745438410782,64.65999999999985,14.187227978097555,1788239494000-632578958264631296-1540361603277389824,,,,,
1571542304466927616,1788263755000-632578958264631296-1571542304466927616,1788263755000,1788269937000,1,62.629,12.765,4.9063063063063055,632578958264631296,1788263755000,1571542304466927616,NL01AL0746,6182000,1788269937000,33.69925540061288,62.629,1.6999999999999886,12.76486946992912,4.906356476855361,63.99500000000262,12.764869469929119,1788263755000-632578958264631296-1571542304466927616,,,,,
1312806942439112704,1788237313000-632578958264631296-1312806942439112704,1788237313000,1788243940000,1,62.6,19.877,3.1493686169945163,632578958264631296,1788237313000,1312806942439112704,NL01AH8912,6627000,1788243940000,52.47635452989789,62.6,1.8499999999994543,19.877407018900715,3.1493041290786015,64.375,19.877407018900715,1788237313000-632578958264631296-1312806942439112704,,,,,
942723675356921856,1788253719000-632578958264631296-942723675356921856,1788253719000,1788260468000,1,62.589,29.523,2.120008129255157,632578958264631296,1788253719000,942723675356921856,RJ14GN1566,6749000,1788260468000,77.94065182751338,62.589,1.8500000000003638,29.522974177088397,2.1200099835663857,64.70000000001164,29.522974177088393,1788253719000-632578958264631296-942723675356921856,,,,,
1050037336936546304,1788223700000-632578958264631296-1050037336936546304,1788223700000,1788230344000,1,62.515,27.016,2.3139991116375485,632578958264631296,1788223700000,1050037336936546304,Rj47GA5922,6644000,1788230344000,71.32098643692784,62.515,1.7999999999992724,27.015525165502968,2.3140397833105055,64.59500000000116,27.01552516550297,1788223700000-632578958264631296-1050037336936546304,,,,,
947091862986948608,1788253573000-632578958264631296-947091862986948608,1788253573000,1788260816000,1,62.482,29.625,2.109097046413502,632578958264631296,1788253573000,947091862986948608,RJ47GA3376,7243000,1788260816000,78.20925202763664,62.482,1.9500000000007276,29.62471667713509,2.109117217253415,64.0,29.624716677135087,1788253573000-632578958264631296-947091862986948608,"{'confidence': 58.8, 'count': 7, 'error_code': None, 'flags': {'alta-status': 'present', 'alta_partial': False, 'gps_dup_rows_count': 0}, 'load_class': 'MEDIUM', 'mean': 33030.05899635445, 'std': 7207.729087025097, 'timestamp': 1788261275337}",,,,
1294723291725955072,1788264453000-632578958264631296-1294723291725955072,1788264453000,1788271904000,1,62.465,24.5,2.549591836734694,632578958264631296,1788264453000,1294723291725955072,NL01AH7658,7451000,1788271904000,64.68,62.465,2.050000000000182,24.5,2.549591836734694,63.875,24.5,1788264453000-632578958264631296-1294723291725955072,"{'confidence': 21.7, 'count': 5, 'error_code': None, 'flags': {'alta-status': 'present', 'alta_partial': False, 'gps_dup_rows_count': 0}, 'load_class': 'HIGH', 'mean': 50726.99213248335, 'std': 17762.02755395386, 'timestamp': 1788271958504}",,,,
1089954932305428480,1788255570000-632578958264631296-1089954932305428480,1788255570000,1788262517000,1,62.305,24.506,2.54243858646862,632578958264631296,1788255570000,1089954932305428480,RJ47GA3362,6947000,1788262517000,64.69470166499549,62.305,1.8500000000003638,24.505568812498293,2.542483321922456,66.375,24.505568812498293,1788255570000-632578958264631296-1089954932305428480,,,,,
1536014681523617792,1788303999000-632578958264631296-1536014681523617792,1788303999000,1788310816000,1,62.282,25.1,2.4813545816733065,632578958264631296,1788303999000,1536014681523617792,NL01AL0109,6817000,1788310816000,66.2627943315688,62.282,1.8500000000000227,25.099543307412425,2.4813997305523405,63.93000000000029,25.099543307412425,1788303999000-632578958264631296-1536014681523617792,,,,,
798605218047590400,1788271211000-632578958264631296-798605218047590400,1788271211000,1788277485000,1,62.268,20.608,3.0215450310559007,632578958264631296,1788271211000,798605218047590400,RJ47GA3110,6274000,1788277485000,54.40397565925622,62.268,1.7000000000007276,20.60756653759705,3.0216085866517246,70.59999999997672,20.60756653759705,1788271211000-632578958264631296-798605218047590400,,['900758004205355021'],,900758004205355021,
931856805720489984,1788229993000-632578958264631296-931856805720489984,1788229993000,1788238466000,1,62.115,31.889,1.947850355922105,632578958264631296,1788229993000,931856805720489984,RJ47GA4708,8473000,1788238466000,84.18771032464227,62.115,2.3000000000010914,31.889284213879645,1.9478329956670766,64.0,31.889284213879645,1788229993000-632578958264631296-931856805720489984,"{'confidence': None, 'count': None, 'error_code': 'RANSAC_NO_VALID_MODEL', 'flags': {'alta-status': 'present', 'alta_partial': False, 'gps_dup_rows_count': 0}, 'load_class': None, 'mean': None, 'std': None, 'timestamp': 1788238486385}",,,,
1312806942439112704,1788247562000-632578958264631296-1312806942439112704,1788247562000,1788254628000,1,62.047,33.256,1.865738513350974,632578958264631296,1788247562000,1312806942439112704,NL01AH8912,7066000,1788254628000,87.79657206115662,62.047,1.949999999999818,33.25627729589266,1.8657229565397917,63.625,33.25627729589266,1788247562000-632578958264631296-1312806942439112704,,,,,
780122893064339456,1788239880000-632578958264631296-780122893064339456,1788239880000,1788244978000,1,61.959,18.0,3.442166666666667,632578958264631296,1788239880000,780122893064339456,RJ47GA3065,5098000,1788244978000,47.52,61.959,1.3500000000003638,18.0,3.442166666666667,69.0,18.0,1788239880000-632578958264631296-780122893064339456,,['900758004201160710'],,900758004201160710,
794950170587430912,1788263532000-632578958264631296-794950170587430912,1788263532000,1788268534000,1,61.906,19.902,3.110541654105115,632578958264631296,1788263532000,794950170587430912,RJ47GA2696,5002000,1788268534000,52.54001787005175,61.906,1.2999999999992724,19.901521920474146,3.1106163763442023,69.0,19.901521920474146,1788263532000-632578958264631296-794950170587430912,,['900758004192772105'],,900758004192772105,
939140658449350656,1788267368000-632578958264631296-939140658449350656,1788267368000,1788273220000,1,61.667,27.298,2.2590299655652433,632578958264631296,1788267368000,939140658449350656,RJ47GA2643,5852000,1788273220000,72.06729555215937,61.667,1.5999999999985448,27.29821801218158,2.2590119242392186,65.0,27.29821801218158,1788267368000-632578958264631296-939140658449350656,,,,,
947452563299500032,1788267149000-632578958264631296-947452563299500032,1788267149000,1788273180000,1,61.504,21.548,2.854278819379989,632578958264631296,1788267149000,947452563299500032,RJ47GA2721,6031000,1788273180000,56.885574443036745,61.504,1.6499999999996362,21.547566076907856,2.8543362986092773,,21.547566076907856,1788267149000-632578958264631296-947452563299500032,,,,,
1083726988146900992,1788260926000-632578958264631296-1083726988146900992,1788260926000,1788265625000,1,61.356,17.361,3.534128218420598,632578958264631296,1788260926000,1083726988146900992,RJ47GA6307,4699000,1788265625000,45.832473515840086,61.356,1.25,17.360785422666698,3.534171899843425,65.10000000000582,17.360785422666698,1788260926000-632578958264631296-1083726988146900992,,,,,
1536014674678513664,1788230687000-632578958264631296-1536014674678513664,1788230687000,1788235845000,1,61.24,18.691,3.276443207961051,632578958264631296,1788230687000,1536014674678513664,NL01AL0108,5158000,1788235845000,49.34455517902131,61.24,1.400000000000091,18.69111938599292,3.2764222802992267,63.10000000000218,18.69111938599292,1788230687000-632578958264631296-1536014674678513664,,,,,
786545248472924160,1788239280000-632578958264631296-786545248472924160,1788239280000,1788245337000,1,61.204,17.476,3.5021744106202797,632578958264631296,1788239280000,786545248472924160,RJ47GA3116,6057000,1788245337000,46.13689751153543,61.204,1.6499999999996362,17.47609754224827,3.502154863352074,68.90000000002328,17.47609754224827,1788239280000-632578958264631296-786545248472924160,,['900758004209549323'],,900758004209549323,
961238953837461504,1788305131000-632578958264631296-961238953837461504,1788305131000,1788311651000,1,61.172,21.939,2.7882765850768036,632578958264631296,1788305131000,961238953837461504,RJ47GA3862,6520000,1788311651000,57.91802508627181,61.172,1.75,21.93864586601205,2.788321593484005,63.5,21.93864586601205,1788305131000-632578958264631296-961238953837461504,,,,,
794950170587430912,1788246846000-632578958264631296-794950170587430912,1788246846000,1788251725000,1,61.169,16.028,3.816383828300474,632578958264631296,1788246846000,794950170587430912,RJ47GA2696,4879000,1788251725000,42.31468596601234,61.169,1.3500000000003638,16.028290138641037,3.816314745422136,68.29999999998836,16.028290138641037,1788246846000-632578958264631296-794950170587430912,,['900758004192772105'],,900758004192772105,
926578486859005952,1788248741000-632578958264631296-926578486859005952,1788248741000,1788255017000,1,61.164,27.945,2.188727858293076,632578958264631296,1788248741000,926578486859005952,RJ47GA4004,6276000,1788255017000,73.77396397036668,61.164,1.7000000000000455,27.94468332210859,2.1887526616417143,55.125,27.94468332210859,1788248741000-632578958264631296-926578486859005952,,,,,
1488156307717357568,1788292765000-632578958264631296-1488156307717357568,1788292765000,1788300099000,1,61.067,13.991,4.3647344721606744,632578958264631296,1788292765000,1488156307717357568,NL01AK3104,7334000,1788300099000,36.9356747290145,61.067,2.0,13.990785882202461,4.364801270933802,64.0,13.99078588220246,1788292765000-632578958264631296-1488156307717357568,"{'confidence': 52.5, 'count': 4, 'error_code': None, 'flags': {'alta-status': 'present', 'alta_partial': False, 'gps_dup_rows_count': 0}, 'load_class': 'LOW', 'mean': 26725.496924612973, 'std': 5076.955650089692, 'timestamp': 1788300243338}",,,,
809467481230934016,1788240719000-632578958264631296-809467481230934016,1788240719000,1788246086000,1,60.994,20.051,3.041943045234652,632578958264631296,1788240719000,809467481230934016,RJ47GA3181,5367000,1788246086000,52.935633614512085,60.994,1.4500000000007276,20.051376369133365,3.041885947235661,68.0,20.051376369133365,1788240719000-632578958264631296-809467481230934016,,['900758004217937927'],,900758004217937927,
1127222273418199040,1788272272000-632578958264631296-1127222273418199040,1788272272000,1788278151000,1,60.875,22.981,2.648927374787868,632578958264631296,1788272272000,1127222273418199040,RJ47GA3844,5879000,1788278151000,60.66936319443063,60.875,1.6499999999996362,22.980819391829783,2.6489481929283376,61.375,22.980819391829783,1788272272000-632578958264631296-1127222273418199040,,,,,
1131571393566081024,1788274069000-632578958264631296-1131571393566081024,1788274069000,1788280519000,1,60.847,17.92,3.3954799107142857,632578958264631296,1788274069000,1131571393566081024,RJ47GA1964,6450000,1788280519000,47.30965657392811,60.847,0.0,17.920324459821252,3.395418433211054,78.125,17.920324459821252,1788274069000-632578958264631296-1131571393566081024,,,,,
1175796663680237568,1788253118000-632578958264631296-1175796663680237568,1788253118000,1788258906000,1,60.844,25.765,2.3614981564137394,632578958264631296,1788253118000,1175796663680237568,RJ47GA6336,5788000,1788258906000,68.01895996843268,60.844,1.6000000000003638,25.76475756380026,2.361520377179346,64.10000000000582,25.76475756380026,1788253118000-632578958264631296-1175796663680237568,,,,,
1536014681523617792,1788227234000-632578958264631296-1536014681523617792,1788227234000,1788231824000,1,60.666,20.345,2.9818628655689356,632578958264631296,1788227234000,1536014681523617792,NL01AL0109,4590000,1788231824000,53.70989598617499,60.666,1.2000000000000455,20.34465757052083,2.9819130545556254,62.29500000000189,20.34465757052083,1788227234000-632578958264631296-1536014681523617792,,,,,
1536397466075660288,1788270913000-632578958264631296-1536397466075660288,1788270913000,1788276419000,1,60.517,12.635,4.789631974673526,632578958264631296,1788270913000,1536397466075660288,NL01AK8051,5506000,1788276419000,33.355892252860826,60.517,1.4499999999999318,12.63480767153819,4.789704882989526,61.57500000000073,12.63480767153819,1788270913000-632578958264631296-1536397466075660288,,,,,
1131571393566081024,1788246409000-632578958264631296-1131571393566081024,1788246409000,1788252414000,1,60.457,13.482,4.484275330069723,632578958264631296,1788246409000,1131571393566081024,RJ47GA1964,6005000,1788252414000,35.592914439296756,60.457,0.0,13.48216456033968,4.4842205959898775,77.0,13.482164560339678,1788246409000-632578958264631296-1131571393566081024,,,,,
1067775063052255232,1788243318000-632578958264631296-1067775063052255232,1788243318000,1788248939000,1,60.456,22.408,2.6979650124955374,632578958264631296,1788243318000,1067775063052255232,RJ47GA3725,5621000,1788248939000,59.158168739413036,60.456,1.5,22.408397249777664,2.6979171837289635,63.125,22.408397249777664,1788243318000-632578958264631296-1067775063052255232,,,,,
1181865650805538816,1788227958000-632578958264631296-1181865650805538816,1788227958000,1788232726000,1,60.163,19.919,3.020382549324765,632578958264631296,1788227958000,1181865650805538816,RJ47GA6367,4768000,1788232726000,52.58589816552535,60.163,1.25,19.918900820274754,3.020397588342936,62.29999999998836,19.918900820274754,1788227958000-632578958264631296-1181865650805538816,,,,,
1083726740557135872,1788236244000-632578958264631296-1083726740557135872,1788236244000,1788242951000,1,60.087,22.977,2.6150933542237893,632578958264631296,1788236244000,1083726740557135872,RJ47GA6380,6707000,1788242951000,60.659987877642855,60.087,1.7999999999992724,22.977268135470776,2.615062837136922,63.39999999999418,22.977268135470776,1788236244000-632578958264631296-1083726740557135872,,,,,
1540361603277389824,1788246269000-632578958264631296-1540361603277389824,1788246269000,1788251415000,1,60.006,12.891,4.654875494531068,632578958264631296,1788246269000,1540361603277389824,NL01AK8393,5146000,1788251415000,34.033283766114785,60.006,1.3500000000000227,12.891395365952569,4.654732734245487,61.95999999999913,12.891395365952569,1788246269000-632578958264631296-1540361603277389824,,,,,
1500136074981146624,1788231603000-632578958264631296-1500136074981146624,1788231603000,1788237346000,1,59.955,26.825,2.2350419384902143,632578958264631296,1788231603000,1500136074981146624,NL01AK3122,5743000,1788237346000,70.81898209434095,59.955,1.5499999999999545,26.82537200543218,2.2350109436640437,62.625,26.82537200543218,1788231603000-632578958264631296-1500136074981146624,,,,,
1491416395517263872,1788243001000-632578958264631296-1491416395517263872,1788243001000,1788249518000,1,59.844,26.689,2.242272097118663,632578958264631296,1788243001000,1491416395517263872,NL01AK3106,6517000,1788249518000,70.46010299839553,59.844,1.7999999999999545,26.6894329539377,2.2422357231524,62.875,26.6894329539377,1788243001000-632578958264631296-1491416395517263872,,,,,
1397607641592627200,1788223262000-632578958264631296-1397607641592627200,1788223262000,1788228360000,1,59.783,10.124,5.905077044646385,632578958264631296,1788223262000,1397607641592627200,NL01AJ6923,5098000,1788228360000,26.72700803845681,59.783,1.349999999999909,10.12386668123364,5.905154807186296,60.25,10.12386668123364,1788223262000-632578958264631296-1397607641592627200,,,,,
1385304935976927232,1788246803000-632578958264631296-1385304935976927232,1788246803000,1788252410000,1,59.72,11.997,4.97791114445278,632578958264631296,1788246803000,1385304935976927232,NL01AJ5688,5607000,1788252410000,31.672305465438917,59.72,1.5,11.997085403575348,4.9778757082284635,63.75,11.997085403575348,1788246803000-632578958264631296-1385304935976927232,,,,,
1501933614227521536,1788262601000-632578958264631296-1501933614227521536,1788262601000,1788268220000,1,59.687,13.575,4.39683241252302,632578958264631296,1788262601000,1501933614227521536,NL01AK3126,5619000,1788268220000,35.83763126762248,59.687,1.5499999999999545,13.574860328644878,4.396877651407726,58.875,13.574860328644876,1788262601000-632578958264631296-1501933614227521536,,,,,
1486716779844599808,1788229389000-632578958264631296-1486716779844599808,1788229389000,1788234859000,1,59.634,17.02,3.5037602820211515,632578958264631296,1788229389000,1486716779844599808,NL01AK3100,5470000,1788234859000,44.93205763332725,59.634,1.4500000000000455,17.019718800502744,3.5038181710874374,63.0,17.019718800502744,1788229389000-632578958264631296-1486716779844599808,,,,,
1153273602804547584,1788278590000-632578958264631296-1153273602804547584,1788278590000,1788284967000,1,59.631,13.42,4.44344262295082,632578958264631296,1788278590000,1153273602804547584,RJ47GA6314,6377000,1788284967000,35.429024290743406,59.631,1.75,13.420084958614927,4.443414492821098,63.0,13.420084958614929,1788278590000-632578958264631296-1153273602804547584,,,,,
1131239137144209408,1788249534000-632578958264631296-1131239137144209408,1788249534000,1788255523000,1,59.545,23.589,2.524269786765018,632578958264631296,1788249534000,1131239137144209408,RJ47GA6176,5989000,1788255523000,62.27405126344049,59.545,0.0,23.588655781606246,2.524306622271858,63.29999999998836,23.588655781606246,1788249534000-632578958264631296-1131239137144209408,,,,,
1067793936933715968,1788277714000-632578958264631296-1067793936933715968,1788277714000,1788283204000,1,59.5,20.922,2.8438963770194055,632578958264631296,1788277714000,1067793936933715968,RJ47GA3357,5490000,1788283204000,55.23493205110207,59.5,1.5,20.922322746629572,2.843852507226283,59.5,20.922322746629572,1788277714000-632578958264631296-1067793936933715968,,,,,
947452563299500032,1788228121000-632578958264631296-947452563299500032,1788228121000,1788233603000,1,59.431,24.613,2.414618291146955,632578958264631296,1788228121000,947452563299500032,RJ47GA2721,5482000,1788233603000,64.97846453338802,59.431,1.5,24.61305474749546,2.4146129202449966,,24.61305474749546,1788228121000-632578958264631296-947452563299500032,,,,,
1067775323560476672,1788245899000-632578958264631296-1067775323560476672,1788245899000,1788251955000,1,59.395,16.411,3.6192188166473707,632578958264631296,1788245899000,1067775323560476672,RJ14GP9558,6056000,1788251955000,43.32514208618346,59.395,1.6000000000003638,16.411038669008885,3.6192102887529822,60.5,16.411038669008885,1788245899000-632578958264631296-1067775323560476672,,,,,
1060630916881186816,1788259669000-632578958264631296-1060630916881186816,1788259669000,1788266510000,1,59.325,24.419,2.4294606658749336,632578958264631296,1788259669000,1060630916881186816,RJ47GA5617,6841000,1788266510000,64.46709853391918,59.325,1.8500000000003638,24.419355505272417,2.4294252969613,63.59999999997672,24.419355505272417,1788259669000-632578958264631296-1060630916881186816,,,,,
1152270135390633984,1788240343000-902855557075959808-1152270135390633984,1788240343000,1788245341000,1,59.32,18.308,3.2401136115359406,902855557075959808,1788240343000,1152270135390633984,RJ47GA6196,4998000,1788245341000,48.333588723481036,59.32,1.3500000000003638,18.30817754677312,3.240082189964088,61.59999999997672,18.30817754677312,1788240343000-902855557075959808-1152270135390633984,,,,,
1536014654021566464,1788286042000-632578958264631296-1536014654021566464,1788286042000,1788296268000,1,59.227,13.984,4.235340389016018,632578958264631296,1788286042000,1536014654021566464,Rj47GA8899,10226000,1788296268000,36.916698660232115,59.227,2.800000000000068,13.983597977360649,4.235462153294747,59.87999999999738,13.983597977360649,1788286042000-632578958264631296-1536014654021566464,"{'confidence': None, 'count': None, 'error_code': 'RANSAC_TOO_FEW_POCKETS', 'flags': {'alta-status': 'present', 'alta_partial': False, 'gps_dup_rows_count': 0}, 'load_class': None, 'mean': None, 'std': None, 'timestamp': 1788296273746}",,,,
1396881508228136960,1788262413000-632578958264631296-1396881508228136960,1788262413000,1788270813000,1,59.15,23.383,2.5296155326519267,632578958264631296,1788262413000,1396881508228136960,NL01AJ6925,8400000,1788270813000,61.73045403679857,59.15,2.299999999999727,23.382747741211578,2.5296428227615624,61.0,23.382747741211578,1788262413000-632578958264631296-1396881508228136960,"{'confidence': 61.8, 'count': 10, 'error_code': None, 'flags': {'alta-status': 'present', 'alta_partial': False, 'gps_dup_rows_count': 0}, 'load_class': 'HIGH', 'mean': 53571.6944073052, 'std': 12932.13931933499, 'timestamp': 1788271522472}",,,,
1079444806125486080,1788244249000-632578958264631296-1079444806125486080,1788244249000,1788250710000,1,59.123,22.877,2.5843860646063734,632578958264631296,1788244249000,1079444806125486080,RJ47GA6401,6461000,1788250710000,60.39541044283432,59.123,1.75,22.877049410164513,2.584380482813969,63.29999999998836,22.877049410164517,1788244249000-632578958264631296-1079444806125486080,,,,,
792451146961649664,1788253679000-632578958264631296-792451146961649664,1788253679000,1788257944000,1,59.084,13.758,4.294519552260503,632578958264631296,1788253679000,792451146961649664,RJ47GA2227,4265000,1788257944000,36.32132991762381,59.084,1.1499999999996362,13.75807951425144,4.294494732262397,,13.75807951425144,1788253679000-632578958264631296-792451146961649664,,['900758004180189185'],,900758004180189185,
1536014529144553472,1788245842000-632578958264631296-1536014529144553472,1788245842000,1788252124000,1,59.059,24.485,2.4120481927710844,632578958264631296,1788245842000,1536014529144553472,NL01AK8376,6282000,1788252124000,64.63981234032653,59.059,1.7000000000000455,24.484777401638837,2.4120701214153986,60.57500000000073,24.484777401638837,1788245842000-632578958264631296-1536014529144553472,,,,,
790193276584984576,1788245247000-632578958264631296-790193276584984576,1788245247000,1788251232000,1,59.044,20.0,2.9522,632578958264631296,1788245247000,790193276584984576,RJ47GA2477,5985000,1788251232000,52.800000000000004,59.044,1.5500000000010914,20.0,2.9522,66.40000000002328,20.0,1788245247000-632578958264631296-790193276584984576,,['841055114193010688'],,841055114193010688,
871764525957775360,1788297042000-632578958264631296-871764525957775360,1788297042000,1788303982000,1,59.029,21.007,2.809968105869472,632578958264631296,1788297042000,871764525957775360,RJ47GA4671,6940000,1788303982000,55.45883552113571,59.029,1.8999999999996362,21.00713466709686,2.8099500924538834,62.100000000034925,21.00713466709686,1788297042000-632578958264631296-871764525957775360,,,,,1.6352206764626318
1062738070563979264,1788269088000-632578958264631296-1062738070563979264,1788269088000,1788274835000,1,59.0,11.366,5.190920288579975,632578958264631296,1788269088000,1062738070563979264,RJ47GA3845,5747000,1788274835000,30.005374634122454,59.0,1.5499999999992724,11.365672209894868,5.191069996602141,59.0,9.335974844048815,1788269088000-632578958264631296-1062738070563979264,,,,,
869905949161160704,1788221014000-632578958264631296-869905949161160704,1788221014000,1788225906000,1,58.98,20.559,2.868816576681745,632578958264631296,1788221014000,869905949161160704,RJ47GA4504,4892000,1788225906000,54.2766082318732,58.98,1.2999999999992724,20.559321299951968,2.86877174297275,60.29999999998836,20.559321299951968,1788221014000-632578958264631296-869905949161160704,,,,,0.0
944574738938724352,1788225173000-632578958264631296-944574738938724352,1788225173000,1788230469000,1,58.948,17.981,3.2783493687781546,632578958264631296,1788225173000,944574738938724352,RJ47GA3524,5296000,1788230469000,47.46877190884604,58.948,1.4499999999989086,17.980595420017437,3.2784231346629586,56.375,17.980595420017437,1788225173000-632578958264631296-944574738938724352,,,,,
939545725614686208,1788231096000-632578958264631296-939545725614686208,1788231096000,1788236729000,1,58.933,17.768,3.3168054930211617,632578958264631296,1788231096000,939545725614686208,RJ14GN1579,5633000,1788236729000,46.90831518420251,58.933,1.5499999999992724,17.768301206137313,3.316749266927334,60.70000000001164,17.768301206137313,1788231096000-632578958264631296-939545725614686208,,,,,
857602255610707968,1788273536000-632578958264631296-857602255610707968,1788273536000,1788278756000,1,58.918,18.517,3.1818329102986445,632578958264631296,1788273536000,857602255610707968,RJ47GA4334,5220000,1788278756000,48.88569019320314,58.918,1.2999999999992724,18.517306891364825,3.1817801770880205,60.90000000002328,18.517306891364825,1788273536000-632578958264631296-857602255610707968,,['900758004230520839'],,900758004230520839,0.18399999999999608
1083727593376579584,1788258782000-632578958264631296-1083727593376579584,1788258782000,1788263674000,1,58.808,18.217,3.2281934456826042,632578958264631296,1788258782000,1083727593376579584,RJ47GA6346,4892000,1788263674000,48.092864607788755,58.808,1.3500000000003638,18.216994169616953,3.2281944788719525,62.29999999998836,18.216994169616953,1788258782000-632578958264631296-1083727593376579584,,,,,
1064532839803912192,1788256220000-632578958264631296-1064532839803912192,1788256220000,1788261467000,1,58.792,20.095,2.9257029111719337,632578958264631296,1788256220000,1064532839803912192,RJ47GA3903,5247000,1788261467000,53.04949201539185,58.792,1.3999999999996362,20.09450455128479,2.925775047100676,60.25,20.09450455128479,1788256220000-632578958264631296-1064532839803912192,,,,,
901057526324264960,1788292601000-632578958264631296-901057526324264960,1788292601000,1788299428000,1,58.655,25.487,2.30136932553851,632578958264631296,1788292601000,901057526324264960,RJ47GA4008,6827000,1788299428000,67.28506517049584,58.655,1.8499999999985448,25.486767110036304,2.3013903547187256,59.0,25.486767110036304,1788292601000-632578958264631296-901057526324264960,,,,,
942469459329679360,1788226586000-632578958264631296-942469459329679360,1788226586000,1788232313000,1,58.634,28.122,2.0849868430410354,632578958264631296,1788226586000,942469459329679360,RJ47GA3438,5727000,1788232313000,74.24172045590873,58.634,1.5499999999992724,28.12186380905634,2.084996940391894,57.625,28.12186380905634,1788226586000-632578958264631296-942469459329679360,,,,,
1083727333329731584,1788248930000-632578958264631296-1083727333329731584,1788248930000,1788255243000,1,58.633,27.486,2.1331950811322127,632578958264631296,1788248930000,1083727333329731584,RJ47GA6318,6313000,1788255243000,72.56278414369503,58.633,1.75,27.485903084732964,2.1332026027759547,62.70000000001164,27.485903084732964,1788248930000-632578958264631296-1083727333329731584,,,,,
1094956363722784768,1788264632000-632578958264631296-1094956363722784768,1788264632000,1788270873000,1,58.631,21.12,2.776089015151515,632578958264631296,1788264632000,1094956363722784768,RJ47GA5978,6241000,1788270873000,55.75666219934986,58.631,1.6499999999996362,21.119947802784036,2.7760958761589007,61.529999999998836,21.119947802784036,1788264632000-632578958264631296-1094956363722784768,,,,,
1506655599683698688,1788264286000-632578958264631296-1506655599683698688,1788264286000,1788268698000,1,58.631,19.45,3.0144473007712085,632578958264631296,1788264286000,1506655599683698688,RJ47GA8529,4412000,1788268698000,51.34926254629674,58.631,1.150000000000091,19.450478237233614,3.0143731832651803,61.950000000004366,19.450478237233614,1788264286000-632578958264631296-1506655599683698688,,,,,
1537822792169291776,1788234674000-632578958264631296-1537822792169291776,1788234674000,1788239583000,1,58.589,19.473,3.0087300364607406,632578958264631296,1788234674000,1537822792169291776,NL01AK8056,4909000,1788239583000,51.408317423023576,58.589,1.2999999999999545,19.47284750872105,3.0087535977345126,60.18000000000029,19.47284750872105,1788234674000-632578958264631296-1537822792169291776,,,,,
1132635709874634752,1788224591000-632578958264631296-1132635709874634752,1788224591000,1788229308000,1,58.567,17.85,3.2810644257703077,632578958264631296,1788224591000,1132635709874634752,RJ47GA5218,4717000,1788229308000,47.123853429196586,58.567,1.25,17.84994448075628,3.2810746309681846,60.80000000001746,17.84994448075628,1788224591000-632578958264631296-1132635709874634752,,,,,
964169792938311680,1788241000000-632578958264631296-964169792938311680,1788241000000,1788250591000,1,58.538,26.466,2.211818937504723,632578958264631296,1788241000000,964169792938311680,RJ47GA2728,9591000,1788250591000,69.87041523669872,58.538,2.649999999999636,26.466066377537395,2.2118133902090977,64.5,26.466066377537395,1788241000000-632578958264631296-964169792938311680,"{'confidence': 45.8, 'count': 4, 'error_code': None, 'flags': {'alta-status': 'present', 'alta_partial': False, 'gps_dup_rows_count': 0}, 'load_class': 'HIGH', 'mean': 29414.02828618798, 'std': 6379.5218965692275, 'timestamp': 1788269922563}",,,,
1083729116835872768,1788246855000-632578958264631296-1083729116835872768,1788246855000,1788253189000,1,58.509,23.161,2.5261862613876773,632578958264631296,1788246855000,1083729116835872768,RJ47GA6361,6334000,1788253189000,61.144233104739925,58.509,0.0,23.16069435785603,2.5262195984272786,61.39999999999418,23.16069435785603,1788246855000-632578958264631296-1083729116835872768,,,,,
1259200800735887360,1788246839000-632578958264631296-1259200800735887360,1788246839000,1788253185000,1,58.508,21.194,2.760592620552987,632578958264631296,1788246839000,1259200800735887360,NL01AH5402,6346000,1788253185000,55.95267836621381,58.508,1.699999999999818,21.194196350838563,2.760567045406517,61.89000000001397,21.194196350838563,1788246839000-632578958264631296-1259200800735887360,,,,,
1268615730958434304,1788276290000-632578958264631296-1268615730958434304,1788276290000,1788281445000,1,58.37,21.747,2.684048374488435,632578958264631296,1788276290000,1268615730958434304,RJ47GA5740,5155000,1788281445000,57.41323366047524,58.37,1.3999999999996362,21.747436992604257,2.683994441269108,60.600000000034925,21.747436992604257,1788276290000-632578958264631296-1268615730958434304,,,,,
1050036721544069120,1788239829000-632578958264631296-1050036721544069120,1788239829000,1788246922000,1,58.312,31.88,1.8291091593475532,632578958264631296,1788239829000,1050036721544069120,RJ47GA5834,7093000,1788246922000,84.16256542023928,58.312,1.949999999999818,31.87975962887851,1.829122950700596,61.79999999998836,31.87975962887851,1788239829000-632578958264631296-1050036721544069120,,,,,
1083726655622479872,1788230797000-632578958264631296-1083726655622479872,1788230797000,1788236444000,1,58.295,28.102,2.0744075154793253,632578958264631296,1788230797000,1083726655622479872,RJ47GA6356,5647000,1788236444000,74.18806100317167,58.295,1.550000000000182,28.101538258777147,2.074441600427063,61.59999999997672,28.101538258777143,1788230797000-632578958264631296-1083726655622479872,,,,,
1428366867084345344,1788254988000-632578958264631296-1428366867084345344,1788254988000,1788261992000,1,58.271,23.098,2.5227725344185643,632578958264631296,1788254988000,1428366867084345344,NL01AJ9498,7004000,1788261992000,60.9786778050177,58.271,1.900000000000091,23.09798401705216,2.5227742800835453,60.25,23.09798401705216,1788254988000-632578958264631296-1428366867084345344,,,,,
1465365829724930048,1788235523000-632578958264631296-1465365829724930048,1788235523000,1788241558000,1,58.234,23.336,2.495457661981488,632578958264631296,1788235523000,1465365829724930048,RJ14GQ0815,6035000,1788241558000,61.6080772482332,58.234,1.6500000000005457,23.33639289705803,2.495415647863104,60.79999999998836,23.33639289705803,1788235523000-632578958264631296-1465365829724930048,,,,,
1428031634325635072,1788261517000-632578958264631296-1428031634325635072,1788261517000,1788268332000,1,58.183,11.93,4.877032690695725,632578958264631296,1788261517000,1428031634325635072,NL01AJ9500,6815000,1788268332000,31.494889942963834,58.183,1.849999999999909,11.929882554152966,4.877080703509998,59.25,11.929882554152966,1788261517000-632578958264631296-1428031634325635072,,,,,
965194336809517056,1788261715000-632578958264631296-965194336809517056,1788261715000,1788268221000,1,58.15,26.721,2.1761910108154634,632578958264631296,1788261715000,965194336809517056,RJ14GN1584,6506000,1788268221000,70.54421236166165,58.15,0.0,26.721292561235472,2.1761671845305153,,26.721292561235472,1788261715000-632578958264631296-965194336809517056,,,,,
1067775063052255232,1788251034000-632578958264631296-1067775063052255232,1788251034000,1788256536000,1,58.12,20.915,2.7788668419794407,632578958264631296,1788251034000,1067775063052255232,RJ47GA3725,5502000,1788256536000,55.215077186694664,58.12,1.5,20.91480196465707,2.7788931541505497,60.75,20.91480196465707,1788251034000-632578958264631296-1067775063052255232,,,,,
1428064485414797312,1788305403000-632578958264631296-1428064485414797312,1788305403000,1788310873000,1,58.089,19.582,2.9664487794913694,632578958264631296,1788305403000,1428064485414797312,NL01AJ9496,5470000,1788310873000,51.6954028973354,58.089,1.5,19.58159200656644,2.966510587112661,60.25,19.58159200656644,1788305403000-632578958264631296-1428064485414797312,,,,,
876044057397166080,1788306587000-632578958264631296-876044057397166080,1788306587000,1788312163000,1,58.051,14.765,3.9316627158821538,632578958264631296,1788306587000,876044057397166080,RJ14GN1573,5576000,1788312163000,38.97947363525759,58.051,1.5,14.764952134567269,3.9316754616557623,60.70000000001164,14.764952134567269,1788306587000-632578958264631296-876044057397166080,,,,,0.0
1083729038846984192,1788230298000-632578958264631296-1083729038846984192,1788230298000,1788235172000,1,57.932,20.228,2.8639509590666403,632578958264631296,1788230298000,1083729038846984192,RJ47GA6358,4874000,1788235172000,53.40110789624056,57.932,1.2999999999992724,20.227692384939605,2.8639945129446844,61.0,20.227692384939605,1788230298000-632578958264631296-1083729038846984192,,,,,
1161991673035620352,1788248215000-632578958264631296-1161991673035620352,1788248215000,1788253011000,1,57.843,16.839,3.43506146445751,632578958264631296,1788248215000,1161991673035620352,RJ47GA6310,4796000,1788253011000,44.454402702239584,57.843,1.3499999999994543,16.83878890236348,3.4351045277300916,61.39999999999418,16.83878890236348,1788248215000-632578958264631296-1161991673035620352,,,,,
947581828959567872,1788275888000-632578958264631296-947581828959567872,1788275888000,1788280878000,1,57.816,22.111,2.6148071095834653,632578958264631296,1788275888000,947581828959567872,RJ47GA3382,4990000,1788280878000,58.37420535387075,57.816,1.3500000000003638,22.111441421920738,2.614754908862823,58.0,22.111441421920738,1788275888000-632578958264631296-947581828959567872,,,,,
1363836271826305024,1788222993000-632578958264631296-1363836271826305024,1788222993000,1788228182000,1,57.705,20.355,2.834929992630803,632578958264631296,1788222993000,1363836271826305024,NL01AJ4205,5189000,1788228182000,53.736692182824534,57.705,1.4500000000002728,20.35480764500929,2.8349567830059272,59.5,20.35480764500929,1788222993000-632578958264631296-1363836271826305024,,,,,
1070378226594873344,1788223515000-632578958264631296-1070378226594873344,1788223515000,1788228348000,1,57.701,22.542,2.5597107621329074,632578958264631296,1788223515000,1070378226594873344,RJ47GA3436,4833000,1788228348000,59.51158975989325,57.701,1.3000000000010914,22.54226884844441,2.5596802339610907,58.375,22.54226884844441,1788223515000-632578958264631296-1070378226594873344,,,,,
1111626569580806144,1788239343000-632578958264631296-1111626569580806144,1788239343000,1788244926000,1,57.595,27.851,2.0679688341531723,632578958264631296,1788239343000,1111626569580806144,NL01AH6173,5583000,1788244926000,73.52678544098696,57.595,1.5,27.851055091282934,2.067964743570041,60.25,27.851055091282937,1788239343000-632578958264631296-1111626569580806144,,,,,
876044057397166080,1788223266000-632578958264631296-876044057397166080,1788223266000,1788229284000,1,57.542,18.487,3.112565586628442,632578958264631296,1788223266000,876044057397166080,RJ14GN1573,6018000,1788229284000,48.80643873720266,57.542,1.6000000000003638,18.487287400455553,3.112517199174503,59.90000000002328,18.487287400455553,1788223266000-632578958264631296-876044057397166080,,,,,0.0
1083726423769743360,1788226944000-632578958264631296-1083726423769743360,1788226944000,1788232517000,1,57.492,19.086,3.0122602955045585,632578958264631296,1788226944000,1083726423769743360,RJ47GA6331,5573000,1788232517000,50.38695924110537,57.492,1.449999999999818,19.08596940950961,3.0122651234762294,61.39999999999418,19.08596940950961,1788226944000-632578958264631296-1083726423769743360,,,,,
942436996423352320,1788221923000-632578958264631296-942436996423352320,1788221923000,1788227767000,1,57.406,18.007,3.1879824512689505,632578958264631296,1788221923000,942436996423352320,RJ47GA1344,5844000,1788227767000,47.538933466107856,57.406,0.0,18.007171767465096,3.1879520416259766,,0.001,1788221923000-632578958264631296-942436996423352320,,,,,
1082360641819246592,1788252838000-632578958264631296-1082360641819246592,1788252838000,1788259655000,1,57.374,15.997,3.58654747765206,632578958264631296,1788252838000,1082360641819246592,RJ47GA5736,6817000,1788259655000,42.23087861335037,57.374,1.8499999999985448,15.996544929299382,3.586649507976775,58.70000000001164,15.996544929299382,1788252838000-632578958264631296-1082360641819246592,,,,,
1070370579279773696,1788225587000-632578958264631296-1070370579279773696,1788225587000,1788230278000,1,57.175,11.263,5.076356210601083,632578958264631296,1788225587000,1070370579279773696,RJ47GA3736,4691000,1788230278000,29.734857291538482,57.175,1.25,11.263203519522152,5.076264483803421,57.375,11.263203519522152,1788225587000-632578958264631296-1070370579279773696,,,,,
1389243774684626944,1788305123000-632578958264631296-1389243774684626944,1788305123000,1788312121000,1,57.105,24.782,2.3042934387862157,632578958264631296,1788305123000,1389243774684626944,NL01AJ6143,6998000,1788312121000,65.42474150260503,57.105,1.8999999999996362,24.782099054017056,2.3042842285283966,59.625,24.782099054017053,1788305123000-632578958264631296-1389243774684626944,,,,,
792451146961649664,1788246586000-632578958264631296-792451146961649664,1788246586000,1788250819000,1,57.068,12.886,4.428682290858296,632578958264631296,1788246586000,792451146961649664,RJ47GA2227,4233000,1788250819000,34.01965547365993,57.068,1.1000000000003638,12.886233133962094,4.428602168433178,,12.886233133962094,1788246586000-632578958264631296-792451146961649664,,['900758004180189185'],,900758004180189185,
1083729038846984192,1788244670000-632578958264631296-1083729038846984192,1788244670000,1788251150000,1,57.061,24.837,2.2974191730080125,632578958264631296,1788244670000,1083729038846984192,RJ47GA6358,6480000,1788251150000,65.56930435515527,57.061,1.75,24.836857710286083,2.297432334862893,60.39999999999418,24.836857710286083,1788244670000-632578958264631296-1083729038846984192,,,,,
947581828959567872,1788270120000-632578958264631296-947581828959567872,1788270120000,1788275785000,1,57.06,21.651,2.6354440903422476,632578958264631296,1788270120000,947581828959567872,RJ47GA3382,5665000,1788275785000,57.1598648265463,57.06,1.5499999999992724,21.651463949449354,2.6353876178174627,57.5,21.651463949449354,1788270120000-632578958264631296-947581828959567872,,,,,
1066703715756408832,1788252188000-632578958264631296-1066703715756408832,1788252188000,1788257662000,1,56.976,33.149,1.7187848803885486,632578958264631296,1788252188000,1066703715756408832,RJ47GA3533,5474000,1788257662000,87.51280660222217,56.976,1.5,33.14879037962961,1.718795749331853,,33.14879037962961,1788252188000-632578958264631296-1066703715756408832,,,,,
1536014609964597248,1788280379000-632578958264631296-1536014609964597248,1788280379000,1788288502000,1,56.976,30.669,1.8577716912843587,632578958264631296,1788280379000,1536014609964597248,NL01AK9197,8123000,1788288502000,80.96626153564651,56.976,2.25,30.669038460472162,1.857769361547921,58.650000000001455,30.669038460472162,1788280379000-632578958264631296-1536014609964597248,"{'confidence': 44, 'count': 8, 'error_code': None, 'flags': {'alta-status': 'present', 'alta_partial': False, 'gps_dup_rows_count': 0}, 'load_class': 'HIGH', 'mean': 70606.45458526551, 'std': 22371.052237532185, 'timestamp': 1788288510670}",,,,
1475452919183572992,1788263932000-632578958264631296-1475452919183572992,1788263932000,1788272636000,1,56.917,33.488,1.6996237458193981,632578958264631296,1788263932000,1475452919183572992,NL01AK3038,8704000,1788272636000,88.40953999393251,56.917,2.349999999999909,33.48846211891383,1.699600292121329,60.375,33.48846211891383,1788263932000-632578958264631296-1475452919183572992,"{'confidence': 50.9, 'count': 6, 'error_code': None, 'flags': {'alta-status': 'present', 'alta_partial': False, 'gps_dup_rows_count': 0}, 'load_class': 'HIGH', 'mean': 45770.69612722303, 'std': 11019.41507996486, 'timestamp': 1788314125242}",,,,
1142833661045899264,1788257332000-632578958264631296-1142833661045899264,1788257332000,1788262166000,1,56.782,19.297,2.942529926931647,632578958264631296,1788257332000,1142833661045899264,RJ47GA6293,4834000,1788262166000,50.94402530785241,56.782,1.25,19.296979283277427,2.94253308595334,59.79999999998836,19.296979283277427,1788257332000-632578958264631296-1142833661045899264,,,,,
874363612666265600,1788255184000-632578958264631296-874363612666265600,1788255184000,1788259975000,1,56.684,14.75,3.8429830508474576,632578958264631296,1788255184000,874363612666265600,RJ47GA1973,4791000,1788259975000,38.93970016554173,56.684,0.0,14.749886426341563,3.8430126416952635,58.375,14.749886426341563,1788255184000-632578958264631296-874363612666265600,,['900758004175994887'],,900758004175994887,
1135529735623802880,1788303188000-632578958264631296-1135529735623802880,1788303188000,1788311308000,1,56.672,30.821,1.8387463093345444,632578958264631296,1788303188000,1135529735623802880,RJ47GA6233,8120000,1788311308000,81.36669612613152,56.672,2.25,30.82071822959527,1.8387631195947052,60.10000000000582,30.82071822959527,1788303188000-632578958264631296-1135529735623802880,"{'confidence': 54.4, 'count': 7, 'error_code': None, 'flags': {'alta-status': 'present', 'alta_partial': False, 'gps_dup_rows_count': 2}, 'load_class': 'HIGH', 'mean': 63041.733718205105, 'std': 15196.925117863677, 'timestamp': 1788311317861}",,,,
786545248472924160,1788250827000-632578958264631296-786545248472924160,1788250827000,1788255898000,1,56.622,18.893,2.996983009580268,632578958264631296,1788250827000,786545248472924160,RJ47GA3116,5071000,1788255898000,49.8767379835567,56.622,1.3499999999985448,18.892703781650265,2.9970299992209006,64.09999999997672,18.892703781650265,1788250827000-632578958264631296-786545248472924160,,['900758004209549323'],,900758004209549323,
1101157025884143616,1788231912000-632578958264631296-1101157025884143616,1788231912000,1788237269000,1,56.556,19.169,2.950388648338463,632578958264631296,1788231912000,1101157025884143616,RJ47GA5517,5357000,1788237269000,50.60632872654593,56.556,1.4500000000007276,19.16906391157043,2.950378811448526,58.300000000046566,19.16906391157043,1788231912000-632578958264631296-1101157025884143616,,,,,
1111626569580806144,1788303212000-632578958264631296-1111626569580806144,1788303212000,1788310964000,1,56.549,29.0,1.9499655172413792,632578958264631296,1788303212000,1111626569580806144,NL01AH6173,7752000,1788310964000,76.56,56.549,2.1500000000005457,29.0,1.9499655172413792,59.875,29.0,1788303212000-632578958264631296-1111626569580806144,"{'confidence': 76.8, 'count': 11, 'error_code': None, 'flags': {'alta-status': 'present', 'alta_partial': False, 'gps_dup_rows_count': 0}, 'load_class': 'HIGH', 'mean': 56081.01089515167, 'std': 8630.048037900186, 'timestamp': 1788310974474}",,,,
946024601958219776,1788224341000-632578958264631296-946024601958219776,1788224341000,1788229780000,1,56.524,18.784,3.009156729131176,632578958264631296,1788224341000,946024601958219776,RJ47GA3613,5439000,1788229780000,49.58937606734667,56.524,1.5,18.783854570964646,3.0091800267327775,59.0,18.783854570964646,1788224341000-632578958264631296-946024601958219776,,,,,
857602255610707968,1788234649000-632578958264631296-857602255610707968,1788234649000,1788239111000,1,56.368,15.072,3.739915074309979,632578958264631296,1788234649000,857602255610707968,RJ47GA4334,4462000,1788239111000,39.79132273666089,56.368,1.1000000000003638,15.072470733583668,3.7397982717195704,57.29999999998836,15.072470733583668,1788234649000-632578958264631296-857602255610707968,,['900758004230520839'],,900758004230520839,0.0
869918310366445568,1788254116000-632578958264631296-869918310366445568,1788254116000,1788262411000,1,56.365,20.496,2.7500487900078068,632578958264631296,1788254116000,869918310366445568,RJ47GA4503,8295000,1788262411000,54.10975368166392,56.365,2.2000000000007276,20.49611881881209,2.7500328475977676,57.899999999965075,20.49611881881209,1788254116000-632578958264631296-869918310366445568,"{'confidence': 0, 'count': 2, 'error_code': None, 'flags': {'alta-status': 'present', 'alta_partial': False, 'gps_dup_rows_count': 0}, 'load_class': 'MEDIUM', 'mean': 24090.896458584146, 'std': 2011.206782500832, 'timestamp': 1788263200385}",,,,0.0
1120316721542987776,1788266501000-632578958264631296-1120316721542987776,1788266501000,1788272448000,1,56.26,16.0,3.51625,632578958264631296,1788266501000,1120316721542987776,RJ47GA6411,5947000,1788272448000,42.24,56.26,1.6000000000003638,16.0,3.51625,58.70000000001164,16.0,1788266501000-632578958264631296-1120316721542987776,,,,,
780122893064339456,1788262128000-632578958264631296-780122893064339456,1788262128000,1788266558000,1,56.14,18.531,3.0295181047973667,632578958264631296,1788262128000,780122893064339456,RJ47GA3065,4430000,1788266558000,48.922800390455535,56.14,1.2000000000007276,18.53136378426346,3.0294586331348805,63.600000000034925,18.53136378426346,1788262128000-632578958264631296-780122893064339456,,['900758004201160710'],,900758004201160710,
932302785804763136,1788241419000-632578958264631296-932302785804763136,1788241419000,1788250261000,1,56.122,31.375,1.7887490039840637,632578958264631296,1788241419000,932302785804763136,RJ47GA4681,8842000,1788250261000,82.83108854404745,56.122,2.399999999999636,31.375412327290697,1.7887254967222992,58.29999999998836,31.375412327290697,1788241419000-632578958264631296-932302785804763136,"{'confidence': 53.1, 'count': 4, 'error_code': None, 'flags': {'alta-status': 'present', 'alta_partial': False, 'gps_dup_rows_count': 0}, 'load_class': 'HIGH', 'mean': 35228.96844676768, 'std': 6608.1662160833675, 'timestamp': 1788269649934}",,,,
1120316662394912768,1788302168000-632578958264631296-1120316662394912768,1788302168000,1788308051000,1,56.08,16.711,3.3558733768176654,632578958264631296,1788302168000,1120316662394912768,RJ47GA6414,5883000,1788308051000,44.117632943177775,56.08,1.5999999999994543,16.71122459968855,3.355828273712818,58.5,16.71122459968855,1788302168000-632578958264631296-1120316662394912768,,,,,
1083727333329731584,1788274010000-632578958264631296-1083727333329731584,1788274010000,1788279553000,1,56.063,18.18,3.083773377337734,632578958264631296,1788274010000,1083727333329731584,RJ47GA6318,5543000,1788279553000,47.99594875116524,56.063,1.5,18.18028361786562,3.0837252695501043,59.89999999999418,18.18028361786562,1788274010000-632578958264631296-1083727333329731584,,,,,
1064494636166283264,1788237746000-632578958264631296-1064494636166283264,1788237746000,1788242418000,1,56.003,20.378,2.748208852684267,632578958264631296,1788237746000,1064494636166283264,RJ47GA2650,4672000,1788242418000,53.79665022296095,56.003,1.25,20.377519023848844,2.7482737194089646,59.125,20.377519023848844,1788237746000-632578958264631296-1064494636166283264,,,,,
1132636843020386304,1788259025000-632578958264631296-1132636843020386304,1788259025000,1788263739000,1,55.997,12.034,4.653232507894299,632578958264631296,1788259025000,1132636843020386304,RJ47GA4655,4714000,1788263739000,31.76889476670729,55.997,0.0,12.033672260116397,4.653359239771946,57.90000000002328,12.033672260116397,1788259025000-632578958264631296-1132636843020386304,,,,,
938817698895233024,1788276179000-632578958264631296-938817698895233024,1788276179000,1788281924000,1,55.996,26.38,2.1226686884003034,632578958264631296,1788276179000,938817698895233024,RJ47GA2715,5745000,1788281924000,69.64311525758204,55.996,1.5499999999992724,26.379967900599254,2.1226712712841467,57.125,26.379967900599254,1788276179000-632578958264631296-938817698895233024,,,,,
1072871041421803520,1788304745000-632578958264631296-1072871041421803520,1788304745000,1788316474000,1,55.932,32.631,1.714075572308541,632578958264631296,1788304745000,1072871041421803520,RJ47GA5833,11729000,1788316474000,86.14545629082826,55.932,3.199999999999818,32.630854655616766,1.7140832071455536,59.10000000000582,32.630854655616766,1788304745000-632578958264631296-1072871041421803520,"{'confidence': 54.2, 'count': 8, 'error_code': None, 'flags': {'alta-status': 'present', 'alta_partial': False, 'gps_dup_rows_count': 0}, 'load_class': 'HIGH', 'mean': 53209.9839463199, 'std': 13792.368297355799, 'timestamp': 1788317448518}",,,,
1083726988146900992,1788220904000-632578958264631296-1083726988146900992,1788220904000,1788228053000,1,55.9,35.496,1.574825332431823,632578958264631296,1788220904000,1083726988146900992,RJ47GA6307,7149000,1788228053000,93.70863661039218,55.9,1.8999999999996362,35.49569568575461,1.574838833837371,59.09999999997672,35.49569568575461,1788220904000-632578958264631296-1083726988146900992,,,,,
1536014556927623168,1788269901000-632578958264631296-1536014556927623168,1788269901000,1788274875000,1,55.869,19.684,2.8382950619792724,632578958264631296,1788269901000,1536014556927623168,NL01AK9196,4974000,1788274875000,51.96481444421691,55.869,1.3500000000000227,19.683641834930647,2.8383467078157616,57.590000000000146,19.683641834930647,1788269901000-632578958264631296-1536014556927623168,,,,,
1294723291725955072,1788242305000-632578958264631296-1294723291725955072,1788242305000,1788247267000,1,55.695,21.724,2.5637543730436385,632578958264631296,1788242305000,1294723291725955072,NL01AH7658,4962000,1788247267000,57.35229946983773,55.695,1.3500000000003638,21.724355859787018,2.5637123769959285,57.375,21.724355859787018,1788242305000-632578958264631296-1294723291725955072,,,,,
1111626569580806144,1788256746000-632578958264631296-1111626569580806144,1788256746000,1788261887000,1,55.644,22.218,2.504455846610856,632578958264631296,1788256746000,1111626569580806144,NL01AH6173,5141000,1788261887000,58.65521817520415,55.644,1.3999999999996362,22.217885672425812,2.5044687339020153,59.0,22.217885672425812,1788256746000-632578958264631296-1111626569580806144,,,,,
942436996423352320,1788228453000-632578958264631296-942436996423352320,1788228453000,1788233779000,1,55.621,17.522,3.1743522428946473,632578958264631296,1788228453000,942436996423352320,RJ47GA1344,5326000,1788233779000,46.25835207657435,55.621,0.0,17.522103059308463,3.1743335723876953,,0.001,1788228453000-632578958264631296-942436996423352320,,,,,
1082007973238145024,1788234380000-632578958264631296-1082007973238145024,1788234380000,1788239254000,1,55.6,11.751,4.7315122117266615,632578958264631296,1788234380000,1082007973238145024,RJ47GA5734,4874000,1788239254000,31.02307814831316,55.59999999997672,1.25,11.751165965270136,4.731445387147043,55.59999999997672,11.751165965270136,1788234380000-632578958264631296-1082007973238145024,,,,,
939141093658722304,1788257299000-632578958264631296-939141093658722304,1788257299000,1788263535000,1,55.537,23.004,2.4142323074247956,632578958264631296,1788257299000,939141093658722304,RJ47GA3768,6236000,1788263535000,60.730103166583945,55.537,1.7000000000007276,23.003826957039372,2.4142504681380936,64.25,23.003826957039372,1788257299000-632578958264631296-939141093658722304,,,,,
1181865650805538816,1788271637000-632578958264631296-1181865650805538816,1788271637000,1788276604000,1,55.535,16.169,3.434658915208114,632578958264631296,1788271637000,1181865650805538816,RJ47GA6367,4967000,1788276604000,42.68616430232048,55.535,1.3999999999996362,16.169001629666848,3.434658569030292,58.39999999999418,16.169001629666848,1788271637000-632578958264631296-1181865650805538816,,,,,
1089954932305428480,1788265711000-632578958264631296-1089954932305428480,1788265711000,1788271784000,1,55.527,21.846,2.5417467728645975,632578958264631296,1788265711000,1089954932305428480,RJ47GA3362,6073000,1788271784000,57.67431230336434,55.527,1.6499999999996362,21.846330417941036,2.541708329852922,59.125,21.846330417941036,1788265711000-632578958264631296-1089954932305428480,,,,,
1088472759995990016,1788227857000-632578958264631296-1088472759995990016,1788227857000,1788232225000,1,55.5,11.299,4.911939109655722,632578958264631296,1788227857000,1088472759995990016,RJ47GA5727,4368000,1788232225000,29.82907478478202,55.5,1.1499999999996362,11.298891963932583,4.91198607590573,55.5,11.298891963932583,1788227857000-632578958264631296-1088472759995990016,,,,,
946026878085365760,1788237902000-632578958264631296-946026878085365760,1788237902000,1788243547000,1,55.487,23.076,2.404532847980586,632578958264631296,1788237902000,946026878085365760,RJ47GA4715,5645000,1788243547000,60.91957685460675,55.487,0.0,23.075597293411647,2.4045748109775773,55.89999999999418,23.075597293411644,1788237902000-632578958264631296-946026878085365760,,,,,
947104748366987264,1788241499000-632578958264631296-947104748366987264,1788241499000,1788246442000,1,55.393,11.136,4.974227729885058,632578958264631296,1788241499000,947104748366987264,RJ47GA2627,4943000,1788246442000,29.398740345905598,55.393,1.349999999999909,11.13588649466121,4.97427843095892,63.125,6.6963537796135295,1788241499000-632578958264631296-947104748366987264,,,,,
1046443765134262272,1788242240000-632578958264631296-1046443765134262272,1788242240000,1788251791000,1,55.352,30.917,1.7903418831063813,632578958264631296,1788242240000,1046443765134262272,RJ47GA4014,9551000,1788251791000,81.62086628341254,55.352,2.600000000000364,30.916994804322933,1.7903421839777411,55.375,30.916994804322933,1788242240000-632578958264631296-1046443765134262272,"{'confidence': 28, 'count': 3, 'error_code': None, 'flags': {'alta-status': 'present', 'alta_partial': False, 'gps_dup_rows_count': 0}, 'load_class': 'HIGH', 'mean': 50700.68720186975, 'std': 12650.458617122746, 'timestamp': 1788252489232}",,,,
1093088075828953088,1788277771000-632578958264631296-1093088075828953088,1788277771000,1788287252000,1,55.329,12.37,4.4728375101050935,632578958264631296,1788277771000,1093088075828953088,RJ47GA5975,9481000,1788287252000,32.65723184988381,55.329,2.5999999999994543,12.37016357950144,4.472778362582489,58.720000000001164,12.370163579501442,1788277771000-632578958264631296-1093088075828953088,"{'confidence': 0, 'count': 2, 'error_code': None, 'flags': {'alta-status': 'present', 'alta_partial': False, 'gps_dup_rows_count': 0}, 'load_class': 'LOW', 'mean': 18159.645755491532, 'std': 4732.774073522922, 'timestamp': 1788287256155}",,,,
1097510484225032192,1788241688000-632578958264631296-1097510484225032192,1788241688000,1788246994000,1,55.178,20.496,2.692135050741608,632578958264631296,1788241688000,1097510484225032192,RJ47GA3830,5306000,1788246994000,54.10877452609246,55.178,1.4500000000007276,20.495747926550173,2.692168160817516,60.625,20.495747926550173,1788241688000-632578958264631296-1097510484225032192,,,,,
1138783468012961792,1788275832000-632578958264631296-1138783468012961792,1788275832000,1788281518000,1,55.171,14.096,3.9139472190692395,632578958264631296,1788275832000,1138783468012961792,RJ47GA6258,5686000,1788281518000,37.21444326439496,55.171,1.5,14.09638002439203,3.9138417029431283,57.70000000001164,14.09638002439203,1788275832000-632578958264631296-1138783468012961792,,,,,
1073663431535493120,1788268640000-632578958264631296-1073663431535493120,1788268640000,1788273749000,1,55.129,11.416,4.829099509460406,632578958264631296,1788268640000,1073663431535493120,RJ47GA5728,5109000,1788273749000,30.13798743114244,55.129,1.4000000000014552,11.415904329978197,4.829139979320875,58.0,11.415904329978199,1788268640000-632578958264631296-1073663431535493120,,,,,
1070334753032372224,1788256283000-632578958264631296-1070334753032372224,1788256283000,1788262121000,1,55.101,20.906,2.6356548359322685,632578958264631296,1788256283000,1070334753032372224,RJ47GA4000,5838000,1788262121000,55.19184000000707,55.101,1.5500000000010914,20.906000000002678,2.6356548359319305,56.375,20.906000000002678,1788256283000-632578958264631296-1070334753032372224,,['1096406669480427549'],,,
1083728870357598208,1788268308000-632578958264631296-1083728870357598208,1788268308000,1788274923000,1,55.089,31.904,1.7267113841524573,632578958264631296,1788268308000,1083728870357598208,RJ47GA6364,6615000,1788274923000,84.22576218702851,55.089,1.800000000000182,31.90369779811686,1.7267277401070313,58.79999999998836,31.90369779811686,1788268308000-632578958264631296-1083728870357598208,,,,,
1405141042860130304,1788240973000-632578958264631296-1405141042860130304,1788240973000,1788247403000,1,54.973,17.569,3.128977175707212,632578958264631296,1788240973000,1405141042860130304,NL01AJ7418,6430000,1788247403000,46.38089833896984,54.973,1.75,17.568522098094636,3.1290622906728167,57.9600000000064,17.568522098094636,1788240973000-632578958264631296-1405141042860130304,,,,,
932334220825591808,1788237946000-632578958264631296-932334220825591808,1788237946000,1788242760000,1,54.803,19.882,2.7564128357308113,632578958264631296,1788237946000,932334220825591808,RJ47GA4637,4814000,1788242760000,52.4892446664754,54.803,1.2999999999992724,19.882289646392195,2.7563726801427246,56.29999999998836,19.882289646392195,1788237946000-632578958264631296-932334220825591808,,,,,
1464286463544786944,1788235314000-632578958264631296-1464286463544786944,1788235314000,1788240189000,1,54.758,11.944,4.58456128600134,632578958264631296,1788235314000,1464286463544786944,NL01AK1962,4875000,1788240189000,31.532254945167228,54.758,1.300000000000182,11.944035964078495,4.5845474816623,56.375,11.944035964078495,1788235314000-632578958264631296-1464286463544786944,,,,,
857602255610707968,1788223845000-632578958264631296-857602255610707968,1788223845000,1788229734000,1,54.734,17.999,3.0409467192621817,632578958264631296,1788223845000,857602255610707968,RJ47GA4334,5889000,1788229734000,47.51628801254789,54.734,1.6000000000003638,17.998593944146926,3.041015324299779,56.699999999953434,17.998593944146926,1788223845000-632578958264631296-857602255610707968,,['900758004230520839'],,900758004230520839,1.5590962365060113
929711155667009536,1788240583000-632578958264631296-929711155667009536,1788240583000,1788245323000,1,54.713,10.702,5.112408895533545,632578958264631296,1788240583000,929711155667009536,RJ47GA3528,4740000,1788245323000,28.25248754296591,54.713,1.2999999999992724,10.701699826881026,5.11255229403551,57.625,10.701699826881026,1788240583000-632578958264631296-929711155667009536,,,,,
1422205425331208192,1788238088000-632578958264631296-1422205425331208192,1788238088000,1788245713000,1,54.677,23.343,2.342329606305959,632578958264631296,1788238088000,1422205425331208192,NL01AJ9003,7625000,1788245713000,61.62547405013904,54.677,2.0,23.342982594749635,2.342331352819416,58.125,23.342982594749635,1788238088000-632578958264631296-1422205425331208192,"{'confidence': 27.1, 'count': 9, 'error_code': None, 'flags': {'alta-status': 'present', 'alta_partial': False, 'gps_dup_rows_count': 0}, 'load_class': 'HIGH', 'mean': 46125.90617981145, 'std': 20176.75820066621, 'timestamp': 1788245897510}",,,,
1079444806125486080,1788256333000-632578958264631296-1079444806125486080,1788256333000,1788262492000,1,54.605,22.53,2.423657345761207,632578958264631296,1788256333000,1079444806125486080,RJ47GA6401,6159000,1788262492000,59.4787810331133,54.605,1.699999999999818,22.529841300421705,2.4236744179364424,58.5,22.529841300421705,1788256333000-632578958264631296-1079444806125486080,,,,,
1152270135390633984,1788278083000-902855557075959808-1152270135390633984,1788278083000,1788283794000,1,54.6,18.354,2.9748283752860414,902855557075959808,1788278083000,1152270135390633984,RJ47GA6196,5711000,1788283794000,48.45394818854253,54.6,1.550000000000182,18.353768253235806,2.9748659374280764,56.699999999953434,18.353768253235806,1788278083000-902855557075959808-1152270135390633984,,,,,
1540361729291059200,1788264721000-632578958264631296-1540361729291059200,1788264721000,1788271121000,1,54.599,18.394,2.968304882026748,632578958264631296,1788264721000,1540361729291059200,NL01AK8391,6400000,1788271121000,48.55901105662,54.599,1.7000000000000455,18.393564794174242,2.96837511439289,56.775000000001455,18.393564794174242,1788264721000-632578958264631296-1540361729291059200,,,,,
935951856658546688,1788277324000-632578958264631296-935951856658546688,1788277324000,1788282103000,1,54.591,19.479,2.8025565994147543,632578958264631296,1788277324000,935951856658546688,RJ47GA4709,4779000,1788282103000,51.42491251055368,54.591,1.300000000000182,19.47913352672488,2.8025373882828273,54.900000000001455,19.47913352672488,1788277324000-632578958264631296-935951856658546688,,,,,
1050781444223270912,1788263721000-632578958264631296-1050781444223270912,1788263721000,1788268929000,1,54.513,10.85,5.024239631336406,632578958264631296,1788263721000,1050781444223270912,RJ47GA5621,5208000,1788268929000,28.64339824926142,54.513,1.4000000000005457,10.849772064114173,5.024345182356667,57.30000000001746,10.849772064114173,1788263721000-632578958264631296-1050781444223270912,,,,,
1488129049464143872,1788254698000-632578958264631296-1488129049464143872,1788254698000,1788259528000,1,54.501,17.852,3.052935245350661,632578958264631296,1788254698000,1488129049464143872,NL01AK3098,4830000,1788259528000,47.12855709098043,54.501,1.25,17.85172617082592,3.0529820745888396,57.25,17.85172617082592,1788254698000-632578958264631296-1488129049464143872,,,,,
961239466377216000,1788245342000-632578958264631296-961239466377216000,1788245342000,1788250161000,1,54.497,12.5,4.35976,632578958264631296,1788245342000,961239466377216000,RJ47GA2691,4819000,1788250161000,32.99891355461739,54.497,1.3000000000010914,12.4995884676581,4.359903539305119,45.125,12.499588467658102,1788245342000-632578958264631296-961239466377216000,,,,,
964171206683000832,1788227841000-632578958264631296-964171206683000832,1788227841000,1788232226000,1,54.47,12.272,4.438559322033898,632578958264631296,1788227841000,964171206683000832,RJ47GA4674,4385000,1788232226000,32.398237414406225,54.47,1.2000000000007276,12.272059626669025,4.438537756256377,55.70000000001164,12.272059626669023,1788227841000-632578958264631296-964171206683000832,,,,,
1385588705250508800,1788238717000-632578958264631296-1385588705250508800,1788238717000,1788244378000,1,54.402,10.139,5.365617911036592,632578958264631296,1788238717000,1385588705250508800,NL01AJ5691,5661000,1788244378000,26.766411549920363,54.402,1.5499999999997272,10.138792253757712,5.365727853811892,54.625,10.138792253757712,1788238717000-632578958264631296-1385588705250508800,,,,,
1491416395517263872,1788237524000-632578958264631296-1491416395517263872,1788237524000,1788242856000,1,54.373,16.874,3.2222946544980444,632578958264631296,1788237524000,1491416395517263872,NL01AK3106,5332000,1788242856000,44.54801249931108,54.373,1.400000000000091,16.874247158829952,3.222247457217533,57.75,16.874247158829952,1788237524000-632578958264631296-1491416395517263872,,,,,
1428366867084345344,1788237989000-632578958264631296-1428366867084345344,1788237989000,1788243378000,1,54.336,17.631,3.0818444784754124,632578958264631296,1788237989000,1428366867084345344,NL01AJ9498,5389000,1788243378000,46.54699230050162,54.336,1.4500000000002728,17.631436477462735,3.081768185448453,56.125,17.631436477462735,1788237989000-632578958264631296-1428366867084345344,,,,,
1135598313102376960,1788304894000-632578958264631296-1135598313102376960,1788304894000,1788309791000,1,54.321,14.936,3.6369175147295123,632578958264631296,1788304894000,1135598313102376960,RJ47GA6228,4897000,1788309791000,39.43013229055966,54.321,1.3500000000003638,14.935656170666537,3.6370012391344306,57.60000000000582,14.935656170666537,1788304894000-632578958264631296-1135598313102376960,,,,,
870275474985582592,1788260337000-632578958264631296-870275474985582592,1788260337000,1788264992000,1,54.23,15.538,3.4901531728665205,632578958264631296,1788260337000,870275474985582592,RJ47GA4502,4655000,1788264992000,41.02137171382982,54.23,1.2000000000007276,15.538398376450688,3.4900636916471774,55.399999999965075,15.538398376450688,1788260337000-632578958264631296-870275474985582592,,,,,1.4168075760081411
798236529196531712,1788252674000-632578958264631296-798236529196531712,1788252674000,1788258956000,1,54.03,19.452,2.7776064157927203,632578958264631296,1788252674000,798236529196531712,RJ47GA3075,6282000,1788258956000,51.35333007323901,54.03,1.7000000000007276,19.452018967135988,2.777603707424057,60.59999999997672,19.452018967135988,1788252674000-632578958264631296-798236529196531712,,['900758004205355009'],,900758004205355009,
944571594812948480,1788226067000-632578958264631296-944571594812948480,1788226067000,1788230971000,1,53.921,14.2,3.797253521126761,632578958264631296,1788226067000,944571594812948480,RJ47GA2733,4904000,1788230971000,37.487846786778434,53.921,0.0,14.1999419646888,3.7972690405415825,44.0,14.1999419646888,1788226067000-632578958264631296-944571594812948480,,,,,
1105914583932993536,1788265708000-632578958264631296-1105914583932993536,1788265708000,1788270305000,1,53.891,11.21,4.807404103479036,632578958264631296,1788265708000,1105914583932993536,RJ47GA3805,4597000,1788270305000,29.595614575512965,53.891,1.2000000000007276,11.210460066482183,4.807206812245563,51.5,7.653528673559285,1788265708000-632578958264631296-1105914583932993536,,,,,
1083729116835872768,1788272822000-632578958264631296-1083729116835872768,1788272822000,1788280882000,1,53.83,30.555,1.7617411225658648,632578958264631296,1788272822000,1083729116835872768,RJ47GA6361,8060000,1788280882000,80.66447532440576,53.83,0.0,30.554725501668848,1.7617569497412076,56.5,30.554725501668848,1788272822000-632578958264631296-1083729116835872768,"{'confidence': 4.7, 'count': 5, 'error_code': None, 'flags': {'alta-status': 'present', 'alta_partial': False, 'gps_dup_rows_count': 0}, 'load_class': 'HIGH', 'mean': 51889.74962170743, 'std': 22104.48074625028, 'timestamp': 1788280891861}",,,,
1259200800735887360,1788272796000-632578958264631296-1259200800735887360,1788272796000,1788280809000,1,53.789,30.371,1.7710645023212934,632578958264631296,1788272796000,1259200800735887360,NL01AH5402,8013000,1788280809000,80.18023914733901,53.789,2.149999999999636,30.37130270732538,1.7710468503225056,56.97500000000582,30.37130270732538,1788272796000-632578958264631296-1259200800735887360,"{'confidence': 34.6, 'count': 6, 'error_code': None, 'flags': {'alta-status': 'present', 'alta_partial': False, 'gps_dup_rows_count': 4}, 'load_class': 'HIGH', 'mean': 44210.90089561384, 'std': 14163.369025907388, 'timestamp': 1788280816689}",,,,
798236529196531712,1788273858000-632578958264631296-798236529196531712,1788273858000,1788279041000,1,53.76,23.852,2.253899044105316,632578958264631296,1788273858000,798236529196531712,RJ47GA3075,5183000,1788279041000,62.96870770819786,53.76,1.3999999999996362,23.85178322280222,2.2539195286919105,60.20000000001164,23.85178322280222,1788273858000-632578958264631296-798236529196531712,,['900758004205355009'],,900758004205355009,
1464260641047969792,1788303860000-632578958264631296-1464260641047969792,1788303860000,1788310211000,1,53.73,18.324,2.9322200392927305,632578958264631296,1788303860000,1464260641047969792,NL01AK1966,6351000,1788310211000,48.37559062539046,53.73,1.75,18.324087358102446,2.9322060602511786,55.5,18.324087358102446,1788303860000-632578958264631296-1464260641047969792,,,,,
1362128357327634432,1788244530000-632578958264631296-1362128357327634432,1788244530000,1788249349000,1,53.581,18.166,2.9495210833425083,632578958264631296,1788244530000,1362128357327634432,NL01AJ4203,4819000,1788249349000,47.95904459007294,53.581,1.349999999999909,18.166304768967024,2.9494716003846246,56.375,18.166304768967024,1788244530000-632578958264631296-1362128357327634432,,,,,
935627425390264320,1788248312000-632578958264631296-935627425390264320,1788248312000,1788254245000,1,53.56,22.373,2.3939570017431726,632578958264631296,1788248312000,935627425390264320,RJ47GA4714,5933000,1788254245000,59.06435503021333,53.56,1.6000000000003638,22.372861753868683,2.3939717944548815,55.30000000000291,22.372861753868683,1788248312000-632578958264631296-935627425390264320,,,,,
940245549137788928,1788258484000-632578958264631296-940245549137788928,1788258484000,1788264642000,1,53.527,17.18,3.1156577415599536,632578958264631296,1788258484000,940245549137788928,RJ47GA4673,6158000,1788264642000,45.35390524036667,53.527,1.6499999999996362,17.17950956074495,3.1157466871061787,55.80000000001746,17.17950956074495,1788258484000-632578958264631296-940245549137788928,,,,,
794950170587430912,1788226388000-632578958264631296-794950170587430912,1788226388000,1788231233000,1,53.483,20.0,2.67415,632578958264631296,1788226388000,794950170587430912,RJ47GA2696,4845000,1788231233000,52.800000000000004,53.483,1.2999999999992724,20.0,2.67415,59.29999999998836,20.0,1788226388000-632578958264631296-794950170587430912,,['900758004192772105'],,900758004192772105,
1050037537222950912,1788252734000-632578958264631296-1050037537222950912,1788252734000,1788259107000,1,53.443,20.637,2.589669041042787,632578958264631296,1788252734000,1050037537222950912,RJ47GA5924,6373000,1788259107000,54.48222482004824,53.443,1.6000000000003638,20.63720637123039,2.5896431444569465,55.029999999998836,20.63720637123039,1788252734000-632578958264631296-1050037537222950912,,,,,
870275474985582592,1788237037000-632578958264631296-870275474985582592,1788237037000,1788241490000,1,53.394,14.084,3.791110479977279,632578958264631296,1788237037000,870275474985582592,RJ47GA4502,4453000,1788241490000,37.18290946333333,53.394,1.2000000000007276,14.084435402777777,3.790993282518763,55.79999999998836,14.084435402777777,1788237037000-632578958264631296-870275474985582592,,,,,0.0
1593693995681185792,1788223819000-632578958264631296-1593693995681185792,1788223819000,1788229193000,1,53.393,19.796,2.697161042634876,632578958264631296,1788223819000,1593693995681185792,NL01AL2126,5374000,1788229193000,52.262248620540554,53.393,1.4500000000000028,19.7963062956593,2.6971193111771252,54.899999999999636,19.7963062956593,1788223819000-632578958264631296-1593693995681185792,,,,,
1465365829724930048,1788226617000-632578958264631296-1465365829724930048,1788226617000,1788231987000,1,53.389,18.35,2.909482288828338,632578958264631296,1788226617000,1465365829724930048,RJ14GQ0815,5370000,1788231987000,48.443693750109844,53.389,1.449999999999818,18.349883996253727,2.9095006819062066,55.70000000001164,18.349883996253727,1788226617000-632578958264631296-1465365829724930048,,,,,
1094226778622263296,1788275280000-632578958264631296-1094226778622263296,1788275280000,1788280082000,1,53.374,21.188,2.5190673966396075,632578958264631296,1788275280000,1094226778622263296,RJ47GA6284,4802000,1788280082000,55.93631999998586,53.374,1.300000000000182,21.187999999994645,2.519067396640244,56.70000000001164,21.187999999994645,1788275280000-632578958264631296-1094226778622263296,,,,,
1422205425331208192,1788271614000-632578958264631296-1422205425331208192,1788271614000,1788278805000,1,53.209,23.537,2.260653439265837,632578958264631296,1788271614000,1422205425331208192,NL01AJ9003,7191000,1788278805000,62.138837239106216,53.209,1.9500000000002728,23.537438348146292,2.2606113381149022,57.125,23.537438348146292,1788271614000-632578958264631296-1422205425331208192,,,,,
1079444806125486080,1788227037000-632578958264631296-1079444806125486080,1788227037000,1788232324000,1,53.064,17.294,3.068347403723835,632578958264631296,1788227037000,1079444806125486080,RJ47GA6401,5287000,1788232324000,45.65613913631807,53.064,1.449999999999818,17.293992097090175,3.068348805879723,56.10000000000582,17.293992097090175,1788227037000-632578958264631296-1079444806125486080,,,,,
935951856658546688,1788232994000-632578958264631296-935951856658546688,1788232994000,1788239775000,1,52.9,22.171,2.3859997293762123,632578958264631296,1788232994000,935951856658546688,RJ47GA4709,6781000,1788239775000,58.53207741497691,52.900000000001455,1.800000000000182,22.17124144506701,2.385973745812571,52.900000000001455,22.17124144506701,1788232994000-632578958264631296-935951856658546688,,,,,
1083726988146900992,1788238974000-632578958264631296-1083726988146900992,1788238974000,1788244750000,1,52.899,20.733,2.5514397337577774,632578958264631296,1788238974000,1083726988146900992,RJ47GA6307,5776000,1788244750000,54.73543736286883,52.899,1.6000000000003638,20.73312021320789,2.551424940193086,56.5,20.73312021320789,1788238974000-632578958264631296-1083726988146900992,,,,,
873916972050415616,1788236140000-632578958264631296-873916972050415616,1788236140000,1788241981000,1,52.745,20.039,2.6321173711263035,632578958264631296,1788236140000,873916972050415616,RJ14GN1586,5841000,1788241981000,52.9033790798784,52.745,1.6000000000003638,20.03915874237818,2.6320965205219187,55.20000000001164,20.03915874237818,1788236140000-632578958264631296-873916972050415616,,,,,0.5519999999999947
1540361830973571072,1788239007000-632578958264631296-1540361830973571072,1788239007000,1788244056000,1,52.732,15.896,3.3173125314544536,632578958264631296,1788239007000,1540361830973571072,NL01AK8390,5049000,1788244056000,41.965103355558895,52.732,1.400000000000091,15.895872483166247,3.317339142965777,54.344999999997526,15.895872483166247,1788239007000-632578958264631296-1540361830973571072,,,,,
1401196266230120448,1788275279000-632578958264631296-1401196266230120448,1788275279000,1788279797000,1,52.61,17.757,2.9627752435659174,632578958264631296,1788275279000,1401196266230120448,NL01AJ4828,4518000,1788279797000,46.87848330874403,52.61,1.0,17.757001253312133,2.962775034449406,52.40000000000873,17.757001253312133,1788275279000-632578958264631296-1401196266230120448,,,,,
1500491887742550016,1788259765000-632578958264631296-1500491887742550016,1788259765000,1788265253000,1,52.539,9.152,5.740712412587413,632578958264631296,1788259765000,1500491887742550016,NL01AK3121,5488000,1788265253000,24.16133524061391,52.539,1.5,9.152020924474964,5.740699287465197,55.0,9.152020924474964,1788259765000-632578958264631296-1500491887742550016,,,,,
1101157025884143616,1788267640000-632578958264631296-1101157025884143616,1788267640000,1788273508000,1,52.518,20.61,2.548180494905386,632578958264631296,1788267640000,1101157025884143616,RJ47GA5517,5868000,1788273508000,54.409896287872684,52.518,1.6000000000003638,20.609809199951773,2.5482040852723125,54.70000000001164,20.609809199951773,1788267640000-632578958264631296-1101157025884143616,,,,,
1081533146517733376,1788254033000-632578958264631296-1081533146517733376,1788254033000,1788260944000,1,52.463,17.611,2.9789904037249446,632578958264631296,1788254033000,1081533146517733376,RJ47GA5872,6911000,1788260944000,46.49187948872073,52.463,1.8500000000003638,17.610560412394214,2.9790647640649093,54.59999999997672,17.610560412394214,1788254033000-632578958264631296-1081533146517733376,,,,,
1525526061327056896,1788238133000-632578958264631296-1525526061327056896,1788238133000,1788242568000,1,52.449,17.102,3.066834288387323,632578958264631296,1788238133000,1525526061327056896,NL01AK6559,4435000,1788242568000,45.149530755348515,52.449,1.150000000000091,17.10209498308656,3.0668172555391857,55.5,17.10209498308656,1788238133000-632578958264631296-1525526061327056896,,,,,
1540361293100220416,1788235194000-632578958264631296-1540361293100220416,1788235194000,1788239556000,1,52.404,12.523,4.184620298650484,632578958264631296,1788235194000,1540361293100220416,NL01AK8392,4362000,1788239556000,33.060089894219274,52.404,1.2000000000000455,12.522761323567908,4.184700055041006,53.95499999999811,12.522761323567908,1788235194000-632578958264631296-1540361293100220416,,,,,
946030864989421568,1788221906000-632578958264631296-946030864989421568,1788221906000,1788227890000,1,52.314,10.305,5.076564774381368,632578958264631296,1788221906000,946030864989421568,RJ47GA2730,5984000,1788227890000,27.205286605475955,52.314,1.6499999999996362,10.305032805104528,5.076548613613983,56.75,8.862127453822428,1788221906000-632578958264631296-946030864989421568,,,,,
1134877765846171648,1788243187000-632578958264631296-1134877765846171648,1788243187000,1788249929000,1,52.306,24.715,2.1163665790006068,632578958264631296,1788243187000,1134877765846171648,RJ47GA6215,6742000,1788249929000,65.24737426600738,52.306,1.8499999999994543,24.714914494699766,2.116373900917896,54.60000000000582,24.714914494699766,1788243187000-632578958264631296-1134877765846171648,,,,,
946033927888306176,1788272765000-632578958264631296-946033927888306176,1788272765000,1788277502000,1,52.305,24.615,2.124923826934796,632578958264631296,1788272765000,946033927888306176,RJ47GA3780,4737000,1788277502000,64.98484143885453,52.305,1.3000000000010914,24.61547024199035,2.124883233421859,53.5,24.615470241990348,1788272765000-632578958264631296-946033927888306176,,,,,
1462138758710165504,1788231818000-632578958264631296-1462138758710165504,1788231818000,1788236433000,1,52.215,13.158,3.968308253533972,632578958264631296,1788231818000,1462138758710165504,RJ14GQ0822,4615000,1788236433000,34.73817367779798,52.215,1.25,13.158399120378023,3.9681878868635456,54.29999999998836,13.158399120378023,1788231818000-632578958264631296-1462138758710165504,,,,,
1067764685513687040,1788241228000-632578958264631296-1067764685513687040,1788241228000,1788247197000,1,52.203,23.298,2.2406644347154265,632578958264631296,1788241228000,1067764685513687040,RJ47GA6297,5969000,1788247197000,61.506425975990446,52.203,1.5999999999994543,23.297888627269106,2.240675145939997,55.80000000001746,23.29788862726911,1788241228000-632578958264631296-1067764685513687040,,,,,
809467481230934016,1788225769000-632578958264631296-809467481230934016,1788225769000,1788231383000,1,52.186,20.901,2.496818334051002,632578958264631296,1788225769000,809467481230934016,RJ47GA3181,5614000,1788231383000,55.178079313369494,52.186,1.5,20.900787618700566,2.4968437052251375,58.5,20.900787618700566,1788225769000-632578958264631296-809467481230934016,,['900758004217937927'],,900758004217937927,
1067775201233600512,1788272984000-632578958264631296-1067775201233600512,1788272984000,1788278990000,1,52.059,27.476,1.8947081088950357,632578958264631296,1788272984000,1067775201233600512,RJ47GA3826,6006000,1788278990000,72.53579415255514,52.059,1.5999999999985448,27.475679603240582,1.8947302032834874,56.5,27.475679603240582,1788272984000-632578958264631296-1067775201233600512,,,,,
1046442314819436544,1788261037000-632578958264631296-1046442314819436544,1788261037000,1788265956000,1,51.756,13.93,3.7154343144292894,632578958264631296,1788261037000,1046442314819436544,RJ47GA3600,4919000,1788265956000,36.77419941528425,51.756,1.2999999999999545,13.929620990637973,3.7155354072293094,,13.929620990637973,1788261037000-632578958264631296-1046442314819436544,,,,,
1105914860262129664,1788230556000-632578958264631296-1105914860262129664,1788230556000,1788235799000,1,51.708,18.416,2.8077758470894874,632578958264631296,1788230556000,1105914860262129664,RJ47GA3915,5243000,1788235799000,48.616949174189344,51.708,1.4000000000005457,18.415511050829295,2.8078503961838988,,18.415511050829295,1788230556000-632578958264631296-1105914860262129664,,,,,
1071018553202704384,1788231329000-632578958264631296-1071018553202704384,1788231329000,1788235982000,1,51.68,12.882,4.011799410029498,632578958264631296,1788231329000,1071018553202704384,RJ47GA2638,4653000,1788235982000,34.009272230317954,51.68,1.25,12.88230008724165,4.011705957011726,49.875,9.317043699618827,1788231329000-632578958264631296-1071018553202704384,,,,,
943858330336493568,1788263264000-632578958264631296-943858330336493568,1788263264000,1788268220000,1,51.625,17.499,2.9501685810617753,632578958264631296,1788263264000,943858330336493568,RJ47GA3486,4956000,1788268220000,46.197631768791496,51.625,1.3000000000010914,17.49910294272405,2.950151225978424,51.375,17.49910294272405,1788263264000-632578958264631296-943858330336493568,,,,,
792451319469178880,1788257958000-632578958264631296-792451319469178880,1788257958000,1788263007000,1,51.519,16.32,3.1568014705882352,632578958264631296,1788257958000,792451319469178880,RJ47GA3115,5049000,1788263007000,43.08399064051693,51.519,1.3500000000003638,16.31969342443823,3.1568607730615765,57.79999999998836,16.31969342443823,1788257958000-632578958264631296-792451319469178880,,['900758004209549321'],,900758004209549321,
916722872880201728,1788247358000-632578958264631296-916722872880201728,1788247358000,1788252071000,1,51.492,16.484,3.123756369813152,632578958264631296,1788247358000,916722872880201728,RJ47GA2142,4713000,1788252071000,43.51741887857535,51.492,1.3000000000010914,16.483870787339146,3.123780856105092,55.5,16.483870787339146,1788247358000-632578958264631296-916722872880201728,,,,,
1073994678560358400,1788256614000-632578958264631296-1073994678560358400,1788256614000,1788260770000,1,51.389,17.898,2.8712146608559617,632578958264631296,1788256614000,1073994678560358400,RJ47GA5628,4156000,1788260770000,47.24951021328218,51.389,1.1499999999996362,17.89754174745537,2.8712881760595064,54.199999999953434,17.89754174745537,1788256614000-632578958264631296-1073994678560358400,,,,,
939547788868321280,1788246931000-632578958264631296-939547788868321280,1788246931000,1788251589000,1,51.144,16.287,3.140173144225456,632578958264631296,1788246931000,939547788868321280,RJ14GH7603,4658000,1788251589000,42.99763031109292,51.144,0.0,16.286981178444286,3.140176773071289,,0.001,1788246931000-632578958264631296-939547788868321280,,,,,
1406586435233906688,1788267761000-632578958264631296-1406586435233906688,1788267761000,1788273196000,1,51.14,8.363,6.115030491450437,632578958264631296,1788267761000,1406586435233906688,NL01AJ7417,5435000,1788273196000,22.07954457323741,51.14,1.449999999999818,8.363463853499018,6.114691340311656,53.44999999999709,8.363463853499018,1788267761000-632578958264631296-1406586435233906688,,,,,
1060630916881186816,1788277338000-632578958264631296-1060630916881186816,1788277338000,1788282127000,1,51.1,16.403,3.115283789550692,632578958264631296,1788277338000,1060630916881186816,RJ47GA5617,4789000,1788282127000,43.303063050995796,51.10000000000582,1.2999999999992724,16.402675398104467,3.1153454396781552,51.10000000000582,16.402675398104467,1788277338000-632578958264631296-1060630916881186816,,,,,
1079444806125486080,1788277853000-632578958264631296-1079444806125486080,1788277853000,1788283138000,1,51.083,14.8,3.451554054054054,632578958264631296,1788277853000,1079444806125486080,RJ47GA6401,5285000,1788283138000,39.070923572055975,51.083,1.4000000000005457,14.799592262142415,3.4516491464883865,54.60000000000582,14.799592262142415,1788277853000-632578958264631296-1079444806125486080,,,,,
1050037591694376960,1788263696000-632578958264631296-1050037591694376960,1788263696000,1788269791000,1,51.043,20.053,2.545404677604348,632578958264631296,1788263696000,1050037591694376960,RJ47GA3487,6095000,1788269791000,52.93994355141301,51.043,1.6499999999996362,20.053008920989775,2.5454035452291928,52.125,20.053008920989775,1788263696000-632578958264631296-1050037591694376960,,,,,
1506655599683698688,1788233877000-632578958264631296-1506655599683698688,1788233877000,1788237664000,1,50.987,15.894,3.2079401031835912,632578958264631296,1788233877000,1506655599683698688,RJ47GA8529,3787000,1788237664000,41.96119675652701,50.987,1.0,15.894392710805684,3.2078608429837567,52.70999999999913,15.894392710805684,1788233877000-632578958264631296-1506655599683698688,,,,,
790193276584984576,1788238779000-632578958264631296-790193276584984576,1788238779000,1788244533000,1,50.915,20.73,2.4561022672455377,632578958264631296,1788238779000,790193276584984576,RJ47GA2477,5754000,1788244533000,54.72841500901741,50.915,1.5500000000010914,20.73046023068841,2.456047740060676,57.600000000034925,20.73046023068841,1788238779000-632578958264631296-790193276584984576,,['841055114193010688'],,841055114193010688,
1073278104413143040,1788253015000-632578958264631296-1073278104413143040,1788253015000,1788257773000,1,50.842,19.289,2.63580278915444,632578958264631296,1788253015000,1073278104413143040,RJ47GA3367,4758000,1788257773000,50.92235950345485,50.842,1.3000000000010914,19.28877253918744,2.635833871580393,,19.28877253918744,1788253015000-632578958264631296-1073278104413143040,,,,,
1464286808345935872,1788246191000-632578958264631296-1464286808345935872,1788246191000,1788250690000,1,50.821,17.405,2.91990807239299,632578958264631296,1788246191000,1464286808345935872,NL01AK1960,4499000,1788250690000,45.95043060208784,50.821,1.199999999999818,17.405466137154484,2.9198298741057687,52.25,17.405466137154484,1788246191000-632578958264631296-1464286808345935872,,,,,
1176582451024101376,1788246203000-632578958264631296-1176582451024101376,1788246203000,1788250730000,1,50.815,19.452,2.612327781205017,632578958264631296,1788246203000,1176582451024101376,RJ47GA6342,4527000,1788250730000,51.35263901426835,50.815,0.0,19.451757202374374,2.6123603883867768,54.0,19.451757202374374,1788246203000-632578958264631296-1176582451024101376,,,,,
1571542304466927616,1788270434000-632578958264631296-1571542304466927616,1788270434000,1788275734000,1,50.765,8.63,5.882387022016222,632578958264631296,1788270434000,1571542304466927616,NL01AL0746,5300000,1788275734000,22.784176889064295,50.765,1.4500000000000455,8.630370033736474,5.882134810159647,51.455000000001746,8.630370033736474,1788270434000-632578958264631296-1571542304466927616,,,,,
939547417898909696,1788269288000-632578958264631296-939547417898909696,1788269288000,1788274741000,1,50.683,16.724,3.03055489117436,632578958264631296,1788269288000,939547417898909696,RJ14GN1565,5453000,1788274741000,44.15025780975773,50.683,1.4499999999989086,16.72358250369611,3.030630547539587,52.5,16.72358250369611,1788269288000-632578958264631296-939547417898909696,,,,,
1138783468012961792,1788267982000-632578958264631296-1138783468012961792,1788267982000,1788272274000,1,50.661,10.335,4.90188679245283,632578958264631296,1788267982000,1138783468012961792,RJ47GA6258,4292000,1788272274000,27.283885039048062,50.661,1.1500000000005457,10.334804939033356,4.901979311545523,52.69999999998254,10.334804939033356,1788267982000-632578958264631296-1138783468012961792,,,,,
947583099720433664,1788224880000-632578958264631296-947583099720433664,1788224880000,1788230951000,1,50.625,16.044,3.1553851907255046,632578958264631296,1788224880000,947583099720433664,RJ47GA2689,6071000,1788230951000,42.35531779734054,50.625,1.6499999999996362,16.043680983841114,3.1554479331138863,55.75,16.043680983841114,1788224880000-632578958264631296-947583099720433664,,,,,
1525526061327056896,1788272544000-632578958264631296-1525526061327056896,1788272544000,1788276703000,1,50.362,14.829,3.3961831546294423,632578958264631296,1788272544000,1525526061327056896,NL01AK6559,4159000,1788276703000,39.148580959170644,50.362,1.1000000000001364,14.829007939079789,3.396181336397963,52.625,14.829007939079789,1788272544000-632578958264631296-1525526061327056896,,,,,
792451319469178880,1788222157000-632578958264631296-792451319469178880,1788222157000,1788227165000,1,50.329,16.95,2.9692625368731567,632578958264631296,1788222157000,792451319469178880,RJ47GA3115,5008000,1788227165000,44.74796000189523,50.329,1.3500000000003638,16.94998484920274,2.9692651909578127,56.29999999998836,16.94998484920274,1788222157000-632578958264631296-792451319469178880,,['900758004209549321'],,900758004209549321,
873109579045535744,1788271620000-632578958264631296-873109579045535744,1788271620000,1788275825000,1,50.215,8.984,5.589381121994657,632578958264631296,1788271620000,873109579045535744,RJ14GN1568,4205000,1788275825000,23.718962704671995,50.215,1.0999999999985448,8.984455569951512,5.589097704255329,52.0,8.984455569951512,1788271620000-632578958264631296-873109579045535744,,,,,0.18399999999999936
796706773456125952,1788280410000-632578958264631296-796706773456125952,1788280410000,1788285658000,1,50.196,11.034,4.54921152800435,632578958264631296,1788280410000,796706773456125952,RJ47GA3118,5248000,1788285658000,29.129249526258544,50.196,1.4000000000014552,11.033806638734296,4.549291250381931,56.70000000001164,11.033806638734296,1788280410000-632578958264631296-796706773456125952,,['900758004213743618'],,900758004213743618,
1083727852433571840,1788268922000-632578958264631296-1083727852433571840,1788268922000,1788274215000,1,50.053,9.766,5.1252303911529795,632578958264631296,1788268922000,1083727852433571840,RJ47GA6325,5293000,1788274215000,25.78290162883603,50.053,1.449999999999818,9.766250616983344,5.125098869873223,53.29999999998836,9.766250616983344,1788268922000-632578958264631296-1083727852433571840,,,,,
970288452387995648,1788275195000-632578958264631296-970288452387995648,1788275195000,1788281836000,1,50.042,17.205,2.908573089218251,632578958264631296,1788275195000,970288452387995648,RJ47GA3399,6641000,1788281836000,45.42198983608492,50.042,1.8500000000003638,17.205299180335196,2.908522512482406,34.25,17.205299180335196,1788275195000-632578958264631296-970288452387995648,,,,,
1050037048276156416,1788227885000-632578958264631296-1050037048276156416,1788227885000,1788232098000,1,50.011,10.312,4.849786656322731,632578958264631296,1788227885000,1050037048276156416,RJ47GA6245,4213000,1788232098000,27.224393314252083,50.011,1.1000000000003638,10.312270194792456,4.849659585651161,47.5,10.312270194792456,1788227885000-632578958264631296-1050037048276156416,,,,,
1132636843020386304,1788264211000-632578958264631296-1132636843020386304,1788264211000,1788269070000,1,49.992,11.205,4.461579651941097,632578958264631296,1788264211000,1132636843020386304,RJ47GA4655,4859000,1788269070000,29.580453678616955,49.992,0.0,11.204717302506422,4.461692218581643,52.0,11.204717302506422,1788264211000-632578958264631296-1132636843020386304,,,,,
1067775063052255232,1788226778000-632578958264631296-1067775063052255232,1788226778000,1788231590000,1,49.978,16.607,3.009453844764256,632578958264631296,1788226778000,1067775063052255232,RJ47GA3725,4812000,1788231590000,43.8425857878498,49.978,1.25,16.607040071155225,3.009446583247957,52.0,16.607040071155225,1788226778000-632578958264631296-1067775063052255232,,,,,
1500136074981146624,1788237681000-632578958264631296-1500136074981146624,1788237681000,1788242985000,1,49.96,17.654,2.8299535516030363,632578958264631296,1788237681000,1500136074981146624,NL01AK3122,5304000,1788242985000,46.607512396428746,49.96,1.3999999999998636,17.65436075622301,2.8298957232076236,51.875,17.65436075622301,1788237681000-632578958264631296-1500136074981146624,,,,,
1067764685513687040,1788266624000-632578958264631296-1067764685513687040,1788266624000,1788275241000,1,49.948,24.784,2.015332472562944,632578958264631296,1788266624000,1067764685513687040,RJ47GA6297,8617000,1788275241000,65.42891279341481,49.948,2.350000000000364,24.783679088414697,2.0153585681049484,53.30000000001746,24.7836790884147,1788266624000-632578958264631296-1067764685513687040,"{'confidence': 45.4, 'count': 9, 'error_code': None, 'flags': {'alta-status': 'present', 'alta_partial': False, 'gps_dup_rows_count': 0}, 'load_class': 'HIGH', 'mean': 48432.815083014466, 'std': 15880.722720380058, 'timestamp': 1788275381589}",,,,
1064494636166283264,1788245827000-632578958264631296-1064494636166283264,1788245827000,1788250113000,1,49.875,21.199,2.352705316288504,632578958264631296,1788245827000,1064494636166283264,RJ47GA2650,4286000,1788250113000,55.965088577870446,49.875,1.1499999999996362,21.19889718858729,2.3527167265498545,49.875,21.19889718858729,1788245827000-632578958264631296-1064494636166283264,,,,,
789852612550721536,1788260637000-632578958264631296-789852612550721536,1788260637000,1788264825000,1,49.82,8.885,5.607203151378728,632578958264631296,1788260637000,789852612550721536,RJ47GA3341,4188000,1788264825000,23.457534800597482,49.82,1.1000000000003638,8.885429848711167,5.6069318928027325,55.29999999998836,8.885429848711167,1788260637000-632578958264631296-789852612550721536,,['900758004226326543'],,900758004226326543,
1259200800735887360,1788240980000-632578958264631296-1259200800735887360,1788240980000,1788246051000,1,49.745,16.895,2.944362237348328,632578958264631296,1788240980000,1259200800735887360,NL01AH5402,5071000,1788246051000,44.602570285320596,49.745,1.3500000000003638,16.89491298686386,2.944377401569203,52.52499999999418,16.89491298686386,1788240980000-632578958264631296-1259200800735887360,,,,,
1132636252537880576,1788235447000-632578958264631296-1132636252537880576,1788235447000,1788239924000,1,49.735,9.448,5.264077053344623,632578958264631296,1788235447000,1132636252537880576,RK47GA5327,4477000,1788239924000,24.942073466004466,49.735,1.199999999999818,9.447755100759267,5.264213505703917,51.0,9.447755100759267,1788235447000-632578958264631296-1132636252537880576,,,,,
942470042409238528,1788232329000-632578958264631296-942470042409238528,1788232329000,1788237624000,1,49.683,9.235,5.379859231185707,632578958264631296,1788232329000,942470042409238528,RJ47GA2731,5295000,1788237624000,24.380493468514985,49.683,1.4000000000014552,9.235035404740524,5.37983860619492,48.375,7.632175663862189,1788232329000-632578958264631296-942470042409238528,,,,,
874363612666265600,1788248886000-632578958264631296-874363612666265600,1788248886000,1788253257000,1,49.658,13.676,3.631032465633226,632578958264631296,1788248886000,874363612666265600,RJ47GA1973,4371000,1788253257000,36.10481044192896,49.658,0.0,13.676064561336728,3.6310153244221244,51.625,13.676064561336728,1788248886000-632578958264631296-874363612666265600,,['900758004175994887'],,900758004175994887,
1071019405950844928,1788299411000-632578958264631296-1071019405950844928,1788299411000,1788306553000,1,49.614,9.96,4.981325301204818,632578958264631296,1788299411000,1071019405950844928,RJ47GA4010,7142000,1788306553000,26.293887716244605,49.614,1.8999999999998636,9.959805953122956,4.981422352354489,50.125,9.959805953122956,1788299411000-632578958264631296-1071019405950844928,,,,,
1079796452147855360,1788236556000-632578958264631296-1079796452147855360,1788236556000,1788241530000,1,49.597,11.92,4.1608221476510066,632578958264631296,1788236556000,1079796452147855360,RJ47GA3909,4974000,1788241530000,31.468413233462282,49.597,1.3499999999985448,11.919853497523592,4.1608732867651455,50.875,11.919853497523592,1788236556000-632578958264631296-1079796452147855360,,,,,
1422205727123963904,1788306783000-632578958264631296-1422205727123963904,1788306783000,1788313455000,1,49.585,21.285,2.329574817946911,632578958264631296,1788306783000,1422205727123963904,NL01AJ9006,6672000,1788313455000,56.19189973644597,49.585,1.849999999999909,21.284810506229533,2.329595557615498,50.75,21.284810506229533,1788306783000-632578958264631296-1422205727123963904,,,,,
1536014550107684864,1788252978000-632578958264631296-1536014550107684864,1788252978000,1788256999000,1,49.576,15.829,3.131972961020911,632578958264631296,1788252978000,1536014550107684864,NL01AK9195,4021000,1788256999000,41.78932739502599,49.576,1.0500000000000682,15.829290679934086,3.1319154472818385,50.80999999999767,15.829290679934086,1788252978000-632578958264631296-1536014550107684864,,,,,
1364616390270517248,1788229796000-632578958264631296-1364616390270517248,1788229796000,1788233929000,1,49.482,14.197,3.4853842361062197,632578958264631296,1788229796000,1364616390270517248,NL01AJ4204,4133000,1788233929000,37.479423451157864,49.482,1.099999999999909,14.196751307256767,3.485445291607449,52.125,14.196751307256767,1788229796000-632578958264631296-1364616390270517248,,,,,
1083726740557135872,1788255918000-632578958264631296-1083726740557135872,1788255918000,1788260777000,1,49.436,9.355,5.284446819882415,632578958264631296,1788255918000,1083726740557135872,RJ47GA6380,4859000,1788260777000,24.69742520775667,49.436,1.3500000000003638,9.355085305968435,5.284398632737257,51.69999999998254,9.355085305968435,1788255918000-632578958264631296-1083726740557135872,,,,,
1500136074981146624,1788225817000-632578958264631296-1500136074981146624,1788225817000,1788230314000,1,49.374,18.615,2.652377115229654,632578958264631296,1788225817000,1500136074981146624,NL01AK3122,4497000,1788230314000,49.1439340990841,49.374,1.25,18.61512655268337,2.652359083365068,51.875,18.61512655268337,1788225817000-632578958264631296-1500136074981146624,,,,,
908732861828300800,1788304040000-632578958264631296-908732861828300800,1788304040000,1788308945000,1,49.323,13.656,3.611818980667838,632578958264631296,1788304040000,908732861828300800,RJ47GA2126,4905000,1788308945000,36.051687391129676,49.323,1.3500000000003638,13.655942193609725,3.6118342697057266,51.125,13.655942193609725,1788304040000-632578958264631296-908732861828300800,,,,,
1094956363722784768,1788302245000-632578958264631296-1094956363722784768,1788302245000,1788308486000,1,49.256,19.792,2.4886822958771218,632578958264631296,1788302245000,1094956363722784768,RJ47GA5978,6241000,1788308486000,52.250879999964965,49.256,1.699999999999818,19.79199999998673,2.4886822958787906,51.710000000020955,19.79199999998673,1788302245000-632578958264631296-1094956363722784768,,,,,
1081614639520808960,1788234032000-632578958264631296-1081614639520808960,1788234032000,1788241708000,1,49.24,21.426,2.298142443759918,632578958264631296,1788234032000,1081614639520808960,RJ47GA5704,7676000,1788241708000,56.56423707813322,49.24,2.100000000000364,21.425847378080764,2.2981588140300993,47.0,21.425847378080764,1788234032000-632578958264631296-1081614639520808960,"{'confidence': 71.5, 'count': 5, 'error_code': None, 'flags': {'alta-status': 'present', 'alta_partial': False, 'gps_dup_rows_count': 0}, 'load_class': 'HIGH', 'mean': 40683.613060572694, 'std': 5179.539261055616, 'timestamp': 1788241739416}",,,,
1061350711461150720,1788247215000-632578958264631296-1061350711461150720,1788247215000,1788251909000,1,49.126,10.754,4.568160684396504,632578958264631296,1788247215000,1061350711461150720,RJ47GA4012,4694000,1788251909000,28.39054227371694,49.126,1.25,10.75399328549884,4.568163536631892,51.875,10.753993285498838,1788247215000-632578958264631296-1061350711461150720,,,,,
1067775323560476672,1788229596000-632578958264631296-1067775323560476672,1788229596000,1788233985000,1,49.028,13.647,3.592584450795046,632578958264631296,1788229596000,1067775323560476672,RJ14GP9558,4389000,1788233985000,36.02737556202693,49.028,1.199999999999818,13.646733167434443,3.5926546960701775,50.29999999998836,13.646733167434443,1788229596000-632578958264631296-1067775323560476672,,,,,
1131239476161413120,1788267995000-632578958264631296-1131239476161413120,1788267995000,1788273680000,1,48.975,21.847,2.241726552844784,632578958264631296,1788267995000,1131239476161413120,RJ47GA6182,5685000,1788273680000,57.675779205427396,48.975,1.550000000000182,21.84688606266189,2.2417382440467004,52.60000000000582,21.84688606266189,1788267995000-632578958264631296-1131239476161413120,,,,,
1479440816106635264,1788245694000-632578958264631296-1479440816106635264,1788245694000,1788252311000,1,48.923,17.758,2.754983669332132,632578958264631296,1788245694000,1479440816106635264,NL01AK3099,6617000,1788252311000,46.880585103308235,48.923,1.7999999999999545,17.757797387616755,2.7550151030620516,51.75,17.757797387616755,1788245694000-632578958264631296-1479440816106635264,,,,,
939140658449350656,1788261896000-632578958264631296-939140658449350656,1788261896000,1788266214000,1,48.923,17.496,2.796239140374943,632578958264631296,1788261896000,939140658449350656,RJ47GA2643,4318000,1788266214000,46.189656507843544,48.923,1.1500000000014552,17.496082010546797,2.7962260333775744,51.875,17.496082010546797,1788261896000-632578958264631296-939140658449350656,,,,,
809467481230934016,1788235544000-632578958264631296-809467481230934016,1788235544000,1788240383000,1,48.922,19.665,2.4877701500127127,632578958264631296,1788235544000,809467481230934016,RJ47GA3181,4839000,1788240383000,51.91431697733212,48.922,1.25,19.664514006565195,2.487831633350659,54.90000000002328,19.664514006565195,1788235544000-632578958264631296-809467481230934016,,['900758004217937927'],,900758004217937927,
873916972050415616,1788262814000-632578958264631296-873916972050415616,1788262814000,1788267429000,1,48.907,13.979,3.498605050432792,632578958264631296,1788262814000,873916972050415616,RJ14GN1586,4615000,1788267429000,36.903255972345896,48.907,1.1999999999989086,13.97850605013102,3.4987286784871827,51.09999999997672,13.97850605013102,1788262814000-632578958264631296-873916972050415616,,,,,0.5520000000000013
780452749606125568,1788241545000-632578958264631296-780452749606125568,1788241545000,1788245146000,1,48.889,7.704,6.345924195223262,632578958264631296,1788241545000,780452749606125568,RJ47GA3192,3601000,1788245146000,20.33827934808984,48.889,0.9500000000007276,7.703893692458273,6.346011763877257,54.899999999965075,7.703893692458273,1788241545000-632578958264631296-780452749606125568,,['900758004167606293'],,900758004167606293,
1428064485414797312,1788256638000-632578958264631296-1428064485414797312,1788256638000,1788261827000,1,48.83,24.684,1.9782045049424728,632578958264631296,1788256638000,1428064485414797312,NL01AJ9496,5189000,1788261827000,65.16630795639865,48.83,1.449999999999818,24.684207559241916,1.978187871042988,50.25,24.684207559241916,1788256638000-632578958264631296-1428064485414797312,,,,,
1065671842468986880,1788247259000-632578958264631296-1065671842468986880,1788247259000,1788251737000,1,48.802,10.11,4.827101879327399,632578958264631296,1788247259000,1065671842468986880,RJ47GA5609,4478000,1788251737000,26.689405506051678,48.802,0.0,10.109623297746847,4.827281745589532,51.399999999965075,10.109623297746849,1788247259000-632578958264631296-1065671842468986880,,,,,
1050036721544069120,1788279584000-632578958264631296-1050036721544069120,1788279584000,1788284444000,1,48.772,18.738,2.6028391503895825,632578958264631296,1788279584000,1050036721544069120,RJ47GA5834,4860000,1788284444000,49.46897562613599,48.772,1.300000000000182,18.73824834323333,2.602804654236121,51.70000000001164,18.73824834323333,1788279584000-632578958264631296-1050036721544069120,,,,,
931938734016823296,1788258494000-632578958264631296-931938734016823296,1788258494000,1788263112000,1,48.626,18.602,2.6140199978496934,632578958264631296,1788258494000,931938734016823296,RJ14GN0975,4618000,1788263112000,49.10871095267294,48.626,1.25,18.601784451770055,2.6140502878138117,50.5,18.601784451770055,1788258494000-632578958264631296-931938734016823296,,,,,
1127222273418199040,1788237567000-632578958264631296-1127222273418199040,1788237567000,1788243426000,1,48.55,22.071,2.199719088396538,632578958264631296,1788237567000,1127222273418199040,RJ47GA3844,5859000,1788243426000,58.268727681518016,48.55,1.6000000000003638,22.071487758150763,2.1996704767702395,49.0,22.071487758150763,1788237567000-632578958264631296-1127222273418199040,,,,,
1079095062366781440,1788269043000-632578958264631296-1079095062366781440,1788269043000,1788274217000,1,48.445,23.781,2.0371304823178167,632578958264631296,1788269043000,1079095062366781440,RJ47GA3439,5174000,1788274217000,62.78184000000226,48.445,1.3500000000003638,23.781000000000855,2.0371304823177434,47.625,23.78100000000086,1788269043000-632578958264631296-1079095062366781440,,,,,
836966844580495360,1788305294000-632578958264631296-836966844580495360,1788305294000,1788309639000,1,48.41,16.653,2.906983726655858,632578958264631296,1788305294000,836966844580495360,RJ47GA2578,4345000,1788309639000,43.964476080468636,48.41,1.1500000000014552,16.65321063654115,2.9069469579503675,54.20000000001164,16.65321063654115,1788305294000-632578958264631296-836966844580495360,,['900758004192772103'],,900758004192772103,
1064532839803912192,1788280926000-632578958264631296-1064532839803912192,1788280926000,1788288287000,1,48.409,20.289,2.385972694563556,632578958264631296,1788280926000,1064532839803912192,RJ47GA3903,7361000,1788288287000,53.563753288435244,48.409,2.0,20.28930048804365,2.385937357895956,49.625,20.28930048804365,1788280926000-632578958264631296-1064532839803912192,"{'confidence': 73.1, 'count': 3, 'error_code': None, 'flags': {'alta-status': 'present', 'alta_partial': False, 'gps_dup_rows_count': 0}, 'load_class': 'MEDIUM', 'mean': 35405.16187386057, 'std': 3303.434219083868, 'timestamp': 1788288292037}",,,,
1050766698002513920,1788277407000-632578958264631296-1050766698002513920,1788277407000,1788283139000,1,48.312,9.249,5.223483619850794,632578958264631296,1788277407000,1050766698002513920,RJ47GA3882,5732000,1788283139000,24.41697743506679,48.312,1.5500000000010914,9.24885508904045,5.223565461334552,49.0,9.24885508904045,1788277407000-632578958264631296-1050766698002513920,,,,,
1136692610564358144,1788269728000-632578958264631296-1136692610564358144,1788269728000,1788276287000,1,48.309,21.002,2.3002095038567756,632578958264631296,1788269728000,1136692610564358144,RJ47GA5938,6559000,1788276287000,55.44404770344506,48.309,1.7999999999992724,21.001533221001914,2.300260628194999,43.60000000000582,21.001533221001914,1788269728000-632578958264631296-1136692610564358144,,,,,
784445514740400128,1788280093000-632578958264631296-784445514740400128,1788280093000,1788286882000,1,48.293,19.116,2.5263130362000417,632578958264631296,1788280093000,784445514740400128,RJ47GA3182,6789000,1788286882000,50.465132223593606,48.293,1.8499999999994543,19.11558038772485,2.5263684921129337,54.5,19.11558038772485,1788280093000-632578958264631296-784445514740400128,,,,,
1042868881099587584,1788236630000-632578958264631296-1042868881099587584,1788236630000,1788241801000,1,48.226,23.65,2.039154334038055,632578958264631296,1788236630000,1042868881099587584,RJ47GA5629,5171000,1788241801000,62.43656724098939,48.226,1.449999999999818,23.650214864011133,2.0391358081649478,50.899999999965075,23.65021486401113,1788236630000-632578958264631296-1042868881099587584,,,,,
857602255610707968,1788239694000-632578958264631296-857602255610707968,1788239694000,1788243395000,1,48.223,12.096,3.986689814814815,632578958264631296,1788239694000,857602255610707968,RJ47GA4334,3701000,1788243395000,31.932847914285873,48.223,0.8999999999996362,12.095775725108284,3.9867637343753985,49.70000000001164,12.095775725108284,1788239694000-632578958264631296-857602255610707968,,['900758004230520839'],,900758004230520839,0.0
870309644059279360,1788226896000-632578958264631296-870309644059279360,1788226896000,1788230810000,1,48.216,15.577,3.0953328625537653,632578958264631296,1788226896000,870309644059279360,RJ47GA4518,3914000,1788230810000,41.12370371409245,48.216,1.0,15.577160497762291,3.095300970091846,50.40000000002328,15.577160497762291,1788226896000-632578958264631296-870309644059279360,,,,,0.0
1067775149379420160,1788233019000-632578958264631296-1067775149379420160,1788233019000,1788237439000,1,48.21,17.43,2.76592082616179,632578958264631296,1788233019000,1067775149379420160,RJ14GN1580,4420000,1788237439000,46.013916768892955,48.21,1.199999999999818,17.429513927610966,2.765997961861009,49.600000000034925,17.429513927610966,1788233019000-632578958264631296-1067775149379420160,,,,,
869918310366445568,1788263105000-632578958264631296-869918310366445568,1788263105000,1788268990000,1,48.203,14.867,3.2422815631936506,632578958264631296,1788263105000,869918310366445568,RJ47GA4503,5885000,1788268990000,39.24815107310644,48.203,1.6000000000003638,14.866723891328196,3.242341779692092,49.5,14.866723891328196,1788263105000-632578958264631296-869918310366445568,,,,,1.1290139724535402
1454186236603269120,1788226926000-632578958264631296-1454186236603269120,1788226926000,1788230787000,1,48.182,16.03,3.0057392389270117,632578958264631296,1788226926000,1454186236603269120,Rj47GA5305,3861000,1788230787000,42.3187674645841,48.182,1.0,16.02983616082731,3.0057699602534993,50.0,16.02983616082731,1788226926000-632578958264631296-1454186236603269120,,,,,
870275474985582592,1788265327000-632578958264631296-870275474985582592,1788265327000,1788269574000,1,48.153,11.405,4.222095572117492,632578958264631296,1788265327000,870275474985582592,RJ47GA4502,4247000,1788269574000,30.11017121052055,48.153,1.1000000000003638,11.405367882772936,4.221959387450532,50.20000000001164,11.405367882772936,1788265327000-632578958264631296-870275474985582592,,,,,0.0
1488129049464143872,1788233164000-632578958264631296-1488129049464143872,1788233164000,1788238819000,1,48.148,26.607,1.8095989777126322,632578958264631296,1788233164000,1488129049464143872,NL01AK3098,5655000,1788238819000,70.24259370924916,48.148,1.5499999999999545,26.60704307168529,1.809596048319935,50.375,26.60704307168529,1788233164000-632578958264631296-1488129049464143872,,,,,
787647951882158080,1788297415000-632578958264631296-787647951882158080,1788297415000,1788305640000,1,48.142,23.555,2.0438123540649547,632578958264631296,1788297415000,787647951882158080,RJ47GA2574,8225000,1788305640000,62.18424482640608,48.142,2.25,23.554638191820484,2.043843747798158,,23.554638191820484,1788297415000-632578958264631296-787647951882158080,"{'confidence': 0, 'count': 4, 'error_code': None, 'flags': {'alta-status': 'present', 'alta_partial': False, 'gps_dup_rows_count': 0}, 'load_class': 'HIGH', 'mean': 42841.923131812575, 'std': 25349.89504455053, 'timestamp': 1788305655139}",['900758004192772101'],,900758004192772101,
860146891080335360,1788244158000-632578958264631296-860146891080335360,1788244158000,1788251370000,1,48.108,22.463,2.141655166273427,632578958264631296,1788244158000,860146891080335360,RJ47GA3610,7212000,1788251370000,59.30153612894988,48.108,1.9500000000007276,22.46270307914768,2.1416834755145326,44.375,22.46270307914768,1788244158000-632578958264631296-860146891080335360,"{'confidence': 24.3, 'count': 4, 'error_code': None, 'flags': {'alta-status': 'present', 'alta_partial': False, 'gps_dup_rows_count': 0}, 'load_class': 'HIGH', 'mean': 45677.89890682817, 'std': 13824.922854447062, 'timestamp': 1788251380098}",,,,
1259200800735887360,1788302168000-632578958264631296-1259200800735887360,1788302168000,1788308305000,1,48.094,18.492,2.600800346095609,632578958264631296,1788302168000,1259200800735887360,NL01AH5402,6137000,1788308305000,48.818985022167226,48.094,1.6500000000005457,18.49203978112395,2.600794751106513,50.845000000001164,18.49203978112395,1788302168000-632578958264631296-1259200800735887360,,,,,
935951856658546688,1788246139000-632578958264631296-935951856658546688,1788246139000,1788249864000,1,48.054,14.809,3.244918630562496,632578958264631296,1788246139000,935951856658546688,RJ47GA4709,3725000,1788249864000,39.09641691374562,48.054,1.050000000000182,14.809248830964249,3.2448641081325627,50.900000000001455,14.809248830964249,1788246139000-632578958264631296-935951856658546688,,,,,
1132636843020386304,1788236463000-632578958264631296-1132636843020386304,1788236463000,1788241204000,1,47.99,11.395,4.211496270293989,632578958264631296,1788236463000,1132636843020386304,RJ47GA4655,4741000,1788241204000,30.083101450505982,47.99,0.0,11.39511418579772,4.2114540686053195,49.70000000001164,11.39511418579772,1788236463000-632578958264631296-1132636843020386304,,,,,
1050036721544069120,1788230834000-632578958264631296-1050036721544069120,1788230834000,1788237535000,1,47.974,41.625,1.1525285285285285,632578958264631296,1788230834000,1050036721544069120,RJ47GA5834,6701000,1788237535000,109.88878282567518,47.974,1.8500000000003638,41.62453894911938,1.1525412944187083,51.0,41.62453894911938,1788230834000-632578958264631296-1050036721544069120,,,,,
1405141042860130304,1788268386000-632578958264631296-1405141042860130304,1788268386000,1788274022000,1,47.939,18.864,2.5412955894826124,632578958264631296,1788268386000,1405141042860130304,NL01AJ7418,5636000,1788274022000,49.80074964788605,47.939,1.5499999999997272,18.86392032116896,2.541306323596119,50.60000000000582,18.86392032116896,1788268386000-632578958264631296-1405141042860130304,,,,,
1083729116835872768,1788302166000-632578958264631296-1083729116835872768,1788302166000,1788308169000,1,47.912,18.758,2.5542168674698797,632578958264631296,1788302166000,1083729116835872768,RJ47GA6361,6003000,1788308169000,49.52008198221644,47.912,0.0,18.75760681144562,2.5542704078200846,50.29999999998836,18.75760681144562,1788302166000-632578958264631296-1083729116835872768,,,,,
1135566388677574656,1788243103000-632578958264631296-1135566388677574656,1788243103000,1788247102000,1,47.903,14.605,3.27990414241698,632578958264631296,1788243103000,1135566388677574656,RJ47GA6238,3999000,1788247102000,38.55742251249109,47.903,1.0499999999992724,14.605084285034502,3.279885214293841,50.39999999999418,14.605084285034502,1788243103000-632578958264631296-1135566388677574656,,,,,
1181865650805538816,1788252454000-632578958264631296-1181865650805538816,1788252454000,1788256764000,1,47.868,12.014,3.9843515898118866,632578958264631296,1788252454000,1181865650805538816,RJ47GA6367,4310000,1788256764000,31.717082662390943,47.868,1.1539980555551919,12.014046463026872,3.9843361807625244,50.0,12.000393389804605,1788252454000-632578958264631296-1181865650805538816,,,,,
938442824968306688,1788239960000-632578958264631296-938442824968306688,1788239960000,1788245527000,1,47.865,9.617,4.977123843194343,632578958264631296,1788239960000,938442824968306688,RJ47GA4501,5567000,1788245527000,25.389981509495513,47.865,1.4500000000007276,9.61741723844527,4.976907917508396,48.899999999965075,9.61741723844527,1788239960000-632578958264631296-938442824968306688,,,,,
1079026604165824512,1788229076000-632578958264631296-1079026604165824512,1788229076000,1788233285000,1,47.817,7.495,6.379853235490327,632578958264631296,1788229076000,1079026604165824512,RJ47GA5876,4209000,1788233285000,19.78750609234233,47.817,1.0999999999994543,7.495267459220579,6.379625578427646,48.75500000000466,6.162579227475286,1788229076000-632578958264631296-1079026604165824512,,,,,
1061979678694178816,1788265697000-632578958264631296-1061979678694178816,1788265697000,1788270016000,1,47.816,9.997,4.783034910473142,632578958264631296,1788265697000,1061979678694178816,RJ47GA3541,4319000,1788270016000,26.392189702549476,47.816,1.2000000000007276,9.997041553996013,4.783015029170006,49.5,6.885389311434073,1788265697000-632578958264631296-1061979678694178816,,,,,
1406228892573761536,1788240119000-632578958264631296-1406228892573761536,1788240119000,1788245124000,1,47.815,19.531,2.4481593364395065,632578958264631296,1788240119000,1406228892573761536,NL01AJ7421,5005000,1788245124000,51.560681025171704,47.815,1.349999999999909,19.53056099438322,2.448214365872597,50.86500000000524,19.53056099438322,1788240119000-632578958264631296-1406228892573761536,,,,,
784445514740400128,1788235584000-632578958264631296-784445514740400128,1788235584000,1788240664000,1,47.767,19.156,2.493579035289205,632578958264631296,1788235584000,784445514740400128,RJ47GA3182,5080000,1788240664000,50.571709447752454,47.767,1.3999999999996362,19.15595054839108,2.49358547253151,54.0,19.15595054839108,1788235584000-632578958264631296-784445514740400128,,,,,
1061980520671346688,1788239588000-632578958264631296-1061980520671346688,1788239588000,1788245274000,1,47.75,14.663,3.25649594216736,632578958264631296,1788239588000,1061980520671346688,RJ47GA3390,5686000,1788245274000,38.71105918445784,47.75,1.5500000000010914,14.663279994112818,3.256433759647993,47.75,14.663279994112818,1788239588000-632578958264631296-1061980520671346688,,,,,
1083040452048846848,1788255798000-632578958264631296-1083040452048846848,1788255798000,1788261955000,1,47.695,15.195,3.1388614675880224,632578958264631296,1788255798000,1083040452048846848,RJ47GA5867,6157000,1788261955000,40.11554420978799,47.695,1.699999999999818,15.195281897646964,3.13880323650894,49.670000000012806,15.195281897646964,1788255798000-632578958264631296-1083040452048846848,,,,,
1135598313102376960,1788237975000-632578958264631296-1135598313102376960,1788237975000,1788243825000,1,47.618,16.047,2.967408238299994,632578958264631296,1788237975000,1135598313102376960,RJ47GA6228,5850000,1788243825000,42.36292122910182,47.618,1.5999999999994543,16.046561071629476,2.9674894070723496,50.30000000001746,16.046561071629476,1788237975000-632578958264631296-1135598313102376960,,,,,
1082303861131051008,1788264471000-632578958264631296-1082303861131051008,1788264471000,1788270459000,1,47.513,21.899,2.1696424494269144,632578958264631296,1788264471000,1082303861131051008,RJ47GA5902,5988000,1788270459000,57.814426840648906,47.513,1.4000000000005457,21.899404106306402,2.169602413351403,50.70000000001164,21.899404106306402,1788264471000-632578958264631296-1082303861131051008,,,,,
1083728870357598208,1788264331000-632578958264631296-1083728870357598208,1788264331000,1788268303000,1,47.317,16.399,2.885358863345326,632578958264631296,1788264331000,1083728870357598208,RJ47GA6364,3972000,1788268303000,43.29396671400429,47.317,1.1000000000003638,16.399229815910715,2.885318428435738,49.5,16.399229815910715,1788264331000-632578958264631296-1083728870357598208,,,,,
1083729038846984192,1788239361000-632578958264631296-1083729038846984192,1788239361000,1788243844000,1,47.141,19.703,2.3925798101811906,632578958264631296,1788239361000,1083729038846984192,RJ47GA6358,4483000,1788243844000,52.0158006594374,47.141,1.199999999999818,19.70295479524144,2.39258529950976,49.80000000001746,19.70295479524144,1788239361000-632578958264631296-1083729038846984192,,,,,
866686329780436992,1788253817000-632578958264631296-866686329780436992,1788253817000,1788259138000,1,47.141,14.462,3.2596459687456782,632578958264631296,1788253817000,866686329780436992,RJ47GA4408,5321000,1788259138000,38.17944267179059,47.141,1.4000000000014552,14.46191010295098,3.259666231114297,48.79999999998836,14.46191010295098,1788253817000-632578958264631296-866686329780436992,,,,,1.6605224123434166
940988876032311296,1788263488000-632578958264631296-940988876032311296,1788263488000,1788269680000,1,47.135,14.515,3.2473303479159488,632578958264631296,1788263488000,940988876032311296,RJ47GA4497,6192000,1788269680000,38.31946197532257,47.135,1.6499999999996362,14.514947717925216,3.2473420446282897,49.09999999997672,14.514947717925216,1788263488000-632578958264631296-940988876032311296,,,,,
1067793936933715968,1788221172000-632578958264631296-1067793936933715968,1788221172000,1788226934000,1,47.125,21.197,2.2231919611265747,632578958264631296,1788221172000,1067793936933715968,RJ47GA3357,5762000,1788226934000,55.959360071385376,47.125,1.550000000000182,21.196727299767186,2.223220562945941,47.125,21.196727299767186,1788221172000-632578958264631296-1067793936933715968,,,,,
1471165285556813824,1788229818000-632578958264631296-1471165285556813824,1788229818000,1788236194000,1,47.125,19.0,2.4802631578947367,632578958264631296,1788229818000,1471165285556813824,NL01AK2623,6376000,1788236194000,50.160000000000004,47.125,1.7000000000002728,19.0,2.4802631578947367,47.125,19.0,1788229818000-632578958264631296-1471165285556813824,,,,,
1488160320575766528,1788251461000-632578958264631296-1488160320575766528,1788251461000,1788255736000,1,47.125,17.648,2.670274252039891,632578958264631296,1788251461000,1488160320575766528,NL01AK3103,4275000,1788255736000,46.5904721039753,47.125,1.150000000000091,17.647906099990642,2.67028845988845,47.125,17.647906099990642,1788251461000-632578958264631296-1488160320575766528,,,,,
1050036019790872576,1788268948000-632578958264631296-1050036019790872576,1788268948000,1788274990000,1,47.103,15.904,2.9617077464788735,632578958264631296,1788268948000,1050036019790872576,RJ47GA5530,6042000,1788274990000,41.98713515441636,47.103,1.6499999999996362,15.904217861521346,2.961667175973549,49.0,15.904217861521348,1788268948000-632578958264631296-1050036019790872576,,,,,
1422205425331208192,1788255574000-632578958264631296-1422205425331208192,1788255574000,1788262706000,1,47.086,21.717,2.16816319012755,632578958264631296,1788255574000,1422205425331208192,NL01AJ9003,7132000,1788262706000,57.33340258106852,47.086,1.949999999999818,21.717197947374437,2.168143427807757,50.625,21.71719794737444,1788255574000-632578958264631296-1422205425331208192,,,,,
1536014556927623168,1788229363000-632578958264631296-1536014556927623168,1788229363000,1788233942000,1,47.079,17.778,2.6481606479919004,632578958264631296,1788229363000,1536014556927623168,NL01AK9196,4579000,1788233942000,46.93491270701941,47.079,1.25,17.778376025386137,2.6481046374975334,48.33499999999913,17.778376025386137,1788229363000-632578958264631296-1536014556927623168,,,,,
935627425390264320,1788228580000-632578958264631296-935627425390264320,1788228580000,1788232588000,1,47.061,16.525,2.847866868381241,632578958264631296,1788228580000,935627425390264320,RJ47GA4714,4008000,1788232588000,43.6265278865626,47.061,0.0,16.525199957031287,2.847832408828195,48.19999999999709,16.525199957031287,1788228580000-632578958264631296-935627425390264320,,,,,
1142833661045899264,1788266708000-632578958264631296-1142833661045899264,1788266708000,1788272626000,1,47.044,23.676,1.986991045784761,632578958264631296,1788266708000,1142833661045899264,RJ47GA6293,5918000,1788272626000,62.50475027354539,47.044,1.5999999999994543,23.676041770282342,1.9869875402504404,49.5,23.676041770282342,1788266708000-632578958264631296-1142833661045899264,,,,,
1464286677953413120,1788255520000-632578958264631296-1464286677953413120,1788255520000,1788261661000,1,47.002,23.414,2.007431451268472,632578958264631296,1788255520000,1464286677953413120,NL01AK1958,6141000,1788261661000,61.81261767883981,47.002,1.7000000000002728,23.413870332893865,2.0074425685174937,48.375,23.41387033289386,1788255520000-632578958264631296-1464286677953413120,,,,,
942436996423352320,1788235828000-632578958264631296-942436996423352320,1788235828000,1788240720000,1,46.98,13.551,3.4669028116006197,632578958264631296,1788235828000,942436996423352320,RJ47GA1344,4892000,1788240720000,35.77553635466354,46.98,0.0,13.551339528281643,3.466815948486328,,0.001,1788235828000-632578958264631296-942436996423352320,,,,,
790193276584984576,1788230948000-632578958264631296-790193276584984576,1788230948000,1788235954000,1,46.972,18.808,2.497447894512973,632578958264631296,1788230948000,790193276584984576,RJ47GA2477,5006000,1788235954000,49.652215317119314,46.972,1.3500000000003638,18.807657317090648,2.4974933989953243,52.90000000002328,18.807657317090648,1788230948000-632578958264631296-790193276584984576,,['841055114193010688'],,841055114193010688,
1363836271826305024,1788268012000-632578958264631296-1363836271826305024,1788268012000,1788273337000,1,46.886,20.989,2.233836771642289,632578958264631296,1788268012000,1363836271826305024,NL01AJ4205,5325000,1788273337000,55.410849813255254,46.886,1.449999999999818,20.988958262596686,2.233841213718218,48.5,20.988958262596686,1788268012000-632578958264631296-1363836271826305024,,,,,
942723675356921856,1788238482000-632578958264631296-942723675356921856,1788238482000,1788245973000,1,46.858,27.411,1.709459705957462,632578958264631296,1788238482000,942723675356921856,RJ14GN1566,7491000,1788245973000,72.36571474047139,46.858,0.0,27.41125558351189,1.709443766894994,48.5,27.41125558351189,1788238482000-632578958264631296-942723675356921856,"{'confidence': 48.4, 'count': 5, 'error_code': None, 'flags': {'alta-status': 'present', 'alta_partial': False, 'gps_dup_rows_count': 0}, 'load_class': 'HIGH', 'mean': 92732.98189857112, 'std': 21391.62516130076, 'timestamp': 1788245978658}",,,,
1126869078934290432,1788251196000-632578958264631296-1126869078934290432,1788251196000,1788257609000,1,46.791,26.461,1.7683005177430935,632578958264631296,1788251196000,1126869078934290432,RJ47GA4863,6413000,1788257609000,69.85637138584661,46.791,1.75,26.460746737063108,1.768317442623819,48.600000000034925,26.460746737063108,1788251196000-632578958264631296-1126869078934290432,,,,,
1471164933021368320,1788292223000-632578958264631296-1471164933021368320,1788292223000,1788298467000,1,46.728,9.986,4.679351091528139,632578958264631296,1788292223000,1471164933021368320,NL01AK2622,6244000,1788298467000,26.362357225395105,46.728,1.75,9.98574137325572,4.679472284867012,48.375,9.98574137325572,1788292223000-632578958264631296-1471164933021368320,,,,,
794950170587430912,1788255359000-632578958264631296-794950170587430912,1788255359000,1788259123000,1,46.71,11.722,3.984814878007166,632578958264631296,1788255359000,794950170587430912,RJ47GA2696,3764000,1788259123000,30.94710288645776,46.71,1.0,11.722387456991575,3.9846831689683477,52.5,11.722387456991575,1788255359000-632578958264631296-794950170587430912,,['900758004192772105'],,900758004192772105,
1350071704793120768,1788234400000-632578958264631296-1350071704793120768,1788234400000,1788238986000,1,46.656,19.75,2.3623291139240505,632578958264631296,1788234400000,1350071704793120768,RJ47GA3451,4586000,1788238986000,52.14,46.656,1.1999999999989086,19.75,2.3623291139240505,47.625,19.75,1788234400000-632578958264631296-1350071704793120768,,,,,
1067764685513687040,1788234389000-632578958264631296-1067764685513687040,1788234389000,1788239181000,1,46.634,19.057,2.447079813192003,632578958264631296,1788234389000,1067764685513687040,RJ47GA6297,4792000,1788239181000,50.30947506175978,46.634,1.300000000000182,19.056619341575672,2.447128693926261,49.80000000001746,19.056619341575672,1788234389000-632578958264631296-1067764685513687040,,,,,
873104331912511488,1788222406000-632578958264631296-873104331912511488,1788222406000,1788229376000,1,46.546,18.314,2.541552910341815,632578958264631296,1788222406000,873104331912511488,RJ14GN0768,6970000,1788229376000,48.348894579349825,46.546,1.8999999999996362,18.31397521945069,2.5415563493044906,47.09999999997672,18.31397521945069,1788222406000-632578958264631296-873104331912511488,,,,,0.0
967085947369816064,1788245298000-632578958264631296-967085947369816064,1788245298000,1788250140000,1,46.477,10.961,4.2402153088221874,632578958264631296,1788245298000,967085947369816064,RJ47GA4721,4842000,1788250140000,28.936987207133463,46.477,1.2999999999992724,10.960980002702069,4.240223044704271,47.899999999965075,10.960980002702069,1788245298000-632578958264631296-967085947369816064,,,,,
1181865650805538816,1788234202000-632578958264631296-1181865650805538816,1788234202000,1788238101000,1,46.364,13.83,3.3524222704266085,632578958264631296,1788234202000,1181865650805538816,RJ47GA6367,3899000,1788238101000,36.510690022399814,46.364,1.050000000000182,13.829806826666594,3.3524690967194903,48.70000000001164,13.829806826666594,1788234202000-632578958264631296-1181865650805538816,,,,,
1132636490090676224,1788283311000-632578958264631296-1132636490090676224,1788283311000,1788288858000,1,46.249,9.774,4.731839574381011,632578958264631296,1788283311000,1132636490090676224,RJ47GA5322,5547000,1788288858000,25.80257008901813,46.249,1.5,9.773700791294745,4.731984433285817,47.69999999998254,9.773700791294745,1788283311000-632578958264631296-1132636490090676224,,,,,
1570836903035404288,1788252982000-632578958264631296-1570836903035404288,1788252982000,1788257130000,1,46.234,10.545,4.384447605500237,632578958264631296,1788252982000,1570836903035404288,RJ47GA8949,4148000,1788257130000,27.838244876086325,46.234,1.099999999999966,10.544789725790274,4.38453503600187,47.00500000000102,10.544789725790274,1788252982000-632578958264631296-1570836903035404288,,,,,
1050037537222950912,1788242267000-632578958264631296-1050037537222950912,1788242267000,1788247536000,1,46.195,19.1,2.418586387434555,632578958264631296,1788242267000,1050037537222950912,RJ47GA5924,5269000,1788247536000,50.423539525403896,46.195000000006985,1.0,19.099825577804506,2.418608474293566,46.195000000006985,19.099825577804506,1788242267000-632578958264631296-1050037537222950912,,,,,
1389243594644127744,1788306949000-632578958264631296-1389243594644127744,1788306949000,1788312367000,1,46.123,28.002,1.6471323476894508,632578958264631296,1788306949000,1389243594644127744,NL01AJ6142,5418000,1788312367000,73.92567529293036,46.123,1.449999999999818,28.00214973217059,1.6471235401977393,47.0,28.00214973217059,1788306949000-632578958264631296-1389243594644127744,,,,,
1046443765134262272,1788306997000-632578958264631296-1046443765134262272,1788306997000,1788312413000,1,46.109,17.222,2.677331320404134,632578958264631296,1788306997000,1046443765134262272,RJ47GA4014,5416000,1788312413000,45.46711181584704,46.109,1.4500000000007276,17.222390839336,2.6772705619179704,46.75,17.222390839336,1788306997000-632578958264631296-1046443765134262272,,,,,
1491416395517263872,1788262228000-632578958264631296-1491416395517263872,1788262228000,1788267187000,1,46.102,18.241,2.5273833671399593,632578958264631296,1788262228000,1491416395517263872,NL01AK3106,4959000,1788267187000,48.156830756018266,46.102,1.349999999999909,18.24122377121904,2.5273523628792725,48.25,18.24122377121904,1788262228000-632578958264631296-1491416395517263872,,,,,
812260483275948032,1788264410000-632578958264631296-812260483275948032,1788264410000,1788268750000,1,46.087,15.734,2.929134358713614,632578958264631296,1788264410000,812260483275948032,RJ47GA3187,4340000,1788268750000,41.538521432825725,46.087,1.1499999999996362,15.734288421524896,2.929080665443494,50.90000000002328,15.734288421524894,1788264410000-632578958264631296-812260483275948032,,['900758004222132228'],,900758004222132228,
1050036509840769024,1788274208000-632578958264631296-1050036509840769024,1788274208000,1788278394000,1,46.039,16.737,2.7507319113341704,632578958264631296,1788274208000,1050036509840769024,RJ47GA6390,4186000,1788278394000,44.18454201518119,46.039,1.1000000000003638,16.736568945144388,2.7508027571778286,48.70000000001164,16.736568945144388,1788274208000-632578958264631296-1050036509840769024,,,,,
1401196266230120448,1788267663000-632578958264631296-1401196266230120448,1788267663000,1788271651000,1,46.012,15.213,3.024518503911129,632578958264631296,1788267663000,1401196266230120448,NL01AJ4828,3988000,1788271651000,40.161787245806046,46.012,1.099999999999909,15.212798199168956,3.024558624758037,46.10000000000582,15.212798199168956,1788267663000-632578958264631296-1401196266230120448,,,,,
1050037537222950912,1788233309000-632578958264631296-1050037537222950912,1788233309000,1788238704000,1,45.98,16.304,2.8201668302257117,632578958264631296,1788233309000,1050037537222950912,RJ47GA5924,5395000,1788238704000,43.04376770027309,45.97999999998137,0.0,16.304457462224654,2.8200877034093996,45.97999999998137,16.304457462224654,1788233309000-632578958264631296-1050037537222950912,,,,,
1083726887294861312,1788274225000-632578958264631296-1083726887294861312,1788274225000,1788278352000,1,45.932,17.17,2.675131042516016,632578958264631296,1788274225000,1083726887294861312,RJ47GA6339,4127000,1788278352000,45.32994780173815,45.932,1.1000000000003638,17.17043477338566,2.675063305397196,49.199999999953434,17.17043477338566,1788274225000-632578958264631296-1083726887294861312,,,,,
1061978679036346368,1788242769000-632578958264631296-1061978679036346368,1788242769000,1788247081000,1,45.875,9.803,4.6796898908497395,632578958264631296,1788242769000,1061978679036346368,RJ47GA3347,4312000,1788247081000,25.879300716903227,45.875,1.1499999999996362,9.802765423069404,4.6798018742792475,45.875,9.802765423069404,1788242769000-632578958264631296-1061978679036346368,,,,,
1061978679036346368,1788275867000-632578958264631296-1061978679036346368,1788275867000,1788281317000,1,45.875,19.148,2.3958115730102363,632578958264631296,1788275867000,1061978679036346368,RJ47GA3347,5450000,1788281317000,50.5516721988547,45.875,1.5,19.148360681384357,2.395766445145288,45.875,19.148360681384357,1788275867000-632578958264631296-1061978679036346368,,,,,
1585283247909109760,1788244233000-632578958264631296-1585283247909109760,1788244233000,1788248247000,1,45.826,10.497,4.365628274745165,632578958264631296,1788244233000,1585283247909109760,RJ47GA5321,4014000,1788248247000,27.711332018088328,45.826,1.1000000000003638,10.496716673518305,4.365746111411424,47.70000000001164,10.496716673518307,1788244233000-632578958264631296-1585283247909109760,,,,,
1109804807901675520,1788225165000-632578958264631296-1109804807901675520,1788225165000,1788229707000,1,45.688,24.118,1.8943527655692847,632578958264631296,1788225165000,1109804807901675520,RJ47GA5831,4542000,1788229707000,63.671362921896076,45.688,0.0,24.11794050071821,1.8943574389628939,48.59999999997672,24.11794050071821,1788225165000-632578958264631296-1109804807901675520,,,,,
1070378226594873344,1788234334000-632578958264631296-1070378226594873344,1788234334000,1788238052000,1,45.617,16.247,2.807718348002708,632578958264631296,1788234334000,1070378226594873344,RJ47GA3436,3718000,1788238052000,42.89182412242284,45.617,1.0500000000010914,16.246903076675316,2.807735097865484,47.125,16.246903076675316,1788234334000-632578958264631296-1070378226594873344,,,,,
1083727986517082112,1788264673000-632578958264631296-1083727986517082112,1788264673000,1788269797000,1,45.605,20.343,2.241803077225581,632578958264631296,1788264673000,1083727986517082112,RJ47GA6315,5124000,1788269797000,53.705472076841815,45.605,1.3500000000003638,20.342981847288566,2.2418050776601612,48.29999999998836,20.342981847288566,1788264673000-632578958264631296-1083727986517082112,,,,,
1350071704793120768,1788247557000-632578958264631296-1350071704793120768,1788247557000,1788252659000,1,45.593,21.125,2.1582485207100595,632578958264631296,1788247557000,1350071704793120768,RJ47GA3451,5102000,1788252659000,55.77,45.593,1.3499999999985448,21.125,2.1582485207100595,46.5,21.125,1788247557000-632578958264631296-1350071704793120768,,,,,
939140658449350656,1788252986000-632578958264631296-939140658449350656,1788252986000,1788257695000,1,45.528,14.608,3.1166484118291344,632578958264631296,1788252986000,939140658449350656,RJ47GA2643,4709000,1788257695000,38.565193017083644,45.528,1.25,14.608027657986227,3.1166425109490934,48.375,14.608027657986227,1788252986000-632578958264631296-939140658449350656,,,,,
1067775201233600512,1788267814000-632578958264631296-1067775201233600512,1788267814000,1788272714000,1,45.526,18.68,2.437152034261242,632578958264631296,1788267814000,1067775201233600512,RJ47GA3826,4900000,1788272714000,49.31593938661287,45.526,1.2999999999992724,18.680280070686692,2.43711549439989,49.5,18.680280070686692,1788267814000-632578958264631296-1067775201233600512,,,,,
944591832124227584,1788258368000-632578958264631296-944591832124227584,1788258368000,1788264124000,1,45.49,22.609,2.0120306072802867,632578958264631296,1788258368000,944591832124227584,RJ47GA3458,5756000,1788264124000,59.68803799797651,45.49,1.5500000000010914,22.609105302263828,2.0120212362160625,44.5,22.609105302263828,1788258368000-632578958264631296-944591832124227584,,,,,
1073994678560358400,1788263610000-632578958264631296-1073994678560358400,1788263610000,1788267788000,1,45.474,17.196,2.644452198185624,632578958264631296,1788263610000,1073994678560358400,RJ47GA5628,4178000,1788267788000,45.398129273703496,45.474,1.1000000000003638,17.19626108852405,2.6444120478228337,48.100000000034925,17.19626108852405,1788263610000-632578958264631296-1073994678560358400,,,,,
1083726789898928128,1788229036000-632578958264631296-1083726789898928128,1788229036000,1788234791000,1,45.459,21.115,2.152924461283448,632578958264631296,1788229036000,1083726789898928128,RJ47GA6312,5755000,1788234791000,55.74382498729828,45.459,1.5499999999992724,21.11508522246147,2.152915771878692,47.39999999999418,21.11508522246147,1788229036000-632578958264631296-1083726789898928128,,,,,
1536014618822967296,1788230529000-632578958264631296-1536014618822967296,1788230529000,1788236816000,1,45.448,25.047,1.8145087235996327,632578958264631296,1788230529000,1536014618822967296,NL01AK9203,6287000,1788236816000,66.12280278127723,45.448,1.6999999999999318,25.046516205029253,1.8145437723939508,46.88999999999942,25.046516205029253,1788230529000-632578958264631296-1536014618822967296,,,,,
996808469547843584,1788304615000-632578958264631296-996808469547843584,1788304615000,1788309450000,1,45.318,9.703,4.670514273935896,632578958264631296,1788304615000,996808469547843584,RJ47GA3893,4835000,1788309450000,25.61603410514924,45.318,1.3000000000010914,9.70304322164744,4.670493469398938,45.125,8.5854148216043,1788304615000-632578958264631296-996808469547843584,,,,,
1491416395517263872,1788249522000-632578958264631296-1491416395517263872,1788249522000,1788254764000,1,45.055,24.189,1.8626235065525651,632578958264631296,1788249522000,1491416395517263872,NL01AK3106,5242000,1788254764000,63.859060128277,45.055,1.400000000000091,24.18903792737765,1.8626205860385139,47.625,24.18903792737765,1788249522000-632578958264631296-1491416395517263872,,,,,
1312806942439112704,1788262257000-632578958264631296-1312806942439112704,1788262257000,1788267097000,1,45.009,17.523,2.568567026194145,632578958264631296,1788262257000,1312806942439112704,NL01AH8912,4840000,1788267097000,46.2599429763861,45.009,1.3500000000003638,17.52270567287352,2.5686101701563904,46.125,17.52270567287352,1788262257000-632578958264631296-1312806942439112704,,,,,
1067775063052255232,1788221964000-632578958264631296-1067775063052255232,1788221964000,1788226151000,1,44.847,16.047,2.7947279865395402,632578958264631296,1788221964000,1067775063052255232,RJ47GA3725,4187000,1788226151000,42.36305197008491,44.847,1.1000000000000227,16.04661059472913,2.7947958065817966,47.0,16.04661059472913,1788221964000-632578958264631296-1067775063052255232,,,,,
1141991039255445504,1788244744000-632578958264631296-1141991039255445504,1788244744000,1788249904000,1,44.618,9.614,4.640940295402538,632578958264631296,1788244744000,1141991039255445504,RJ47GA6283,5160000,1788249904000,25.381114509515402,44.618,1.3499999999994543,9.614058526331592,4.640912043316296,47.10000000000582,9.614058526331592,1788244744000-632578958264631296-1141991039255445504,,,,,
1079796452147855360,1788255013000-632578958264631296-1079796452147855360,1788255013000,1788259613000,1,44.588,9.603,4.643132354472561,632578958264631296,1788255013000,1079796452147855360,RJ47GA3909,4600000,1788259613000,25.353102627726358,44.588,1.25,9.603447965047863,4.642915769656881,45.625,9.603447965047863,1788255013000-632578958264631296-1079796452147855360,,,,,
1083039951072788480,1788226601000-632578958264631296-1083039951072788480,1788226601000,1788231386000,1,44.475,24.688,1.8014825016202205,632578958264631296,1788226601000,1083039951072788480,RJ47GA5903,4785000,1788231386000,65.17631999998586,44.475,1.300000000000182,24.687999999994645,1.801482501620611,47.0,24.687999999994645,1788226601000-632578958264631296-1083039951072788480,,,,,
1135529735623802880,1788232211000-632578958264631296-1135529735623802880,1788232211000,1788236612000,1,44.473,18.558,2.3964328052591872,632578958264631296,1788232211000,1135529735623802880,RJ47GA6233,4401000,1788236612000,48.99350251832479,44.473,1.1499999999996362,18.558144893304842,2.3964140950340553,46.69999999998254,18.558144893304842,1788232211000-632578958264631296-1135529735623802880,,,,,
946026878085365760,1788259895000-632578958264631296-946026878085365760,1788259895000,1788265523000,1,44.396,19.844,2.237250554323725,632578958264631296,1788259895000,946026878085365760,RJ47GA4715,5628000,1788265523000,52.38833209473098,44.396,1.5,19.844065187398098,2.237243204995795,45.39999999999418,19.844065187398098,1788259895000-632578958264631296-946026878085365760,,,,,
1045014601197944832,1788260988000-632578958264631296-1045014601197944832,1788260988000,1788267085000,1,44.244,27.318,1.619591478146277,632578958264631296,1788260988000,1045014601197944832,RJ47GA5632,6097000,1788267085000,72.11999715555355,44.244,0.0,27.31818074073998,1.6195807627122956,46.90000000002328,27.31818074073998,1788260988000-632578958264631296-1045014601197944832,,,,,
1067776196789403648,1788256379000-632578958264631296-1067776196789403648,1788256379000,1788261812000,1,44.189,16.472,2.682673627974745,632578958264631296,1788256379000,1067776196789403648,RJ47GA6412,5433000,1788261812000,43.48660777323567,44.189,0.0,16.47219991410442,2.6826410698283785,45.30000000001746,16.47219991410442,1788256379000-632578958264631296-1067776196789403648,,,,,
1299087047838924800,1788245048000-632578958264631296-1299087047838924800,1788245048000,1788252784000,1,44.108,21.43,2.0582361175921604,632578958264631296,1788245048000,1299087047838924800,RJ47GA6395,7736000,1788252784000,56.57465270771194,44.108,2.0999999999994543,21.42979269231513,2.058256028571729,46.0,21.42979269231513,1788245048000-632578958264631296-1299087047838924800,"{'confidence': 64.1, 'count': 9, 'error_code': None, 'flags': {'alta-status': 'present', 'alta_partial': False, 'gps_dup_rows_count': 0}, 'load_class': 'HIGH', 'mean': 54306.35629863567, 'std': 11711.666243493552, 'timestamp': 1788252788507}",,,,
1050036721544069120,1788223447000-632578958264631296-1050036721544069120,1788223447000,1788229512000,1,44.07,20.24,2.1773715415019765,632578958264631296,1788223447000,1050036721544069120,RJ47GA5834,6065000,1788229512000,53.43437257870863,44.07,1.6499999999996362,20.24029264345024,2.1773400600638575,46.60000000000582,20.240292643450243,1788223447000-632578958264631296-1050036721544069120,,,,,
1477689128190476288,1788231522000-632578958264631296-1477689128190476288,1788231522000,1788235486000,1,43.923,10.275,4.274744525547446,632578958264631296,1788231522000,1477689128190476288,RJ47FA0016,3964000,1788235486000,27.126401485962283,43.923,1.0499999999999545,10.275152078016015,4.274681256929961,46.69000000000233,10.275152078016015,1788231522000-632578958264631296-1477689128190476288,,,,,
926578486859005952,1788228736000-632578958264631296-926578486859005952,1788228736000,1788234109000,1,43.903,15.375,2.8554796747967477,632578958264631296,1788228736000,926578486859005952,RJ47GA4004,5373000,1788234109000,40.590346431577686,43.903,1.4500000000000455,15.375131224082457,2.8554553037722123,39.75,15.375131224082457,1788228736000-632578958264631296-926578486859005952,,,,,
794950170587430912,1788259457000-632578958264631296-794950170587430912,1788259457000,1788263047000,1,43.852,13.291,3.2993755172673236,632578958264631296,1788259457000,794950170587430912,RJ47GA2696,3590000,1788263047000,35.089315169182164,43.852,0.9499999999989086,13.291407261053848,3.29927442133942,49.0,13.291407261053848,1788259457000-632578958264631296-794950170587430912,,['900758004192772105'],,900758004192772105,
1073278104413143040,1788260991000-632578958264631296-1073278104413143040,1788260991000,1788264900000,1,43.817,14.499,3.022070487619836,632578958264631296,1788260991000,1073278104413143040,RJ47GA3367,3909000,1788264900000,38.27609751694943,43.817,1.0499999999992724,14.498521786723268,3.0221701663492717,,14.498521786723268,1788260991000-632578958264631296-1073278104413143040,,,,,
1462138501628690432,1788263034000-632578958264631296-1462138501628690432,1788263034000,1788267408000,1,43.801,12.167,3.5999835620941893,632578958264631296,1788263034000,1462138501628690432,RJ47GA5314,4374000,1788267408000,32.121689532083586,43.801,1.199999999999818,12.167306640940751,3.599892835166797,44.89999999999418,12.167306640940751,1788263034000-632578958264631296-1462138501628690432,,,,,
786329294770012160,1788272472000-632578958264631296-786329294770012160,1788272472000,1788276162000,1,43.734,14.733,2.9684381999592753,632578958264631296,1788272472000,786329294770012160,RJ47GA3336,3690000,1788276162000,38.894280850484684,43.734,1.0,14.732682140335108,2.9685022444260265,,14.732682140335108,1788272472000-632578958264631296-786329294770012160,,['900758004226326533'],,900758004226326533,
1067763772824748032,1788262391000-632578958264631296-1067763772824748032,1788262391000,1788268500000,1,43.639,30.493,1.431115337946414,632578958264631296,1788262391000,1067763772824748032,RJ47GA6232,6109000,1788268500000,80.50140659521415,43.639,1.6500000000005457,30.49295704364172,1.4311173540022235,46.0,30.49295704364172,1788262391000-632578958264631296-1067763772824748032,,,,,
1545767666730401792,1788248662000-632578958264631296-1545767666730401792,1788248662000,1788252457000,1,43.605,11.038,3.950443921000181,632578958264631296,1788248662000,1545767666730401792,NL01AK8998,3795000,1788252457000,29.140202335827667,43.605,1.0499999999999545,11.037955430237751,3.950459872355253,45.31499999999869,11.037955430237751,1788248662000-632578958264631296-1545767666730401792,,,,,
939141093658722304,1788264396000-632578958264631296-939141093658722304,1788264396000,1788269841000,1,43.599,22.189,1.9648925143088916,632578958264631296,1788264396000,939141093658722304,RJ47GA3768,5445000,1788269841000,58.57946902057379,43.599,1.5,22.189192810823403,1.9648754405673268,50.375,22.189192810823403,1788264396000-632578958264631296-939141093658722304,,,,,
1499777554695847936,1788267646000-632578958264631296-1499777554695847936,1788267646000,1788272549000,1,43.538,15.464,2.815442317640972,632578958264631296,1788267646000,1499777554695847936,NL01AK3108,4903000,1788272549000,40.825617442402915,43.538,1.349999999999909,15.464249031213225,2.8153969786778767,46.125,15.464249031213225,1788267646000-632578958264631296-1499777554695847936,,,,,
1073277847704961024,1788237662000-632578958264631296-1073277847704961024,1788237662000,1788243305000,1,43.499,8.565,5.078692352597782,632578958264631296,1788237662000,1073277847704961024,RJ47GA3542,5643000,1788243305000,22.611885725088154,43.499,1.5,8.565108229200058,5.078628177949201,46.25,7.137118772254514,1788237662000-632578958264631296-1073277847704961024,,,,,
1067764843953520640,1788271305000-632578958264631296-1067764843953520640,1788271305000,1788277140000,1,43.455,10.177,4.2699223739805445,632578958264631296,1788271305000,1067764843953520640,RJ47GA6292,5835000,1788277140000,26.866216583013646,43.455,0.0,10.176597190535471,4.270091385793908,45.0,10.176597190535471,1788271305000-632578958264631296-1067764843953520640,,,,,
796706773456125952,1788244845000-632578958264631296-796706773456125952,1788244845000,1788248978000,1,43.451,21.054,2.063788353757006,632578958264631296,1788244845000,796706773456125952,RJ47GA3118,4133000,1788248978000,55.58365590825172,43.451,1.0537380555551918,21.054415116762016,2.0637476633301217,,21.03919390048116,1788244845000-632578958264631296-796706773456125952,,['900758004213743618'],,900758004213743618,
798605218047590400,1788241439000-632578958264631296-798605218047590400,1788241439000,1788245798000,1,43.436,14.761,2.942619063749069,632578958264631296,1788241439000,798605218047590400,RJ47GA3110,4359000,1788245798000,38.970266988816086,43.436,1.1999999999989086,14.761464768490942,2.9425264146357777,49.300000000046566,14.76146476849094,1788241439000-632578958264631296-798605218047590400,,['900758004205355021'],,900758004205355021,
951558414842986496,1788243022000-632578958264631296-951558414842986496,1788243022000,1788248315000,1,43.42,28.148,1.5425607503197385,632578958264631296,1788243022000,951558414842986496,RJ47GA3895,5293000,1788248315000,74.3110033588307,43.42,1.4500000000007276,28.14810733289042,1.5425548683077788,44.25,28.14810733289042,1788243022000-632578958264631296-951558414842986496,,,,,
780085706063085568,1788237718000-632578958264631296-780085706063085568,1788237718000,1788243301000,1,43.419,8.584,5.058131407269338,632578958264631296,1788237718000,780085706063085568,RJ47GA3335,5583000,1788243301000,22.662283790204498,43.419,1.5,8.58419840538049,5.058014499383588,48.59999999997672,8.58419840538049,1788237718000-632578958264631296-780085706063085568,,['900758004226326531'],,900758004226326531,
1464286677953413120,1788263779000-632578958264631296-1464286677953413120,1788263779000,1788269673000,1,43.41,21.122,2.0552031057664992,632578958264631296,1788263779000,1464286677953413120,NL01AK1958,5894000,1788269673000,55.761566441910915,43.41,1.599999999999909,21.1218054704208,2.0552220339682523,44.625,21.1218054704208,1788263779000-632578958264631296-1464286677953413120,,,,,
906488270454521856,1788221997000-632578958264631296-906488270454521856,1788221997000,1788227704000,1,43.407,18.417,2.356898517673888,632578958264631296,1788221997000,906488270454521856,RJ47GA3505,5707000,1788227704000,48.62141740179602,43.407,1.550000000000182,18.41720356128637,2.3568724673947288,42.5,18.41720356128637,1788221997000-632578958264631296-906488270454521856,,,,,
1070378226594873344,1788252378000-632578958264631296-1070378226594873344,1788252378000,1788256015000,1,43.321,14.19,3.05292459478506,632578958264631296,1788252378000,1070378226594873344,RJ47GA3436,3637000,1788256015000,37.46057391988441,43.321,1.0,14.18961133328955,3.0530082172417736,44.125,14.189611333289552,1788252378000-632578958264631296-1070378226594873344,,,,,
1068875501654769664,1788263427000-632578958264631296-1068875501654769664,1788263427000,1788269194000,1,43.25,9.576,4.516499582289056,632578958264631296,1788263427000,1068875501654769664,RJ47GA3881,5767000,1788269194000,25.28055439907804,43.25,1.550000000000182,9.575967575408347,4.516514875329002,43.625,9.575967575408347,1788263427000-632578958264631296-1068875501654769664,,,,,
1422205425331208192,1788263787000-632578958264631296-1422205425331208192,1788263787000,1788269734000,1,43.249,21.224,2.037740294006785,632578958264631296,1788263787000,1422205425331208192,NL01AJ9003,5947000,1788269734000,56.030658470959075,43.249,1.599999999999909,21.22373426930268,2.0377658074316334,46.25,21.22373426930268,1788263787000-632578958264631296-1422205425331208192,,,,,
1067775201233600512,1788253318000-632578958264631296-1067775201233600512,1788253318000,1788259473000,1,43.16,30.428,1.4184303930590245,632578958264631296,1788253318000,1067775201233600512,RJ47GA3826,6155000,1788259473000,80.329602673836,43.16,1.6499999999996362,30.427879800695454,1.4184359962869821,46.125,30.427879800695454,1788253318000-632578958264631296-1067775201233600512,,,,,
1362453820235317248,1788223633000-632578958264631296-1362453820235317248,1788223633000,1788227410000,1,43.132,13.737,3.1398413045060782,632578958264631296,1788223633000,1362453820235317248,NL01AJ4179,3777000,1788227410000,36.26440156489601,43.132,1.0499999999997272,13.736515744278792,3.1399519938645515,46.125,13.736515744278792,1788223633000-632578958264631296-1362453820235317248,,,,,
932302785804763136,1788223186000-632578958264631296-932302785804763136,1788223186000,1788229442000,1,43.129,19.465,2.2157205240174673,632578958264631296,1788223186000,932302785804763136,RJ47GA4681,6256000,1788229442000,51.38750925899237,43.129,1.1999999999989086,19.464965628406198,2.2157244365774624,44.09999999997672,19.464965628406198,1788223186000-632578958264631296-932302785804763136,,,,,
1088485622458351616,1788242259000-632578958264631296-1088485622458351616,1788242259000,1788250177000,1,43.1,15.276,2.821419219691019,632578958264631296,1788242259000,1088485622458351616,RJ47GA5708,7918000,1788250177000,40.32947530545349,43.09999999997672,2.199999999999818,15.276316403580868,2.8213607823594042,43.09999999997672,15.276316403580868,1788242259000-632578958264631296-1088485622458351616,"{'confidence': 45.8, 'count': 4, 'error_code': None, 'flags': {'alta-status': 'present', 'alta_partial': False, 'gps_dup_rows_count': 0}, 'load_class': 'HIGH', 'mean': 46726.84165187671, 'std': 10128.685491169022, 'timestamp': 1788250196621}",,,,
1385589008028925952,1788231746000-632578958264631296-1385589008028925952,1788231746000,1788236601000,1,43.057,16.18,2.6611248454882572,632578958264631296,1788231746000,1385589008028925952,NL01AJ5695,4855000,1788236601000,42.71638533579334,43.057,1.300000000000182,16.18044899083081,2.661051002008639,44.875,16.18044899083081,1788231746000-632578958264631296-1385589008028925952,,,,,
1536014618822967296,1788256443000-632578958264631296-1536014618822967296,1788256443000,1788260973000,1,42.963,14.302,3.0039854565794997,632578958264631296,1788256443000,1536014618822967296,NL01AK9203,4530000,1788260973000,37.75611345261463,42.963,1.1999999999999318,14.301558125990388,3.004078270459415,44.13000000000102,14.30155812599039,1788256443000-632578958264631296-1536014618822967296,,,,,
931892603408875520,1788304111000-632578958264631296-931892603408875520,1788304111000,1788308098000,1,42.901,14.906,2.878102777405072,632578958264631296,1788304111000,931892603408875520,RJ14GN0974,3987000,1788308098000,39.351695104698216,42.901,0.0,14.905945115415989,2.878113374752134,43.79999999998836,14.90594511541599,1788304111000-632578958264631296-931892603408875520,,,,,
927189698663677952,1788223270000-632578958264631296-927189698663677952,1788223270000,1788228633000,1,42.89,18.389,2.332372614062755,632578958264631296,1788223270000,927189698663677952,RJ47GA3520,5363000,1788228633000,48.54784654355488,42.89,1.4000000000014552,18.389335811952606,2.332330022062166,41.625,18.389335811952606,1788223270000-632578958264631296-927189698663677952,,,,,
1525559056574447616,1788272037000-632578958264631296-1525559056574447616,1788272037000,1788276054000,1,42.875,15.749,2.7223950727030286,632578958264631296,1788272037000,1525559056574447616,NL01AK6560,4017000,1788276054000,41.577918113453556,42.875,1.0499999999999545,15.749211406611195,2.7223585291389227,42.875,15.749211406611195,1788272037000-632578958264631296-1525559056574447616,,,,,
812260483275948032,1788259541000-632578958264631296-812260483275948032,1788259541000,1788263906000,1,42.864,15.799,2.7130831065257293,632578958264631296,1788259541000,812260483275948032,RJ47GA3187,4365000,1788263906000,41.70982853674082,42.864,1.1999999999989086,15.79917747603819,2.71305262979732,48.0,15.79917747603819,1788259541000-632578958264631296-812260483275948032,,['900758004222132228'],,900758004222132228,
1536014688339361792,1788268634000-632578958264631296-1536014688339361792,1788268634000,1788272371000,1,42.776,15.951,2.6817127452824274,632578958264631296,1788268634000,1536014688339361792,RJ47GA8902,3737000,1788272371000,42.11096771983739,42.776,1.0,15.95112413630204,2.6816918754114085,,15.95112413630204,1788268634000-632578958264631296-1536014688339361792,,,,,
1050037591694376960,1788222442000-632578958264631296-1050037591694376960,1788222442000,1788226606000,1,42.75,15.219,2.808988764044944,632578958264631296,1788222442000,1050037591694376960,RJ47GA3487,4164000,1788226606000,40.17730219065073,42.75,1.1000000000003638,15.218675072216184,2.8090487376293414,42.75,15.218675072216186,1788222442000-632578958264631296-1050037591694376960,,,,,
1045646397224779776,1788235989000-632578958264631296-1045646397224779776,1788235989000,1788239988000,1,42.523,15.198,2.7979339386761417,632578958264631296,1788235989000,1045646397224779776,RJ47GA5630,3999000,1788239988000,40.12327897880093,42.523,0.8000000000001819,15.198211734394292,2.797894959166044,45.0,15.198211734394292,1788235989000-632578958264631296-1045646397224779776,,,,,
1131571393566081024,1788304506000-632578958264631296-1131571393566081024,1788304506000,1788309217000,1,42.465,13.437,3.16030363920518,632578958264631296,1788304506000,1131571393566081024,RJ47GA1964,4711000,1788309217000,35.474428931248134,42.465,0.0,13.437283686078837,3.1602369193108704,54.5,13.437283686078837,1788304506000-632578958264631296-1131571393566081024,,,,,
1076923968528580608,1788230100000-632578958264631296-1076923968528580608,1788230100000,1788234204000,1,42.415,13.003,3.2619395524109818,632578958264631296,1788230100000,1076923968528580608,RJ47GA3821,4104000,1788234204000,34.328695427457504,42.415,1.1000000000000227,13.003293722521782,3.261865870686053,42.375,13.003293722521782,1788230100000-632578958264631296-1076923968528580608,,,,,
787737136659955712,1788235836000-632578958264631296-787737136659955712,1788235836000,1788239341000,1,42.38,13.829,3.0645744450068695,632578958264631296,1788235836000,787737136659955712,RJ47GA3339,3505000,1788239341000,36.50767559996945,42.38,0.9499999999989086,13.82866499998843,3.0646486844561975,46.29999999998836,13.82866499998843,1788235836000-632578958264631296-787737136659955712,,['900758004226326539'],,900758004226326539,
1083039951072788480,1788259513000-632578958264631296-1083039951072788480,1788259513000,1788263734000,1,42.327,14.233,2.973863556523572,632578958264631296,1788259513000,1083039951072788480,RJ47GA5903,4221000,1788263734000,37.57561443862069,42.327,1.1499999999996362,14.233187287356321,2.9738244249480283,44.30000000001746,14.233187287356321,1788259513000-632578958264631296-1083039951072788480,,,,,
1131571393566081024,1788269283000-632578958264631296-1131571393566081024,1788269283000,1788273633000,1,42.314,12.849,3.2931745661140943,632578958264631296,1788269283000,1131571393566081024,RJ47GA1964,4350000,1788273633000,33.92226275579303,42.314,0.0,12.849341952951903,3.2930869265471707,54.25,12.849341952951903,1788269283000-632578958264631296-1131571393566081024,,,,,
876422423786815488,1788270086000-632578958264631296-876422423786815488,1788270086000,1788273597000,1,42.313,6.901,6.131430227503261,632578958264631296,1788270086000,876422423786815488,RJ14GN1576,3511000,1788273597000,18.218654919022036,42.313,0.8999999999996362,6.90100565114471,6.131425206553961,43.899999999965075,6.90100565114471,1788270086000-632578958264631296-876422423786815488,,,,,0.0
1083727593376579584,1788276495000-632578958264631296-1083727593376579584,1788276495000,1788280276000,1,42.3,12.406,3.409640496533935,632578958264631296,1788276495000,1083727593376579584,RJ47GA6346,3781000,1788280276000,32.75184000000707,42.29999999998836,1.0,12.406000000002678,3.409640496532261,42.29999999998836,12.406000000002678,1788276495000-632578958264631296-1083727593376579584,,,,,
1500145408670695424,1788259985000-632578958264631296-1500145408670695424,1788259985000,1788263876000,1,42.221,15.334,2.753423764184166,632578958264631296,1788259985000,1500145408670695424,NL01AK3125,3891000,1788263876000,40.482013268749775,42.221,1.0499999999999545,15.334095935132488,2.753406537862201,43.0,15.33409593513249,1788259985000-632578958264631296-1500145408670695424,,,,,
1132636252537880576,1788266481000-632578958264631296-1132636252537880576,1788266481000,1788270664000,1,42.208,10.988,3.8412813978886056,632578958264631296,1788266481000,1132636252537880576,RK47GA5327,4183000,1788270664000,29.007976179775522,42.208,0.0,10.987869765066485,3.8413269270983763,43.60000000000582,10.987869765066485,1788266481000-632578958264631296-1132636252537880576,,,,,
1536014603211767808,1788243040000-632578958264631296-1536014603211767808,1788243040000,1788246156000,1,42.051,13.465,3.1229855180096546,632578958264631296,1788243040000,1536014603211767808,NL01AK9193,3116000,1788246156000,35.54675725549049,42.051,0.849999999999909,13.464680778594882,3.1230595579250164,43.25,13.464680778594882,1788243040000-632578958264631296-1536014603211767808,,,,,
1153273376152748032,1788272623000-632578958264631296-1153273376152748032,1788272623000,1788277374000,1,42.038,17.387,2.4177834013918442,632578958264631296,1788272623000,1153273376152748032,RJ47GA6313,4751000,1788277374000,45.90192152315687,42.038,1.300000000000182,17.38709148604427,2.417770679687385,44.30000000001746,17.38709148604427,1788272623000-632578958264631296-1153273376152748032,,,,,
938500415001985024,1788239140000-632578958264631296-938500415001985024,1788239140000,1788242989000,1,42.017,12.39,3.3912025827280066,632578958264631296,1788239140000,938500415001985024,RJ47GA1435,3849000,1788242989000,32.71071894995574,42.017,0.0,12.390423844680203,3.3910865783691406,,0.001,1788239140000-632578958264631296-938500415001985024,,,,,
860146891080335360,1788238470000-632578958264631296-860146891080335360,1788238470000,1788243124000,1,41.977,16.152,2.598873204556711,632578958264631296,1788238470000,860146891080335360,RJ47GA3610,4654000,1788243124000,42.6407495403006,41.977,1.2999999999992724,16.15179906829568,2.598905535074203,39.25,16.15179906829568,1788238470000-632578958264631296-860146891080335360,,,,,
1536014681523617792,1788256487000-632578958264631296-1536014681523617792,1788256487000,1788260737000,1,41.93,19.789,2.118853908737177,632578958264631296,1788256487000,1536014681523617792,NL01AL0109,4250000,1788260737000,52.24392282005609,41.93,1.150000000000091,19.7893647045667,2.1188148596970375,42.99499999999898,19.7893647045667,1788256487000-632578958264631296-1536014681523617792,,,,,
877447567619653632,1788267186000-632578958264631296-877447567619653632,1788267186000,1788270455000,1,41.834,12.804,3.267260231177757,632578958264631296,1788267186000,877447567619653632,RJ14GN1570,3269000,1788270455000,33.80228292466007,41.834,0.8999999999996362,12.803895047219724,3.2672870127191462,42.70000000001164,12.803895047219724,1788267186000-632578958264631296-877447567619653632,,,,,0.0
1536014695108968448,1788243094000-632578958264631296-1536014695108968448,1788243094000,1788246545000,1,41.796,14.016,2.9820205479452055,632578958264631296,1788243094000,1536014695108968448,RJ47GA8898,3451000,1788246545000,37.001426991958006,41.796,0.8999999999999773,14.015692042408336,2.982086069923247,42.849999999998545,14.015692042408336,1788243094000-632578958264631296-1536014695108968448,,,,,
1138167953473142784,1788270018000-632578958264631296-1138167953473142784,1788270018000,1788275254000,1,41.631,22.913,1.8169161611312354,632578958264631296,1788270018000,1138167953473142784,RJ47GA6240,5236000,1788275254000,60.48952160390282,41.631,1.3999999999996362,22.912697577235917,1.8169401424545042,44.39999999999418,22.912697577235917,1788270018000-632578958264631296-1138167953473142784,,,,,
1079796452147855360,1788278292000-632578958264631296-1079796452147855360,1788278292000,1788283228000,1,41.594,9.585,4.339488784559207,632578958264631296,1788278292000,1079796452147855360,RJ47GA3909,4936000,1788283228000,25.305455631723433,41.594,1.2999999999992724,9.5853998605013,4.339307760273728,42.75,9.5853998605013,1788278292000-632578958264631296-1079796452147855360,,,,,
1176582451024101376,1788228152000-632578958264631296-1176582451024101376,1788228152000,1788232709000,1,41.588,20.902,1.9896660606640513,632578958264631296,1788228152000,1176582451024101376,RJ47GA6342,4557000,1788232709000,55.18169626010173,41.588,0.0,20.902157674280957,1.9896510517271584,44.19999999998254,20.902157674280957,1788228152000-632578958264631296-1176582451024101376,,,,,
1083726789898928128,1788252118000-632578958264631296-1083726789898928128,1788252118000,1788256073000,1,41.57,15.034,2.7650658507383263,632578958264631296,1788252118000,1083726789898928128,RJ47GA6312,3955000,1788256073000,39.68925672070932,41.57,1.050000000000182,15.033809363905045,2.7651009131329145,44.09999999997672,15.033809363905045,1788252118000-632578958264631296-1083726789898928128,,,,,
944590866851299328,1788226536000-632578958264631296-944590866851299328,1788226536000,1788232173000,1,41.523,16.336,2.5418095004897165,632578958264631296,1788226536000,944590866851299328,RJ47GA3402,5637000,1788232173000,43.12624774198304,41.523,1.5500000000010914,16.335699902266303,2.5418561952303853,40.875,16.335699902266303,1788226536000-632578958264631296-944590866851299328,,,,,
873897783357079552,1788238782000-632578958264631296-873897783357079552,1788238782000,1788243221000,1,41.513,15.911,2.6090754823706868,632578958264631296,1788238782000,873897783357079552,RJ14GN1588,4439000,1788243221000,42.00434875952271,41.513,1.1999999999989086,15.910738166485874,2.6091184183674345,42.100000000034925,15.910738166485872,1788238782000-632578958264631296-873897783357079552,,,,,0.0
1173302979768352768,1788227396000-632578958264631296-1173302979768352768,1788227396000,1788232251000,1,41.492,17.25,2.405333333333333,632578958264631296,1788227396000,1173302979768352768,RJ47GA6351,4855000,1788232251000,45.54,41.492,1.300000000000182,17.25,2.405333333333333,44.0,17.25,1788227396000-632578958264631296-1173302979768352768,,,,,
931938734016823296,1788242838000-632578958264631296-931938734016823296,1788242838000,1788247323000,1,41.476,16.829,2.464555232039931,632578958264631296,1788242838000,931938734016823296,RJ14GN0975,4485000,1788247323000,44.42763694485871,41.476,1.25,16.828650357901026,2.464606437112592,43.20000000001164,16.828650357901026,1788242838000-632578958264631296-931938734016823296,,,,,
1082303861131051008,1788230701000-632578958264631296-1082303861131051008,1788230701000,1788235736000,1,41.463,15.58,2.6612965340179717,632578958264631296,1788230701000,1082303861131051008,RJ47GA5902,5035000,1788235736000,41.132513399278416,41.463,1.3499999999994543,15.580497499726672,2.6612115563528946,44.19999999998254,15.580497499726672,1788230701000-632578958264631296-1082303861131051008,,,,,
1464286808345935872,1788228111000-632578958264631296-1464286808345935872,1788228111000,1788232697000,1,41.457,18.105,2.2898094449047224,632578958264631296,1788228111000,1464286808345935872,NL01AK1960,4586000,1788232697000,47.7975191829177,41.457,1.199999999999818,18.105120902620342,2.2897941539843547,42.625,18.105120902620342,1788228111000-632578958264631296-1464286808345935872,,,,,
1073664045493518336,1788244316000-632578958264631296-1073664045493518336,1788244316000,1788249339000,1,41.439,18.479,2.242491476811516,632578958264631296,1788244316000,1073664045493518336,RJ47GA5839,5023000,1788249339000,48.785105964226396,41.439,1.3500000000003638,18.47920680463121,2.24246638062488,42.95000000001164,18.479206804631207,1788244316000-632578958264631296-1073664045493518336,,,,,
931938734016823296,1788227285000-632578958264631296-931938734016823296,1788227285000,1788231328000,1,41.4,12.657,3.2709172789760608,632578958264631296,1788227285000,931938734016823296,RJ14GN0975,4043000,1788231328000,33.414362692375164,41.4,1.0500000000010914,12.656955565293623,3.2709287621679013,42.79999999998836,12.656955565293623,1788227285000-632578958264631296-931938734016823296,,,,,
1073277847704961024,1788274513000-632578958264631296-1073277847704961024,1788274513000,1788278685000,1,41.358,16.554,2.4983689742660387,632578958264631296,1788274513000,1073277847704961024,RJ47GA3542,4172000,1788278685000,43.702003226834215,41.358,1.1000000000003638,16.553789101073566,2.4984008040381402,44.375,16.553789101073566,1788274513000-632578958264631296-1073277847704961024,,,,,
1488160320575766528,1788227826000-632578958264631296-1488160320575766528,1788227826000,1788231900000,1,41.353,17.688,2.3379127091813663,632578958264631296,1788227826000,1488160320575766528,NL01AK3103,4074000,1788231900000,46.69540028593885,41.353,1.1000000000001364,17.687651623461687,2.3379587567830398,43.875,17.687651623461687,1788227826000-632578958264631296-1488160320575766528,,,,,
1536014688339361792,1788225146000-632578958264631296-1536014688339361792,1788225146000,1788228659000,1,41.338,14.717,2.8088605014608956,632578958264631296,1788225146000,1536014688339361792,RJ47GA8902,3513000,1788228659000,38.85358472070837,41.338,0.8999999999999773,14.717266939662261,2.80880955475478,,14.717266939662261,1788225146000-632578958264631296-1536014688339361792,,,,,
1286311379313098752,1788223580000-632578958264631296-1286311379313098752,1788223580000,1788227075000,1,41.186,12.519,3.289879383337327,632578958264631296,1788223580000,1286311379313098752,RJ47GA3711,3495000,1788227075000,33.04907412072313,41.186,0.9499999999989086,12.518588682092092,3.28998747749551,44.875,12.518588682092092,1788223580000-632578958264631296-1286311379313098752,,,,,
1070334753032372224,1788250106000-632578958264631296-1070334753032372224,1788250106000,1788254089000,1,41.18,13.627,3.0219417333235485,632578958264631296,1788250106000,1070334753032372224,RJ47GA4000,3983000,1788254089000,35.976314669871755,41.18,1.0499999999992724,13.627391920405968,3.021854823030086,42.25,13.627391920405968,1788250106000-632578958264631296-1070334753032372224,,['1096406669480427549'],,,
916722872880201728,1788252073000-632578958264631296-916722872880201728,1788252073000,1788255660000,1,41.176,10.468,3.9335116545662974,632578958264631296,1788252073000,916722872880201728,RJ47GA2142,3587000,1788255660000,27.6361831823533,41.176,0.9500000000007276,10.468251205436855,3.933417262533266,44.75,10.468251205436855,1788252073000-632578958264631296-916722872880201728,,,,,
1536014695108968448,1788232123000-632578958264631296-1536014695108968448,1788232123000,1788235874000,1,41.166,14.293,2.880151122927307,632578958264631296,1788232123000,1536014695108968448,RJ47GA8898,3751000,1788235874000,37.73378858993145,41.166,1.0,14.293101738610396,2.8801306219486995,41.47500000000218,14.293101738610396,1788232123000-632578958264631296-1536014695108968448,,,,,
944587945103327232,1788297766000-632578958264631296-944587945103327232,1788297766000,1788303760000,1,41.122,11.35,3.6230837004405285,632578958264631296,1788297766000,944587945103327232,RJ47GA3791,5994000,1788303760000,29.964690484043334,41.122,1.5999999999985448,11.350261546986111,3.6230002127941554,40.25,11.350261546986111,1788297766000-632578958264631296-944587945103327232,,,,,
1132635709874634752,1788251141000-632578958264631296-1132635709874634752,1788251141000,1788254861000,1,41.118,12.439,3.3055711873944853,632578958264631296,1788251141000,1132635709874634752,RJ47GA5218,3720000,1788254861000,32.837662025456865,41.118,1.0,12.438508342976085,3.3057018467346184,42.30000000001746,12.438508342976085,1788251141000-632578958264631296-1132635709874634752,,,,,
1286311379313098752,1788244098000-632578958264631296-1286311379313098752,1788244098000,1788247695000,1,41.116,13.274,3.0974838029230076,632578958264631296,1788244098000,1286311379313098752,RJ47GA3711,3597000,1788247695000,35.04401622432535,41.116,0.9500000000007276,13.274248569820205,3.0974258003183452,44.625,13.274248569820205,1788244098000-632578958264631296-1286311379313098752,,,,,
1067775323560476672,1788252091000-632578958264631296-1067775323560476672,1788252091000,1788256348000,1,41.092,10.652,3.857679309049944,632578958264631296,1788252091000,1067775323560476672,RJ14GP9558,4257000,1788256348000,28.122596371985917,41.092,1.1063888888883433,10.65249862575224,3.8574987374943905,42.0,10.663445745408314,1788252091000-632578958264631296-1067775323560476672,,,,,
1046442314819436544,1788230651000-632578958264631296-1046442314819436544,1788230651000,1788234479000,1,41.08,13.631,3.013718729366884,632578958264631296,1788230651000,1046442314819436544,RJ47GA3600,3828000,1788234479000,35.98645397021315,41.08,1.0500000000000114,13.631232564474676,3.0136673118659503,,13.631232564474676,1788230651000-632578958264631296-1046442314819436544,,,,,
1132636093246603264,1788238538000-632578958264631296-1132636093246603264,1788238538000,1788241902000,1,41.04,14.513,2.8278095500585683,632578958264631296,1788238538000,1132636093246603264,NL01AJ4206,3364000,1788241902000,38.31524801628836,41.04,0.900000000000091,14.513351521321347,2.827741058962759,41.875,14.513351521321347,1788238538000-632578958264631296-1132636093246603264,,,,,
1082303861131051008,1788241584000-632578958264631296-1082303861131051008,1788241584000,1788245963000,1,41.026,16.877,2.4308822658055345,632578958264631296,1788241584000,1082303861131051008,RJ47GA5902,4379000,1788245963000,44.55490467174883,41.026,1.1499999999996362,16.87685783020789,2.430902743434122,43.60000000000582,16.87685783020789,1788241584000-632578958264631296-1082303861131051008,,,,,
1406586595699589120,1788267453000-632578958264631296-1406586595699589120,1788267453000,1788271254000,1,41.001,12.397,3.3073324191336613,632578958264631296,1788267453000,1406586595699589120,NL01AJ7423,3801000,1788271254000,32.727798997590725,41.001,1.0,12.396893559693455,3.307360816044133,42.99499999999534,12.396893559693455,1788267453000-632578958264631296-1406586595699589120,,,,,
780085706063085568,1788273826000-632578958264631296-780085706063085568,1788273826000,1788278392000,1,40.982,13.618,3.009399324423557,632578958264631296,1788273826000,780085706063085568,RJ47GA3335,4566000,1788278392000,35.95052673397899,40.982,1.1999999999989086,13.61762376287083,3.009482470189813,45.90000000002328,13.61762376287083,1788273826000-632578958264631296-780085706063085568,,['900758004226326531'],,900758004226326531,
789852692640956416,1788223721000-632578958264631296-789852692640956416,1788223721000,1788228254000,1,40.934,19.0,2.154421052631579,632578958264631296,1788223721000,789852692640956416,RJ47GA2228,4533000,1788228254000,50.160000000000004,40.934,1.2000000000007276,19.0,2.154421052631579,46.399999999965075,19.0,1788223721000-632578958264631296-789852692640956416,,,,,
1536402078727929856,1788260908000-632578958264631296-1536402078727929856,1788260908000,1788264990000,1,40.895,9.09,4.498899889989,632578958264631296,1788260908000,1536402078727929856,NL01AK8054,4082000,1788264990000,23.997337773434605,40.895,1.0499999999999545,9.089900671755531,4.49894905090332,42.099999999998545,0.001,1788260908000-632578958264631296-1536402078727929856,,,,,
798991075485155328,1788261806000-632578958264631296-798991075485155328,1788261806000,1788264762000,1,40.709,12.986,3.1348375173263516,632578958264631296,1788261806000,798991075485155328,RJ47GA3120,2956000,1788264762000,34.28211983019077,40.709,0.8000000000010914,12.985651450829838,3.1349216598138807,45.90000000002328,12.985651450829838,1788261806000-632578958264631296-798991075485155328,,['900758004213743622'],,900758004213743622,
871730443827806208,1788226368000-632578958264631296-871730443827806208,1788226368000,1788229959000,1,40.668,8.01,5.0771535580524345,632578958264631296,1788226368000,871730443827806208,RJ47GA4670,3591000,1788229959000,21.14521210243067,40.668,0.8999999999996362,8.009550038799496,5.077438782827741,42.199999999953434,8.009550038799496,1788226368000-632578958264631296-871730443827806208,,,,,0.0
869918310366445568,1788248400000-632578958264631296-869918310366445568,1788248400000,1788254109000,1,40.629,13.931,2.9164453377359845,632578958264631296,1788248400000,869918310366445568,RJ47GA4503,5709000,1788254109000,36.77836757341653,40.629,1.5,13.931199838415353,2.9164035023003065,41.399999999965075,13.931199838415353,1788248400000-632578958264631296-869918310366445568,,,,,1.1039999999999994
1479447378401427456,1788238613000-632578958264631296-1479447378401427456,1788238613000,1788242535000,1,40.514,11.269,3.595172597391073,632578958264631296,1788238613000,1479447378401427456,NL01AK3096,3922000,1788242535000,29.749099708998273,40.514,1.0,11.268598374620558,3.595300733341134,40.75,11.268598374620558,1788238613000-632578958264631296-1479447378401427456,,,,,
1061980520671346688,1788251412000-632578958264631296-1061980520671346688,1788251412000,1788255942000,1,40.445,15.13,2.673165895571712,632578958264631296,1788251412000,1061980520671346688,RJ47GA3390,4530000,1788255942000,39.94198146497476,40.445,1.25,15.129538433702558,2.6732474475166224,42.75,15.129538433702558,1788251412000-632578958264631296-1061980520671346688,,,,,
1286311379313098752,1788248588000-632578958264631296-1286311379313098752,1788248588000,1788253529000,1,40.371,16.22,2.488964241676942,632578958264631296,1788248588000,1286311379313098752,RJ47GA3711,4941000,1788253529000,42.8219484540547,40.371,1.2999999999992724,16.220435020475264,2.4888974894347267,43.875,16.220435020475264,1788248588000-632578958264631296-1286311379313098752,,,,,
1406229042385911808,1788247786000-632578958264631296-1406229042385911808,1788247786000,1788251939000,1,40.361,13.703,2.9454134131212144,632578958264631296,1788247786000,1406229042385911808,NL01AJ7422,4153000,1788251939000,36.17691073114682,40.361,1.1000000000003638,13.70337527694955,2.9453327508217075,42.72500000000582,13.70337527694955,1788247786000-632578958264631296-1406229042385911808,,,,,
1131239137144209408,1788262126000-632578958264631296-1131239137144209408,1788262126000,1788266994000,1,40.336,17.275,2.3349348769898697,632578958264631296,1788262126000,1131239137144209408,RJ47GA6176,4868000,1788266994000,45.60644563847884,40.336,0.0,17.275168802454104,2.3349120614248284,42.80000000001746,17.275168802454104,1788262126000-632578958264631296-1131239137144209408,,,,,
1536014625517076480,1788243113000-632578958264631296-1536014625517076480,1788243113000,1788246781000,1,40.308,9.613,4.193071881826693,632578958264631296,1788243113000,1536014625517076480,NL01AK9417,3668000,1788246781000,25.379278570097622,40.308,0.9499999999999318,9.613363094733947,4.192913510369759,41.10499999999956,9.613363094733947,1788243113000-632578958264631296-1536014625517076480,,,,,
1063501597117513728,1788302691000-632578958264631296-1063501597117513728,1788302691000,1788307451000,1,40.304,8.656,4.656192236598891,632578958264631296,1788302691000,1063501597117513728,RJ47GA3366,4760000,1788307451000,22.85257934593334,40.304,1.25,8.65628005527778,4.6560415955380785,41.375,8.65628005527778,1788302691000-632578958264631296-1063501597117513728,,,,,
942721856836730880,1788250548000-632578958264631296-942721856836730880,1788250548000,1788255889000,1,40.258,22.176,1.8153860028860032,632578958264631296,1788250548000,942721856836730880,RJ47GA4500,5341000,1788255889000,58.54347847613932,40.258,0.0,22.17556002884065,1.8154220208031748,41.90000000002328,22.17556002884065,1788250548000-632578958264631296-942721856836730880,,,,,
940246123384143872,1788266986000-632578958264631296-940246123384143872,1788266986000,1788271202000,1,40.179,9.459,4.247700602600698,632578958264631296,1788266986000,940246123384143872,RJ14GN1575,4216000,1788271202000,24.971441147936826,40.179,1.1499999999996362,9.458879222703343,4.247754840083143,39.89999999999418,9.458879222703343,1788266986000-632578958264631296-940246123384143872,,,,,
942436996423352320,1788263308000-632578958264631296-942436996423352320,1788263308000,1788267749000,1,40.174,11.946,3.3629666834086724,632578958264631296,1788263308000,942436996423352320,RJ47GA1344,4441000,1788267749000,31.537459255405913,40.174,0.0,11.946007293714361,3.362964630126953,,0.001,1788263308000-632578958264631296-942436996423352320,,,,,
970288452387995648,1788240020000-632578958264631296-970288452387995648,1788240020000,1788244217000,1,40.155,12.535,3.203430394894296,632578958264631296,1788240020000,970288452387995648,RJ47GA3399,4197000,1788244217000,33.092063772980424,40.155,1.1000000000003638,12.534872641280463,3.203462942875029,27.375,12.534872641280463,1788240020000-632578958264631296-970288452387995648,,,,,
876422423786815488,1788227477000-632578958264631296-876422423786815488,1788227477000,1788231273000,1,40.115,13.176,3.044550698239223,632578958264631296,1788227477000,876422423786815488,RJ14GN1576,3796000,1788231273000,34.78344468429949,40.115,1.0,13.175547228901321,3.044655322703063,42.0,13.175547228901321,1788227477000-632578958264631296-876422423786815488,,,,,1.11393978391774
1536014667858575360,1788241356000-632578958264631296-1536014667858575360,1788241356000,1788245616000,1,40.073,15.381,2.6053572589558547,632578958264631296,1788241356000,1536014667858575360,RJ47GA8900,4260000,1788245616000,40.606017817695154,40.073,1.150000000000091,15.381067355187557,2.6053458498434194,41.375,15.381067355187556,1788241356000-632578958264631296-1536014667858575360,,,,,
939138676678459392,1788231315000-632578958264631296-939138676678459392,1788231315000,1788235056000,1,40.0,12.967,3.0847536053057762,632578958264631296,1788231315000,939138676678459392,RJ47GA3873,3741000,1788235056000,34.232669349691655,40.0,1.0,12.966920208216536,3.084772587299015,40.0,12.966920208216536,1788231315000-632578958264631296-939138676678459392,,,,,
1536014550107684864,1788258116000-632578958264631296-1536014550107684864,1788258116000,1788261378000,1,39.894,11.708,3.407413734198838,632578958264631296,1788258116000,1536014550107684864,NL01AK9195,3262000,1788261378000,30.909172883609372,39.894,0.8500000000000227,11.708020031670216,3.4074079043328123,41.025000000001455,11.708020031670216,1788258116000-632578958264631296-1536014550107684864,,,,,
947102733284933632,1788251903000-632578958264631296-947102733284933632,1788251903000,1788257282000,1,39.85,18.991,2.0983623821810333,632578958264631296,1788251903000,947102733284933632,RJ47GA3510,5379000,1788257282000,50.13550889160688,39.85,1.4500000000007276,18.990723065002605,2.098392981857457,43.0,18.990723065002605,1788251903000-632578958264631296-947102733284933632,,,,,
916722872880201728,1788239138000-632578958264631296-916722872880201728,1788239138000,1788243077000,1,39.824,13.237,3.0085366774949005,632578958264631296,1788239138000,916722872880201728,RJ47GA2142,3939000,1788243077000,34.94635238535161,39.824,1.0499999999992724,13.237254691421064,3.0084787917399174,42.875,13.237254691421064,1788239138000-632578958264631296-916722872880201728,,,,,
883046842797916160,1788253460000-632578958264631296-883046842797916160,1788253460000,1788257426000,1,39.786,11.66,3.4121783876500857,632578958264631296,1788253460000,883046842797916160,RJ47GA2006,3966000,1788257426000,30.783556542952216,39.786,1.0500000000010914,11.660438084451597,3.4120501915834476,41.625,11.660438084451597,1788253460000-632578958264631296-883046842797916160,,['900758004175994901'],,900758004175994901,
1046752835124854784,1788243324000-632578958264631296-1046752835124854784,1788243324000,1788246635000,1,39.756,15.882,2.5032111824707215,632578958264631296,1788243324000,1046752835124854784,RJ47GA5627,3311000,1788246635000,41.92796697210933,39.756,0.8500000000003638,15.881805671253534,2.503241811600765,41.70000000001164,15.881805671253536,1788243324000-632578958264631296-1046752835124854784,,,,,
925753337108758528,1788266675000-632578958264631296-925753337108758528,1788266675000,1788269909000,1,39.667,8.343,4.754524751288505,632578958264631296,1788266675000,925753337108758528,RJ47GA2620,3234000,1788269909000,22.026188788890845,39.667,0.8500000000003638,8.34325332912532,4.75438038798692,47.75,8.34325332912532,1788266675000-632578958264631296-925753337108758528,,,,,
1486725792942522368,1788236462000-632578958264631296-1486725792942522368,1788236462000,1788241991000,1,39.639,16.052,2.4694119112883133,632578958264631296,1788236462000,1486725792942522368,NL01AK3102,5529000,1788241991000,42.37789920787742,39.639,1.5,16.052234548438417,2.46937582928952,41.875,16.052234548438417,1788236462000-632578958264631296-1486725792942522368,,,,,
809467481230934016,1788267943000-632578958264631296-809467481230934016,1788267943000,1788272105000,1,39.552,15.827,2.4990206608959373,632578958264631296,1788267943000,809467481230934016,RJ47GA3181,4162000,1788272105000,41.78325704315292,39.552,1.1000000000003638,15.826991304224592,2.499022033925213,44.399999999965075,15.826991304224594,1788267943000-632578958264631296-809467481230934016,,['900758004217937927'],,900758004217937927,
1385589008028925952,1788225481000-632578958264631296-1385589008028925952,1788225481000,1788229646000,1,39.543,13.523,2.9241292612585963,632578958264631296,1788225481000,1385589008028925952,NL01AJ5695,4165000,1788229646000,35.69950011512653,39.543,1.099999999999909,13.522537922396413,2.924229181454744,41.25,13.522537922396413,1788225481000-632578958264631296-1385589008028925952,,,,,
915980150607183872,1788223426000-632578958264631296-915980150607183872,1788223426000,1788228262000,1,39.477,8.004,4.93215892053973,632578958264631296,1788223426000,915980150607183872,RJ47GA2138,4836000,1788228262000,21.130921005184458,39.477,1.3000000000010914,8.004136744388052,4.932074658479385,38.125,6.591420235294121,1788223426000-632578958264631296-915980150607183872,,,,,
876422423786815488,1788264694000-632578958264631296-876422423786815488,1788264694000,1788268476000,1,39.474,6.67,5.918140929535232,632578958264631296,1788264694000,876422423786815488,RJ14GN1576,3782000,1788268476000,17.60979049101368,39.474,0.8999999999996362,6.6703751859900295,5.917808054171872,40.90000000002328,6.6703751859900295,1788264694000-632578958264631296-876422423786815488,,,,,0.0
1134878026966761472,1788262877000-632578958264631296-1134878026966761472,1788262877000,1788268582000,1,39.462,10.0,3.9462,632578958264631296,1788262877000,1134878026966761472,RJ47GA6213,5705000,1788268582000,26.400000000000002,39.462,1.550000000000182,10.0,3.9462,41.70000000001164,10.0,1788262877000-632578958264631296-1134878026966761472,,,,,
1131240373310455808,1788237000000-632578958264631296-1131240373310455808,1788237000000,1788242621000,1,39.452,15.462,2.551545725003234,632578958264631296,1788237000000,1131240373310455808,RJ47GA6179,5621000,1788242621000,40.81976280828378,39.452,1.5,15.462031366774157,2.551540548855507,41.89999999999418,15.462031366774157,1788237000000-632578958264631296-1131240373310455808,,,,,
932334220825591808,1788245850000-632578958264631296-932334220825591808,1788245850000,1788249385000,1,39.446,18.212,2.165934548649242,632578958264631296,1788245850000,932334220825591808,RJ47GA4637,3535000,1788249385000,48.080169425760026,39.446,0.8999999999996362,18.212185388545464,2.1659125008034192,40.600000000034925,18.212185388545464,1788245850000-632578958264631296-932334220825591808,,,,,
1157003119578578944,1788248775000-632578958264631296-1157003119578578944,1788248775000,1788253090000,1,39.309,11.149,3.5257870661045834,632578958264631296,1788248775000,1157003119578578944,RJ47GA6242,4315000,1788253090000,29.432147503725204,39.309,1.1499999999996362,11.14854072110803,3.525932315569742,40.10000000000582,11.14854072110803,1788248775000-632578958264631296-1157003119578578944,,,,,
873101078441230336,1788248680000-632578958264631296-873101078441230336,1788248680000,1788253256000,1,39.281,10.932,3.593212586900841,632578958264631296,1788248680000,873101078441230336,RJ14GN0769,4576000,1788253256000,28.85948753361999,39.281,1.2000000000007276,10.931624065765147,3.593336156062788,40.70000000001164,10.931624065765147,1788248680000-632578958264631296-873101078441230336,,,,,0.0
873821465244336128,1788255614000-632578958264631296-873821465244336128,1788255614000,1788259278000,1,39.223,11.944,3.2839082384460814,632578958264631296,1788255614000,873821465244336128,RJ14GN1590,3664000,1788259278000,31.53262029027324,39.223,0.8999999999996362,11.944174352376226,3.283860302340346,40.5,11.944174352376226,1788255614000-632578958264631296-873821465244336128,,,,,0.0
947093723013971968,1788247484000-632578958264631296-947093723013971968,1788247484000,1788251237000,1,39.219,8.293,4.729169178825516,632578958264631296,1788247484000,947093723013971968,RJ47GA3450,3753000,1788251237000,21.89464310219166,39.219,1.0,8.293425417496842,4.728926592534217,39.0,8.293425417496842,1788247484000-632578958264631296-947093723013971968,,,,,
916722872880201728,1788256406000-632578958264631296-916722872880201728,1788256406000,1788260737000,1,39.124,12.097,3.2341902951144914,632578958264631296,1788256406000,916722872880201728,RJ47GA2142,4331000,1788260737000,31.93647812065972,39.124,1.1999999999989086,12.097150803280197,3.234149977645261,42.625,12.097150803280197,1788256406000-632578958264631296-916722872880201728,,,,,
1536402078727929856,1788227673000-632578958264631296-1536402078727929856,1788227673000,1788231871000,1,39.106,8.745,4.471812464265295,632578958264631296,1788227673000,1536402078727929856,NL01AK8054,4198000,1788231871000,23.08763322898117,39.106,1.099999999999909,8.74531561703832,4.471651077270508,40.275000000001455,0.001,1788227673000-632578958264631296-1536402078727929856,,,,,
938500415001985024,1788256458000-632578958264631296-938500415001985024,1788256458000,1788260349000,1,39.095,11.682,3.3466016093134736,632578958264631296,1788256458000,938500415001985024,RJ47GA1435,3891000,1788260349000,30.841412748941313,39.095,0.0,11.682353313992921,3.3465003967285156,,0.001,1788256458000-632578958264631296-938500415001985024,,,,,
1067776270814674944,1788233016000-632578958264631296-1067776270814674944,1788233016000,1788236581000,1,39.089,13.277,2.9441138811478496,632578958264631296,1788233016000,1067776270814674944,RJ47GA6416,3565000,1788236581000,35.05069236992688,39.089,0.0,13.27677741285109,2.944163239655151,40.20000000001164,13.27677741285109,1788233016000-632578958264631296-1067776270814674944,,,,,
951563481520275456,1788303055000-632578958264631296-951563481520275456,1788303055000,1788307875000,1,39.061,11.674,3.3459825252698305,632578958264631296,1788303055000,951563481520275456,RJ47GA1461,4820000,1788307875000,30.819368541867846,39.061,0.0,11.674003235556002,3.3459815979003906,,0.001,1788303055000-632578958264631296-951563481520275456,,,,,
1131240847388442624,1788230840000-632578958264631296-1131240847388442624,1788230840000,1788234797000,1,39.058,12.821,3.0464082364870135,632578958264631296,1788230840000,1131240847388442624,RJ47GA6175,3957000,1788234797000,33.84812566142057,39.058,1.050000000000182,12.821259720235064,3.046346525400853,40.79999999998836,12.821259720235064,1788230840000-632578958264631296-1131240847388442624,,,,,
1471165126924042240,1788294947000-632578958264631296-1471165126924042240,1788294947000,1788299562000,1,39.018,7.861,4.963490650044524,632578958264631296,1788294947000,1471165126924042240,NL01AK2621,4615000,1788299562000,20.75396684545608,39.018,1.25,7.861351077824272,4.963268986938403,40.75,7.861351077824272,1788294947000-632578958264631296-1471165126924042240,,,,,
940246634145513472,1788233271000-632578958264631296-940246634145513472,1788233271000,1788238297000,1,39.0,22.626,1.7236807212940863,632578958264631296,1788233271000,940246634145513472,RJ14GN1596,5026000,1788238297000,59.732335282966766,39.0,1.3500000000003638,22.62588457688135,1.723689514435576,39.0,22.62588457688135,1788233271000-632578958264631296-940246634145513472,,,,,
940983317312831488,1788267773000-632578958264631296-940983317312831488,1788267773000,1788272694000,1,38.874,16.3,2.3849079754601226,632578958264631296,1788267773000,940983317312831488,RJ47GA3400,4921000,1788272694000,43.03127018605695,38.874,1.3000000000010914,16.2997235553246,2.384948423698947,37.25,16.2997235553246,1788267773000-632578958264631296-940983317312831488,,,,,
1067772524470730752,1788246605000-632578958264631296-1067772524470730752,1788246605000,1788250520000,1,38.847,8.647,4.492540765583439,632578958264631296,1788246605000,1067772524470730752,RJ47GA6418,3915000,1788250520000,22.827459001756612,38.847,1.050000000000182,8.646764773392656,4.492662980672011,39.89999999999418,7.601667739758654,1788246605000-632578958264631296-1067772524470730752,,,,,
952249131684855808,1788305205000-632578958264631296-952249131684855808,1788305205000,1788309849000,1,38.835,11.618,3.3426579445687725,632578958264631296,1788305205000,952249131684855808,RJ47GA1379,4644000,1788309849000,30.672665483865448,38.835,0.0,11.618433895403578,3.3425331115722656,,0.001,1788305205000-632578958264631296-952249131684855808,,,,,
1500145408670695424,1788263886000-632578958264631296-1500145408670695424,1788263886000,1788268358000,1,38.823,13.57,2.860943257184967,632578958264631296,1788263886000,1500145408670695424,NL01AK3125,4472000,1788268358000,35.82603307306903,38.823,1.25,13.570467073132207,2.86084478822874,39.625,13.570467073132207,1788263886000-632578958264631296-1500145408670695424,,,,,
1465365829724930048,1788263994000-632578958264631296-1465365829724930048,1788263994000,1788269087000,1,38.812,15.042,2.5802419890971944,632578958264631296,1788263994000,1465365829724930048,RJ14GQ0815,5093000,1788269087000,39.71098911728678,38.812,1.300000000000182,15.042041332305597,2.5802348991452355,40.39999999999418,15.042041332305597,1788263994000-632578958264631296-1465365829724930048,,,,,
926578486859005952,1788237847000-632578958264631296-926578486859005952,1788237847000,1788246583000,1,38.75,24.531,1.5796339325751092,632578958264631296,1788237847000,926578486859005952,RJ47GA4004,8736000,1788246583000,64.76184000000227,38.75,2.400000000000091,24.53100000000086,1.5796339325750537,35.125,24.53100000000086,1788237847000-632578958264631296-926578486859005952,"{'confidence': 0, 'count': 4, 'error_code': None, 'flags': {'alta-status': 'present', 'alta_partial': False, 'gps_dup_rows_count': 0}, 'load_class': 'HIGH', 'mean': 71796.26308077667, 'std': 40830.60899544459, 'timestamp': 1788247066254}",,,,
1286311379313098752,1788270128000-632578958264631296-1286311379313098752,1788270128000,1788275020000,1,38.708,18.85,2.0534748010610078,632578958264631296,1788270128000,1286311379313098752,RJ47GA3711,4892000,1788275020000,49.76330054568896,38.708,1.3499999999985448,18.849735055185214,2.0535036639335758,42.125,18.849735055185214,1788270128000-632578958264631296-1286311379313098752,,,,,
1111626569580806144,1788234521000-632578958264631296-1111626569580806144,1788234521000,1788238505000,1,38.697,15.346,2.521634302098267,632578958264631296,1788234521000,1111626569580806144,NL01AH6173,3984000,1788238505000,40.51213863660049,38.697,1.1000000000003638,15.345507059318367,2.52171530405714,40.75,15.345507059318367,1788234521000-632578958264631296-1111626569580806144,,,,,
1135598313102376960,1788226456000-632578958264631296-1135598313102376960,1788226456000,1788230780000,1,38.692,17.4,2.2236781609195404,632578958264631296,1788226456000,1135598313102376960,RJ47GA6228,4324000,1788230780000,45.93719086142914,38.692,1.1500000000005457,17.40045108387467,2.223620514979443,40.5,17.40045108387467,1788226456000-632578958264631296-1135598313102376960,,,,,
1464628801508999168,1788278671000-632578958264631296-1464628801508999168,1788278671000,1788288614000,1,38.677,11.394,3.3945058802878707,632578958264631296,1788278671000,1464628801508999168,NL01AK1964,9943000,1788288614000,30.080197617399293,38.677,2.75,11.394014249014884,3.3945016352199118,39.625,11.394014249014884,1788278671000-632578958264631296-1464628801508999168,"{'confidence': None, 'count': None, 'error_code': 'RANSAC_TOO_FEW_POCKETS', 'flags': {'alta-status': 'present', 'alta_partial': False, 'gps_dup_rows_count': 0}, 'load_class': None, 'mean': None, 'std': None, 'timestamp': 1788288637243}",,,,
780451764301201408,1788229300000-632578958264631296-780451764301201408,1788229300000,1788233637000,1,38.653,16.759,2.306402529983889,632578958264631296,1788229300000,780451764301201408,RJ47GA3344,4337000,1788233637000,44.24477110317007,38.653,1.1499999999996362,16.759382993625028,2.3063498229441333,43.29999999998836,16.759382993625028,1788229300000-632578958264631296-780451764301201408,,['900758004230520833'],,900758004230520833,
1294704486559776768,1788247144000-632578958264631296-1294704486559776768,1788247144000,1788254118000,1,38.648,15.0,2.5765333333333333,632578958264631296,1788247144000,1294704486559776768,NL01AH7659,6974000,1788254118000,39.60000000000001,38.648,1.8999999999996362,15.000000000000002,2.5765333333333333,39.5,15.0,1788247144000-632578958264631296-1294704486559776768,,,,,
1061980520671346688,1788258244000-632578958264631296-1061980520671346688,1788258244000,1788262165000,1,38.641,15.254,2.5331716271141995,632578958264631296,1788258244000,1061980520671346688,RJ47GA3390,3921000,1788262165000,40.27070636102255,38.641,1.0499999999992724,15.254055439781267,2.5331624204818075,41.125,15.254055439781268,1788258244000-632578958264631296-1061980520671346688,,,,,
1045646209449984000,1788304275000-632578958264631296-1045646209449984000,1788304275000,1788309102000,1,38.635,15.619,2.473589858505666,632578958264631296,1788304275000,1045646209449984000,RJ47GA3764,4827000,1788309102000,41.23329507888057,38.635,1.2999999999992724,15.618672378363852,2.4736417452177353,39.75,15.618672378363854,1788304275000-632578958264631296-1045646209449984000,,,,,
1464260641047969792,1788261694000-632578958264631296-1464260641047969792,1788261694000,1788265642000,1,38.633,11.242,3.436488169364882,632578958264631296,1788261694000,1464260641047969792,NL01AK1966,3948000,1788265642000,29.67832732610657,38.633,1.099999999999909,11.241790653828245,3.4365521641202275,39.75,11.241790653828245,1788261694000-632578958264631296-1464260641047969792,,,,,
1422205727123963904,1788262864000-632578958264631296-1422205727123963904,1788262864000,1788266838000,1,38.582,13.01,2.965564950038432,632578958264631296,1788262864000,1422205727123963904,NL01AJ9006,3974000,1788266838000,34.345137785172504,38.582,1.099999999999909,13.009521888322917,2.965673937228271,39.5,13.009521888322917,1788262864000-632578958264631296-1422205727123963904,,,,,
1475453057469775872,1788252360000-632578958264631296-1475453057469775872,1788252360000,1788255885000,1,38.509,12.414,3.102062187852425,632578958264631296,1788252360000,1475453057469775872,NL01AK3037,3525000,1788255885000,32.772814958066505,38.509,0.9499999999998181,12.413945059873676,3.102075916581499,40.75,12.413945059873676,1788252360000-632578958264631296-1475453057469775872,,,,,
1064494636166283264,1788232310000-632578958264631296-1064494636166283264,1788232310000,1788235521000,1,38.483,14.571,2.6410678745453295,632578958264631296,1788232310000,1064494636166283264,RJ47GA2650,3211000,1788235521000,38.467764283911585,38.483,0.8500000000003638,14.571122834814995,2.6410456102979247,41.125,14.571122834814995,1788232310000-632578958264631296-1064494636166283264,,,,,
790193276584984576,1788222698000-632578958264631296-790193276584984576,1788222698000,1788227869000,1,38.383,16.0,2.3989375,632578958264631296,1788222698000,790193276584984576,RJ47GA2477,5171000,1788227869000,42.24,38.383,1.4000000000014552,16.0,2.3989375,43.09999999997672,16.0,1788222698000-632578958264631296-790193276584984576,,['841055114193010688'],,841055114193010688,
1152270135390633984,1788226639000-902855557075959808-1152270135390633984,1788226639000,1788230501000,1,38.355,13.289,2.8862216871096393,902855557075959808,1788226639000,1152270135390633984,RJ47GA6196,3862000,1788230501000,35.083585700459494,38.355,1.050000000000182,13.289237007749808,2.8861702126038336,38.899999999965075,13.289237007749808,1788226639000-902855557075959808-1152270135390633984,,,,,
964169792938311680,1788224173000-632578958264631296-964169792938311680,1788224173000,1788229208000,1,38.255,13.765,2.7791500181620052,632578958264631296,1788224173000,964169792938311680,RJ47GA2728,5035000,1788229208000,36.34079807959939,38.255,1.3999999999996362,13.76545381803007,2.779058395437235,41.375,13.765453818030068,1788224173000-632578958264631296-964169792938311680,,,,,
1079796452147855360,1788232407000-632578958264631296-1079796452147855360,1788232407000,1788235820000,1,38.217,7.976,4.791499498495487,632578958264631296,1788232407000,1079796452147855360,RJ47GA3909,3413000,1788235820000,21.056733930606296,38.217,0.9500000000007276,7.976035579775112,4.791478124408962,39.0,7.976035579775112,1788232407000-632578958264631296-1079796452147855360,,,,,
789852612550721536,1788269783000-632578958264631296-789852612550721536,1788269783000,1788273819000,1,38.115,6.486,5.876503237742831,632578958264631296,1788269783000,789852612550721536,RJ47GA3341,4036000,1788273819000,17.123242283206263,38.115,1.0500000000010914,6.486076622426614,5.876433816432493,42.399999999965075,6.486076622426615,1788269783000-632578958264631296-789852612550721536,,['900758004226326543'],,900758004226326543,
1176582451024101376,1788233795000-632578958264631296-1176582451024101376,1788233795000,1788237440000,1,38.029,13.676,2.7807107341327875,632578958264631296,1788233795000,1176582451024101376,RJ47GA6342,3645000,1788237440000,36.10386147394485,38.029,0.0,13.675705103766989,2.7807706960224574,40.30000000001746,13.675705103766989,1788233795000-632578958264631296-1176582451024101376,,,,,
1061980520671346688,1788272446000-632578958264631296-1061980520671346688,1788272446000,1788281571000,1,37.977,17.424,2.1795798898071626,632578958264631296,1788272446000,1061980520671346688,RJ47GA3390,9125000,1788281571000,45.998466496453794,37.977,2.4499999999989086,17.423661551687044,2.1796222273568486,40.0,17.423661551687044,1788272446000-632578958264631296-1061980520671346688,"{'confidence': 0, 'count': 2, 'error_code': None, 'flags': {'alta-status': 'NA-NA-alta-0', 'alta_partial': False, 'gps_dup_rows_count': 0}, 'load_class': 'LOW', 'mean': 23879.574432218073, 'std': 1400.417109598566, 'timestamp': 1788281579098}",,,,
1067775063052255232,1788269809000-632578958264631296-1067775063052255232,1788269809000,1788275932000,1,37.705,27.293,1.381489759278936,632578958264631296,1788269809000,1067775063052255232,RJ47GA3725,6123000,1788275932000,72.0528335827324,37.705,1.6499999999999773,27.292739993459243,1.3815029201551794,39.25,27.292739993459243,1788269809000-632578958264631296-1067775063052255232,,,,,
1131240645348818944,1788305076000-632578958264631296-1131240645348818944,1788305076000,1788309559000,1,37.661,19.859,1.8964197593030867,632578958264631296,1788305076000,1131240645348818944,RJ47GA6178,4483000,1788309559000,52.42752882005441,37.661,1.2000000000007276,19.858912431838792,1.8964281215934071,39.70000000001164,19.858912431838792,1788305076000-632578958264631296-1131240645348818944,,,,,
947093103351693312,1788241317000-632578958264631296-947093103351693312,1788241317000,1788244575000,1,37.584,11.589,3.243075330054362,632578958264631296,1788241317000,947093103351693312,RJ47GA3310,3258000,1788244575000,30.59582334892953,37.584,0.8500000000003638,11.58932702610967,3.2429838173801433,43.375,11.58932702610967,1788241317000-632578958264631296-947093103351693312,,,,,
1070378226594873344,1788263523000-632578958264631296-1070378226594873344,1788263523000,1788268721000,1,37.518,20.188,1.8584307509411533,632578958264631296,1788263523000,1070378226594873344,RJ47GA3436,5198000,1788268721000,53.2963200000627,37.518,1.4500000000007276,20.18800000002375,1.858430750938967,41.125,20.18800000002375,1788263523000-632578958264631296-1070378226594873344,,,,,
1083727207982956544,1788231823000-632578958264631296-1083727207982956544,1788231823000,1788234897000,1,37.471,7.756,4.831227436823104,632578958264631296,1788231823000,1083727207982956544,RJ47GA6322,3074000,1788234897000,20.47570436967969,37.471,0.8499999999994543,7.755948624878671,4.831259438697761,39.79999999998836,7.75594862487867,1788231823000-632578958264631296-1083727207982956544,,,,,
1464283595349688320,1788234247000-632578958264631296-1464283595349688320,1788234247000,1788237106000,1,37.398,13.222,2.8284677053395857,632578958264631296,1788234247000,1464283595349688320,NL01AK1961,2859000,1788237106000,34.90531291007559,37.398,0.75,13.221709435634692,2.8285298646184294,38.5,13.221709435634692,1788234247000-632578958264631296-1464283595349688320,,,,,
961238953837461504,1788245167000-632578958264631296-961238953837461504,1788245167000,1788248538000,1,37.386,13.286,2.8139394851723623,632578958264631296,1788245167000,961238953837461504,RJ47GA3862,3371000,1788248538000,35.07401086188637,37.386,0.8999999999996362,13.28561017495696,2.8140220515028864,38.75,13.28561017495696,1788245167000-632578958264631296-961238953837461504,,,,,
935951856658546688,1788265719000-632578958264631296-935951856658546688,1788265719000,1788269248000,1,37.332,16.393,2.2773134874641614,632578958264631296,1788265719000,935951856658546688,RJ47GA4709,3529000,1788269248000,43.27860956259914,37.332,0.8999999999996362,16.393412713105732,2.277256154855108,37.69999999999709,16.393412713105732,1788265719000-632578958264631296-935951856658546688,,,,,
1135630948969218048,1788246810000-632578958264631296-1135630948969218048,1788246810000,1788251694000,1,37.309,16.75,2.227402985074627,632578958264631296,1788246810000,1135630948969218048,RJ47GA6252,4884000,1788251694000,44.22,37.309,1.300000000000182,16.75,2.227402985074627,39.5,16.75,1788246810000-632578958264631296-1135630948969218048,,,,,
803716121332023296,1788295937000-632578958264631296-803716121332023296,1788295937000,1788301522000,1,37.29,10.0,3.729,632578958264631296,1788295937000,803716121332023296,RJ47GA2708,5585000,1788301522000,26.400000000000002,37.29,1.5,10.0,3.729,41.29999999998836,10.0,1788295937000-632578958264631296-803716121332023296,,['900758004201160706'],,900758004201160706,
1536014695108968448,1788265822000-632578958264631296-1536014695108968448,1788265822000,1788269981000,1,37.286,13.817,2.6985597452413694,632578958264631296,1788265822000,1536014695108968448,RJ47GA8898,4159000,1788269981000,36.47643965983612,37.286,1.1000000000000227,13.816833204483377,2.698592322001918,38.23999999999796,13.816833204483379,1788265822000-632578958264631296-1536014695108968448,,,,,
869905949161160704,1788257311000-632578958264631296-869905949161160704,1788257311000,1788260410000,1,37.286,13.02,2.863748079877112,632578958264631296,1788257311000,869905949161160704,RJ47GA4504,3099000,1788260410000,34.372691149237845,37.286,0.8999999999996362,13.0199587686507,2.863757148738196,38.09999999997672,13.0199587686507,1788257311000-632578958264631296-869905949161160704,,,,,0.18399999999999608
1362128357327634432,1788265830000-632578958264631296-1362128357327634432,1788265830000,1788269980000,1,37.238,14.015,2.657010346057795,632578958264631296,1788265830000,1362128357327634432,NL01AJ4203,4150000,1788269980000,37.00028427291257,37.238,1.150000000000091,14.015259194285065,2.6569612080513187,39.375,14.015259194285065,1788265830000-632578958264631296-1362128357327634432,,,,,
1045646209449984000,1788241906000-632578958264631296-1045646209449984000,1788241906000,1788245587000,1,37.221,7.541,4.935817530831454,632578958264631296,1788241906000,1045646209449984000,RJ47GA3764,3681000,1788245587000,19.90814886647762,37.221,1.0,7.540965479726371,4.935840125520715,38.0,7.540965479726371,1788241906000-632578958264631296-1045646209449984000,,,,,
939547788868321280,1788242550000-632578958264631296-939547788868321280,1788242550000,1788246404000,1,37.201,11.213,3.3176669936680643,632578958264631296,1788242550000,939547788868321280,RJ14GH7603,3854000,1788246404000,29.602915538957035,37.201,0.0,11.21322558293827,3.31760025024414,,0.001,1788242550000-632578958264631296-939547788868321280,,,,,
1571542304466927616,1788250842000-632578958264631296-1571542304466927616,1788250842000,1788254492000,1,37.142,7.254,5.120209539564379,632578958264631296,1788250842000,1571542304466927616,NL01AL0746,3650000,1788254492000,19.14941814072052,37.142,0.9499999999999886,7.253567477545651,5.120514852171408,37.44999999999709,7.2535674775456505,1788250842000-632578958264631296-1571542304466927616,,,,,
967085947369816064,1788265096000-632578958264631296-967085947369816064,1788265096000,1788269894000,1,37.14,9.034,4.111135709541731,632578958264631296,1788265096000,967085947369816064,RJ47GA4721,4798000,1788269894000,23.849010304090086,37.14,1.2999999999992724,9.033716024276547,4.111264943484241,38.199999999953434,9.033716024276547,1788265096000-632578958264631296-967085947369816064,,,,,
1464253789857906688,1788305900000-632578958264631296-1464253789857906688,1788305900000,1788310159000,1,37.046,7.521,4.925674777290254,632578958264631296,1788305900000,1464253789857906688,NL01AK1965,4259000,1788310159000,19.856352903846336,37.046,1.150000000000091,7.52134579691149,4.925448317402491,38.0,7.521345796911491,1788305900000-632578958264631296-1464253789857906688,,,,,
947104748366987264,1788264194000-632578958264631296-947104748366987264,1788264194000,1788268616000,1,37.041,7.457,4.9672790666487865,632578958264631296,1788264194000,947104748366987264,RJ47GA2627,4422000,1788268616000,19.687758070815917,37.041,1.2000000000002728,7.457484117733301,4.966956605635868,42.875,6.113472616027995,1788264194000-632578958264631296-947104748366987264,,,,,
780452749606125568,1788264164000-632578958264631296-780452749606125568,1788264164000,1788268275000,1,36.951,7.519,4.914350312541561,632578958264631296,1788264164000,780452749606125568,RJ47GA3192,4111000,1788268275000,19.850797800101702,36.951,1.1000000000003638,7.519241590947614,4.914192415959233,41.29999999998836,7.519241590947614,1788264164000-632578958264631296-780452749606125568,,['900758004167606293'],,900758004167606293,
860146891080335360,1788264865000-632578958264631296-860146891080335360,1788264865000,1788268529000,1,36.895,13.514,2.730131715258251,632578958264631296,1788264865000,860146891080335360,RJ47GA3610,3664000,1788268529000,35.676424471385694,36.895,1.0,13.513797148252157,2.730172696485378,33.375,13.513797148252157,1788264865000-632578958264631296-860146891080335360,,,,,
1536014674678513664,1788253503000-632578958264631296-1536014674678513664,1788253503000,1788256571000,1,36.882,9.269,3.9790700183407055,632578958264631296,1788253503000,1536014674678513664,NL01AL0108,3068000,1788256571000,24.46992421799647,36.882,0.7999999999999545,9.268910688635026,3.979108359003012,38.02000000000044,9.268910688635026,1788253503000-632578958264631296-1536014674678513664,,,,,
947093103351693312,1788272169000-632578958264631296-947093103351693312,1788272169000,1788275899000,1,36.874,12.187,3.0256831049478956,632578958264631296,1788272169000,947093103351693312,RJ47GA3310,3730000,1788275899000,32.173323254384215,36.874,1.0,12.18686486908493,3.0257166544564096,43.375,12.18686486908493,1788272169000-632578958264631296-947093103351693312,,,,,
800361869549240320,1788259152000-632578958264631296-800361869549240320,1788259152000,1788264197000,1,36.847,12.919,2.852155739608329,632578958264631296,1788259152000,800361869549240320,RJ47GA3066,5045000,1788264197000,34.10524364967286,36.847,1.3500000000003638,12.918652897603353,2.852232372218608,41.09999999997672,12.918652897603353,1788259152000-632578958264631296-800361869549240320,,['900758004201160712'],,900758004201160712,
1083726423769743360,1788233096000-632578958264631296-1083726423769743360,1788233096000,1788236347000,1,36.709,13.6,2.6991911764705887,632578958264631296,1788233096000,1083726423769743360,RJ47GA6331,3251000,1788236347000,35.90317290502408,36.709,0.8499999999994543,13.599686706448514,2.6992533572551953,39.19999999998254,13.599686706448514,1788233096000-632578958264631296-1083726423769743360,,,,,
946030376206204928,1788250715000-632578958264631296-946030376206204928,1788250715000,1788253672000,1,36.694,14.742,2.489078822412156,632578958264631296,1788250715000,946030376206204928,RJ47GA4009,2957000,1788253672000,38.918089490578645,36.694,0.75,14.741700564613122,2.489129380912981,39.25,14.741700564613122,1788250715000-632578958264631296-946030376206204928,,,,,
1396881232180019200,1788265996000-632578958264631296-1396881232180019200,1788265996000,1788272096000,1,36.669,7.434,4.9326069410815165,632578958264631296,1788265996000,1396881232180019200,NL01AJ6926,6100000,1788272096000,19.625666752255775,36.669,1.599999999999909,7.433964678884763,4.932630377455741,37.25,7.433964678884764,1788265996000-632578958264631296-1396881232180019200,,,,,
1478819140813717504,1788286673000-632578958264631296-1478819140813717504,1788286673000,1788293980000,1,36.629,9.394,3.8991909729614647,632578958264631296,1788286673000,1478819140813717504,NL01AK3097,7307000,1788293980000,24.80069167285649,36.629,1.949999999999818,9.39420139123352,3.8991073827926925,36.75,9.39420139123352,1788286673000-632578958264631296-1478819140813717504,"{'confidence': 79.8, 'count': 3, 'error_code': None, 'flags': {'alta-status': 'present', 'alta_partial': True, 'gps_dup_rows_count': 0}, 'load_class': 'LOW', 'mean': 26521.149869426743, 'std': 1856.6714395247072, 'timestamp': 1788295383611}",,,,
1350071704793120768,1788240798000-632578958264631296-1350071704793120768,1788240798000,1788244725000,1,36.62,16.093,2.275523519542658,632578958264631296,1788240798000,1350071704793120768,RJ47GA3451,3927000,1788244725000,42.485520000002,36.62,1.0499999999992724,16.093000000000757,2.275523519542551,37.375,16.093000000000757,1788240798000-632578958264631296-1350071704793120768,,,,,
1134877765846171648,1788264031000-632578958264631296-1134877765846171648,1788264031000,1788267183000,1,36.6,11.177,3.2745817303390896,632578958264631296,1788264031000,1134877765846171648,RJ47GA6215,3152000,1788267183000,29.507950021887407,36.60000000000582,0.8499999999994543,11.177253796169472,3.2745073760916936,36.60000000000582,11.177253796169472,1788264031000-632578958264631296-1134877765846171648,,,,,
1464286808345935872,1788223297000-632578958264631296-1464286808345935872,1788223297000,1788227477000,1,36.517,15.504,2.355327657378741,632578958264631296,1788223297000,1464286808345935872,NL01AK1960,4180000,1788227477000,40.93063756266139,36.517,1.099999999999909,15.50402937979598,2.355323194084436,37.5,15.50402937979598,1788223297000-632578958264631296-1464286808345935872,,,,,
1176582451024101376,1788222897000-632578958264631296-1176582451024101376,1788222897000,1788227534000,1,36.493,16.996,2.1471522711226174,632578958264631296,1788222897000,1176582451024101376,RJ47GA6342,4637000,1788227534000,44.86862632241466,36.493,0.0,16.995691788793433,2.147191209013489,38.60000000000582,16.995691788793433,1788222897000-632578958264631296-1176582451024101376,,,,,
947452563299500032,1788244477000-632578958264631296-947452563299500032,1788244477000,1788247840000,1,36.464,13.753,2.6513487966261904,632578958264631296,1788244477000,947452563299500032,RJ47GA2721,3363000,1788247840000,36.30774307861522,36.464,0.8999999999996362,13.752932984323945,2.6513617161926764,,13.752932984323945,1788244477000-632578958264631296-947452563299500032,,,,,
1501934002158698496,1788266258000-632578958264631296-1501934002158698496,1788266258000,1788271034000,1,36.457,17.969,2.0288830764093717,632578958264631296,1788266258000,1501934002158698496,NL01AK3123,4776000,1788271034000,47.437953673727215,36.457,1.2999999999999545,17.968921846108792,2.0288919008179027,38.5,17.96892184610879,1788266258000-632578958264631296-1501934002158698496,,,,,
1083726740557135872,1788227888000-632578958264631296-1083726740557135872,1788227888000,1788231048000,1,36.245,9.008,4.023645648312611,632578958264631296,1788227888000,1083726740557135872,RJ47GA6380,3160000,1788231048000,23.781196051067603,36.245,0.8499999999994543,9.008028807222576,4.023632780896416,38.20000000001164,9.008028807222576,1788227888000-632578958264631296-1083726740557135872,,,,,
786545248472924160,1788258433000-632578958264631296-786545248472924160,1788258433000,1788263449000,1,36.174,17.504,2.0666133455210236,632578958264631296,1788258433000,786545248472924160,RJ47GA3116,5016000,1788263449000,46.21011873799289,36.174,1.3500000000003638,17.503832855300338,2.0666330796826675,40.90000000002328,17.503832855300338,1788258433000-632578958264631296-786545248472924160,,['900758004209549323'],,900758004209549323,
1050036019790872576,1788249581000-632578958264631296-1050036019790872576,1788249581000,1788253958000,1,36.138,14.864,2.431243272335845,632578958264631296,1788249581000,1050036019790872576,RJ47GA5530,4377000,1788253958000,39.24058911475395,36.138,1.1499999999996362,14.863859513164375,2.4312662514062313,38.0,14.863859513164375,1788249581000-632578958264631296-1050036019790872576,,,,,
1050037048276156416,1788262288000-632578958264631296-1050037048276156416,1788262288000,1788266239000,1,36.01,8.735,4.122495706926159,632578958264631296,1788262288000,1050037048276156416,RJ47GA6245,3951000,1788266239000,23.05914471870213,36.01,0.0,8.734524514659897,4.122720125126599,34.20000000001164,8.734524514659897,1788262288000-632578958264631296-1050037048276156416,,,,,
939547417898909696,1788275972000-632578958264631296-939547417898909696,1788275972000,1788279002000,1,35.989,10.785,3.336949466852109,632578958264631296,1788275972000,939547417898909696,RJ14GN1565,3030000,1788279002000,28.473188207243314,35.989,0.0,10.78529856334974,3.3368570919581844,36.5,10.78529856334974,1788275972000-632578958264631296-939547417898909696,,,,,
943856131652976640,1788256016000-632578958264631296-943856131652976640,1788256016000,1788258991000,1,35.944,9.789,3.6718765961793856,632578958264631296,1788256016000,943856131652976640,RJ47GA3743,2975000,1788258991000,25.842226970259954,35.944,0.75,9.78872233721968,3.671980751086386,37.375,9.78872233721968,1788256016000-632578958264631296-943856131652976640,,,,,
1067776196789403648,1788240947000-632578958264631296-1067776196789403648,1788240947000,1788244351000,1,35.849,13.896,2.5798071387449624,632578958264631296,1788240947000,1067776196789403648,RJ47GA6412,3404000,1788244351000,36.68480253785566,35.849,0.0,13.895758537066536,2.5798519673736284,36.19999999998254,13.895758537066536,1788240947000-632578958264631296-1067776196789403648,,,,,
931938734016823296,1788234461000-632578958264631296-931938734016823296,1788234461000,1788237784000,1,35.812,10.558,3.3919302898276187,632578958264631296,1788234461000,931938734016823296,RJ14GN0975,3323000,1788237784000,27.8724390627511,35.812,0.8999999999996362,10.5577420692239,3.392013156335097,37.20000000001164,10.5577420692239,1788234461000-632578958264631296-931938734016823296,,,,,
1449735637144961024,1788248052000-632578958264631296-1449735637144961024,1788248052000,1788254150000,1,35.803,10.862,3.2961701344135514,632578958264631296,1788248052000,1449735637144961024,RJ47GA1224,6098000,1788254150000,28.674824595479443,35.803,0.0,10.861675983136152,3.2962684631347656,,0.001,1788248052000-632578958264631296-1449735637144961024,,,,,
1050035941135089664,1788271426000-632578958264631296-1050035941135089664,1788271426000,1788275025000,1,35.79,7.892,4.534972123669538,632578958264631296,1788271426000,1050035941135089664,RJ47GA5558,3599000,1788275025000,20.834220484649393,35.79,1.0,7.891750183579315,4.5351156799754895,37.70000000001164,7.8917501835793145,1788271426000-632578958264631296-1050035941135089664,,,,,
932302785804763136,1788266493000-632578958264631296-932302785804763136,1788266493000,1788271964000,1,35.776,16.083,2.2244606105826032,632578958264631296,1788266493000,932302785804763136,RJ47GA4681,5471000,1788271964000,42.46032029531077,35.776,1.4499999999989086,16.083454657314686,2.224397728116778,37.0,16.083454657314686,1788266493000-632578958264631296-932302785804763136,,,,,
874238000127541248,1788303723000-1194637793272266752-874238000127541248,1788303723000,1788307694000,1,35.757,11.26,3.175577264653641,1194637793272266752,1788303723000,874238000127541248,RJ47GA4754,3971000,1788307694000,29.726157670120333,35.757,1.0999999999994543,11.259908208378913,3.175603152199047,36.5,11.259908208378913,1788303723000-1194637793272266752-874238000127541248,,,,,0.0
1131571393566081024,1788240004000-632578958264631296-1131571393566081024,1788240004000,1788244925000,1,35.663,12.783,2.789877180630525,632578958264631296,1788240004000,1131571393566081024,RJ47GA1964,4921000,1788244925000,33.74728804891623,35.663,0.0,12.78306365489251,2.7898632880820053,45.25,12.78306365489251,1788240004000-632578958264631296-1131571393566081024,,,,,
1083727207982956544,1788237430000-632578958264631296-1083727207982956544,1788237430000,1788240407000,1,35.625,7.731,4.608071400853706,632578958264631296,1788237430000,1083727207982956544,RJ47GA6322,2977000,1788240407000,20.410992003936805,35.625,0.8000000000001819,7.731436365127577,4.607811319599751,37.89999999999418,7.731436365127576,1788237430000-632578958264631296-1083727207982956544,,,,,
1067776270814674944,1788222702000-632578958264631296-1067776270814674944,1788222702000,1788226087000,1,35.619,10.877,3.2747080996598323,632578958264631296,1788222702000,1067776270814674944,RJ47GA6416,3385000,1788226087000,28.714559727556082,35.619,0.0,10.876727169528818,3.2747902420304085,36.70000000001164,10.876727169528818,1788222702000-632578958264631296-1067776270814674944,,,,,
964170762879500288,1788261454000-632578958264631296-964170762879500288,1788261454000,1788265968000,1,35.598,19.4,1.8349484536082474,632578958264631296,1788261454000,964170762879500288,RJ47GA4713,4514000,1788265968000,51.21487976358119,35.598,1.1999999999989086,19.399575668023175,1.8349885899142169,37.29999999998836,19.399575668023175,1788261454000-632578958264631296-964170762879500288,,,,,
866686329780436992,1788249694000-632578958264631296-866686329780436992,1788249694000,1788253271000,1,35.574,10.572,3.3649262202043135,632578958264631296,1788249694000,866686329780436992,RJ47GA4408,3577000,1788253271000,27.911097817270814,35.574,0.9000000000014552,10.572385536845005,3.364803513457185,36.90000000002328,10.572385536845005,1788249694000-632578958264631296-866686329780436992,,,,,0.18399999999999608
1536022277991170048,1788223930000-632578958264631296-1536022277991170048,1788223930000,1788228592000,1,35.52,7.751,4.582634498774352,632578958264631296,1788223930000,1536022277991170048,NL01AK7897,4662000,1788228592000,20.462981423118613,35.52,1.2000000000000455,7.751129326938868,4.582558037904371,36.55500000000029,7.751129326938868,1788223930000-632578958264631296-1536022277991170048,,,,,
1570836903035404288,1788259024000-632578958264631296-1570836903035404288,1788259024000,1788261943000,1,35.506,7.972,4.453838434520823,632578958264631296,1788259024000,1570836903035404288,RJ47GA8949,2919000,1788261943000,21.044940920313447,35.506,0.8000000000000114,7.971568530421759,4.454079503236918,36.04500000000007,7.971568530421759,1788259024000-632578958264631296-1570836903035404288,,,,,
1083728870357598208,1788260736000-632578958264631296-1083728870357598208,1788260736000,1788264326000,1,35.456,13.342,2.6574726427821918,632578958264631296,1788260736000,1083728870357598208,RJ47GA6364,3590000,1788264326000,35.22162340605794,35.456,1.0,13.341524017446188,2.6575674528363913,36.89999999999418,13.341524017446188,1788260736000-632578958264631296-1083728870357598208,,,,,
1535700301011484672,1788223894000-632578958264631296-1535700301011484672,1788223894000,1788228378000,1,35.381,7.172,4.933212493028444,632578958264631296,1788223894000,1535700301011484672,NL01AK7896,4484000,1788228378000,18.93332120725371,35.381,1.1999999999999318,7.1717125785051925,4.933410201915049,36.26499999999942,7.1717125785051925,1788223894000-632578958264631296-1535700301011484672,,,,,
873897783357079552,1788247523000-632578958264631296-873897783357079552,1788247523000,1788250370000,1,35.303,10.537,3.3503843598747265,632578958264631296,1788247523000,873897783357079552,RJ14GN1588,2847000,1788250370000,27.816435352737365,35.303,0.7000000000007276,10.536528542703547,3.350534272926828,36.5,10.536528542703547,1788247523000-632578958264631296-873897783357079552,,,,,0.5519999999999947
794226357327364096,1788225850000-632578958264631296-794226357327364096,1788225850000,1788229681000,1,35.296,6.21,5.683735909822866,632578958264631296,1788225850000,794226357327364096,RJ47GA2335,3831000,1788229681000,16.393847313478112,35.296,0.0,6.20979064904474,5.68392752587072,,6.20979064904474,1788225850000-632578958264631296-794226357327364096,,['900758004180189187'],,900758004180189187,
939139369715892224,1788232766000-632578958264631296-939139369715892224,1788232766000,1788236098000,1,35.276,12.618,2.7956886986844194,632578958264631296,1788232766000,939139369715892224,RJ47GA3427,3332000,1788236098000,33.31147558271553,35.276,0.8500000000003638,12.617983175271034,2.7956924264358336,36.5,12.617983175271036,1788232766000-632578958264631296-939139369715892224,,,,,
1152270135390633984,1788246183000-902855557075959808-1152270135390633984,1788246183000,1788249765000,1,35.203,10.917,3.224603828890721,902855557075959808,1788246183000,1152270135390633984,RJ47GA6196,3582000,1788249765000,28.82008245672598,35.203,0.9500000000007276,10.916697900274992,3.2246930639267064,36.5,10.916697900274992,1788246183000-902855557075959808-1152270135390633984,,,,,
1491416395517263872,1788267191000-632578958264631296-1491416395517263872,1788267191000,1788271940000,1,35.172,9.769,3.6003685126420306,632578958264631296,1788267191000,1491416395517263872,NL01AK3106,4749000,1788271940000,25.791372057971493,35.172,1.25,9.76945911286799,3.600199314378896,37.0,9.76945911286799,1788267191000-632578958264631296-1491416395517263872,,,,,
1083727207982956544,1788244882000-632578958264631296-1083727207982956544,1788244882000,1788249361000,1,34.839,8.918,3.906593406593407,632578958264631296,1788244882000,1083727207982956544,RJ47GA6322,4479000,1788249361000,23.543863429865066,34.839,1.199999999999818,8.9181300870701,3.9065364218572145,37.0,8.9181300870701,1788244882000-632578958264631296-1083727207982956544,,,,,
931938734016823296,1788265901000-632578958264631296-931938734016823296,1788265901000,1788270525000,1,34.812,16.528,2.106243949661181,632578958264631296,1788265901000,931938734016823296,RJ14GN0975,4624000,1788270525000,43.63393584379136,34.812,1.0500000000010914,16.528006001436122,2.106243184869075,36.199999999953434,16.528006001436122,1788265901000-632578958264631296-931938734016823296,,,,,
951557397191589888,1788252705000-632578958264631296-951557397191589888,1788252705000,1788256490000,1,34.759,15.211,2.2851226086384853,632578958264631296,1788252705000,951557397191589888,RJ47GA3883,3785000,1788256490000,40.156783425711474,34.759,1.0,15.210902812769497,2.285137209003791,35.625,15.210902812769497,1788252705000-632578958264631296-951557397191589888,,,,,
947582270531698688,1788221665000-632578958264631296-947582270531698688,1788221665000,1788226113000,1,34.744,16.261,2.1366459627329193,632578958264631296,1788221665000,947582270531698688,RJ47GA3810,4448000,1788226113000,42.928144081632674,34.744,1.2000000000007276,16.260660636982074,2.1366905549323594,36.125,16.260660636982074,1788221665000-632578958264631296-947582270531698688,,,,,
940245549137788928,1788305274000-632578958264631296-940245549137788928,1788305274000,1788308846000,1,34.7,11.176,3.1048675733715108,632578958264631296,1788305274000,940245549137788928,RJ47GA4673,3572000,1788308846000,29.503775205920867,34.7,1.0,11.175672426485177,3.10495858108409,35.5,11.175672426485177,1788305274000-632578958264631296-940245549137788928,,,,,
1471144582421938176,1788265403000-632578958264631296-1471144582421938176,1788265403000,1788269609000,1,34.691,7.753,4.474525989939378,632578958264631296,1788265403000,1471144582421938176,NL01AK2624,4206000,1788269609000,20.468158540021886,34.691,1.150000000000091,7.7530903560688955,4.474473842916701,36.375,7.7530903560688955,1788265403000-632578958264631296-1471144582421938176,,,,,
919290820798971904,1788243917000-632578958264631296-919290820798971904,1788243917000,1788247226000,1,34.666,7.326,4.731913731913732,632578958264631296,1788243917000,919290820798971904,RJ47GA2137,3309000,1788247226000,19.33968161311715,34.666,0.8500000000003638,7.325636974665588,4.732148224091119,29.875,6.20221173118741,1788243917000-632578958264631296-919290820798971904,,,,,
942723675356921856,1788264520000-632578958264631296-942723675356921856,1788264520000,1788268528000,1,34.642,16.106,2.150875450142804,632578958264631296,1788264520000,942723675356921856,RJ14GN1566,4008000,1788268528000,42.51870401298004,34.642,1.0499999999992724,16.105569701886377,2.150932915831132,35.79999999998836,16.105569701886377,1788264520000-632578958264631296-942723675356921856,,,,,
1312806942439112704,1788267960000-632578958264631296-1312806942439112704,1788267960000,1788271927000,1,34.594,10.064,3.437400635930048,632578958264631296,1788267960000,1312806942439112704,NL01AH8912,3967000,1788271927000,26.56839962027674,34.594,1.050000000000182,10.06378773495331,3.437473137459859,35.625,10.06378773495331,1788267960000-632578958264631296-1312806942439112704,,,,,
1153273376152748032,1788251318000-632578958264631296-1153273376152748032,1788251318000,1788254304000,1,34.572,9.687,3.568906782285538,632578958264631296,1788251318000,1153273376152748032,RJ47GA6313,2986000,1788254304000,25.573738977470683,34.572,0.7999999999992724,9.687022339951016,3.568898551768471,36.10000000000582,9.687022339951016,1788251318000-632578958264631296-1153273376152748032,,,,,
1536014535985463296,1788271882000-632578958264631296-1536014535985463296,1788271882000,1788274849000,1,34.566,7.575,4.563168316831684,632578958264631296,1788271882000,1536014535985463296,NL01AK8375,2967000,1788274849000,19.99754828092511,34.566,0.8000000000000682,7.574828894289814,4.563271392975904,35.1449999999968,7.574828894289814,1788271882000-632578958264631296-1536014535985463296,,,,,
1536402078727929856,1788233484000-632578958264631296-1536402078727929856,1788233484000,1788236537000,1,34.553,7.01,4.929101283880171,632578958264631296,1788233484000,1536402078727929856,NL01AK8054,3053000,1788236537000,18.505445134681057,34.553,0.7999999999999545,7.00963830859131,4.929355621337891,35.54000000000087,0.001,1788233484000-632578958264631296-1536402078727929856,,,,,
947104127047958528,1788259534000-632578958264631296-947104127047958528,1788259534000,1788262708000,1,34.529,10.537,3.276928917149094,632578958264631296,1788259534000,947104127047958528,RJ47GA1393,3174000,1788262708000,27.81853020501723,34.529,0.0,10.53732204735501,3.2768287658691406,,0.001,1788259534000-632578958264631296-947104127047958528,,,,,
1488129049464143872,1788239390000-632578958264631296-1488129049464143872,1788239390000,1788242485000,1,34.477,11.414,3.0205887506570877,632578958264631296,1788239390000,1488129049464143872,NL01AK3098,3095000,1788242485000,30.133233559495253,34.477,0.7999999999999545,11.414103621020928,3.0205613287498982,36.125,11.414103621020928,1788239390000-632578958264631296-1488129049464143872,,,,,
1525526061327056896,1788288032000-632578958264631296-1525526061327056896,1788288032000,1788291332000,1,34.393,12.055,2.853007051016176,632578958264631296,1788288032000,1525526061327056896,NL01AK6559,3300000,1788291332000,31.824413654168076,34.393,0.849999999999909,12.054702141730331,2.853077545644212,36.25,12.054702141730331,1788288032000-632578958264631296-1525526061327056896,,,,,
942427579615281152,1788304691000-632578958264631296-942427579615281152,1788304691000,1788308711000,1,34.392,6.69,5.140807174887892,632578958264631296,1788304691000,942427579615281152,RJ47GA2724,4020000,1788308711000,17.66048451916571,34.392,1.0499999999992724,6.689577469380951,5.141131881261047,,5.7013422081564755,1788304691000-632578958264631296-942427579615281152,,,,,
1593693995681185792,1788229500000-632578958264631296-1593693995681185792,1788229500000,1788233198000,1,34.35,14.753,2.328339998644344,632578958264631296,1788229500000,1593693995681185792,NL01AL2126,3698000,1788233198000,38.947860013482355,34.35,1.0,14.752977277834225,2.3283435846952427,35.909999999999854,14.752977277834225,1788229500000-632578958264631296-1593693995681185792,,,,,
1067775012183736320,1788254022000-632578958264631296-1067775012183736320,1788254022000,1788257325000,1,34.342,13.721,2.5028787989213614,632578958264631296,1788254022000,1067775012183736320,RJ47GA3615,3303000,1788257325000,36.22466167031822,34.342,0.8500000000003638,13.721462753908416,2.5027943897758305,42.75,13.721462753908416,1788254022000-632578958264631296-1067775012183736320,,,,,
1536014647272931328,1788304080000-632578958264631296-1536014647272931328,1788304080000,1788308124000,1,34.204,8.2,4.1712195121951225,632578958264631296,1788304080000,1536014647272931328,Rj47GA8896,4044000,1788308124000,21.6466812375665,34.204,1.0499999999999545,8.19950046877519,4.171473631869828,27.465000000000146,8.19950046877519,1788304080000-632578958264631296-1536014647272931328,,,,,
873104331912511488,1788230119000-632578958264631296-873104331912511488,1788230119000,1788233262000,1,34.148,8.413,4.058956377035541,632578958264631296,1788230119000,873104331912511488,RJ14GN0768,3143000,1788233262000,22.21089394862072,34.148,0.7999999999992724,8.413217404780575,4.058851490108452,33.90000000002328,8.413217404780575,1788230119000-632578958264631296-873104331912511488,,,,,0.0
1500145408670695424,1788272216000-632578958264631296-1500145408670695424,1788272216000,1788275687000,1,34.125,9.498,3.592861655085281,632578958264631296,1788272216000,1500145408670695424,NL01AK3125,3471000,1788275687000,25.075210309206632,34.125,0.900000000000091,9.49818572318433,3.5927914019098974,34.125,9.49818572318433,1788272216000-632578958264631296-1500145408670695424,,,,,
939547788868321280,1788224206000-632578958264631296-939547788868321280,1788224206000,1788228839000,1,34.117,10.432,3.2704179447852755,632578958264631296,1788224206000,939547788868321280,RJ14GH7603,4633000,1788228839000,27.53943414056987,34.117,0.0,10.43160384112495,3.2705421447753906,,0.001,1788224206000-632578958264631296-939547788868321280,,,,,
1464286463544786944,1788243436000-632578958264631296-1464286463544786944,1788243436000,1788246791000,1,34.108,8.713,3.9146103523470677,632578958264631296,1788243436000,1464286463544786944,NL01AK1962,3355000,1788246791000,23.003068683863344,34.108,0.9499999999998181,8.713283592372479,3.9144829430156274,35.125,8.713283592372479,1788243436000-632578958264631296-1464286463544786944,,,,,
925753337108758528,1788238320000-632578958264631296-925753337108758528,1788238320000,1788241601000,1,34.025,9.225,3.6883468834688347,632578958264631296,1788238320000,925753337108758528,RJ47GA2620,3281000,1788241601000,24.35286921805969,34.025,0.8499999999985448,9.224571673507459,3.6885181452617704,41.25,9.224571673507459,1788238320000-632578958264631296-925753337108758528,,,,,
942721856836730880,1788261126000-632578958264631296-942721856836730880,1788261126000,1788264798000,1,34.025,12.284,2.7698632367307066,632578958264631296,1788261126000,942721856836730880,RJ47GA4500,3672000,1788264798000,32.43106372841286,34.025,1.0,12.284493836520022,2.769751888258399,35.5,12.284493836520022,1788261126000-632578958264631296-942721856836730880,,,,,
1475452919183572992,1788249433000-632578958264631296-1475452919183572992,1788249433000,1788253747000,1,34.005,13.419,2.5340934495864076,632578958264631296,1788249433000,1475452919183572992,NL01AK3038,4314000,1788253747000,35.427256005196924,34.005,1.150000000000091,13.419415153483683,2.5340150528968692,36.0,13.419415153483682,1788249433000-632578958264631296-1475452919183572992,,,,,
1401196266230120448,1788234650000-632578958264631296-1401196266230120448,1788234650000,1788239145000,1,33.969,18.021,1.8849675378724822,632578958264631296,1788234650000,1401196266230120448,NL01AJ4828,4495000,1788239145000,47.574497759464066,33.969,1.2000000000002728,18.020643090706084,1.8850048707484295,33.90000000000873,18.020643090706084,1788234650000-632578958264631296-1401196266230120448,,,,,
873109579045535744,1788265049000-632578958264631296-873109579045535744,1788265049000,1788267807000,1,33.884,6.102,5.552933464437889,632578958264631296,1788265049000,873109579045535744,RJ14GN1568,2758000,1788267807000,16.108411588743518,33.884,0.7000000000007276,6.101671056342242,5.553232825420842,34.59999999997672,6.101671056342242,1788265049000-632578958264631296-873109579045535744,,,,,0.0
1067775201233600512,1788261319000-632578958264631296-1067775201233600512,1788261319000,1788265880000,1,33.762,12.112,2.787483487450462,632578958264631296,1788261319000,1067775201233600512,RJ47GA3826,4561000,1788265880000,31.97581476237646,33.762,1.1999999999989086,12.112051046354718,2.787471739574704,36.75,12.112051046354718,1788261319000-632578958264631296-1067775201233600512,,,,,
939138676678459392,1788283363000-632578958264631296-939138676678459392,1788283363000,1788287643000,1,33.71,12.838,2.6257984109674406,632578958264631296,1788283363000,939138676678459392,RJ47GA3873,4280000,1788287643000,33.89286220382999,33.71,1.1499999999996362,12.838205380238632,2.625756404543001,34.875,12.838205380238632,1788283363000-632578958264631296-939138676678459392,,,,,
1083727048683290624,1788276587000-632578958264631296-1083727048683290624,1788276587000,1788279575000,1,33.67,6.909,4.873353596757853,632578958264631296,1788276587000,1083727048683290624,RJ47GA6340,2988000,1788279575000,18.23883566126438,33.67,0.8000000000001819,6.908649871691051,4.873600576860395,35.5,6.908649871691051,1788276587000-632578958264631296-1083727048683290624,,,,,
1045646209449984000,1788258620000-632578958264631296-1045646209449984000,1788258620000,1788261834000,1,33.638,12.839,2.6199859802165277,632578958264631296,1788258620000,1045646209449984000,RJ47GA3764,3214000,1788261834000,33.89559499744602,33.638,0.8499999999985448,12.839240529335612,2.6199368976025137,34.25,12.839240529335612,1788258620000-632578958264631296-1045646209449984000,,,,,
1061979678694178816,1788271727000-632578958264631296-1061979678694178816,1788271727000,1788275842000,1,33.547,7.193,4.663839844293062,632578958264631296,1788271727000,1061979678694178816,RJ47GA3541,4115000,1788275842000,18.990145827232528,33.547,1.1000000000003638,7.193237055769897,4.663686145737545,35.0,6.371854461563954,1788271727000-632578958264631296-1061979678694178816,,,,,
1094956363722784768,1788260500000-632578958264631296-1094956363722784768,1788260500000,1788263675000,1,33.545,11.419,2.937647780015763,632578958264631296,1788260500000,1094956363722784768,RJ47GA5978,3175000,1788263675000,30.145857519740023,33.545,0.8500000000003638,11.418885424143948,2.9376772560545072,35.16500000000815,11.418885424143948,1788260500000-632578958264631296-1094956363722784768,,,,,
1050037424450699264,1788246088000-632578958264631296-1050037424450699264,1788246088000,1788251917000,1,33.538,13.909,2.4112445179380253,632578958264631296,1788246088000,1050037424450699264,RJ47GA5931,5829000,1788251917000,36.72033395231436,33.538,1.5499999999992724,13.909217406179682,2.41120682930008,34.470000000001164,13.909217406179684,1788246088000-632578958264631296-1050037424450699264,,,,,
1064532839803912192,1788224963000-632578958264631296-1064532839803912192,1788224963000,1788229892000,1,33.472,14.365,2.330107901148625,632578958264631296,1788224963000,1064532839803912192,RJ47GA3903,4929000,1788229892000,37.9229769918637,33.472,1.3500000000003638,14.364764012069582,2.3301461807431094,34.25,14.364764012069582,1788224963000-632578958264631296-1064532839803912192,,,,,
938817698895233024,1788271879000-632578958264631296-938817698895233024,1788271879000,1788275394000,1,33.44,13.936,2.3995407577497128,632578958264631296,1788271879000,938817698895233024,RJ47GA2715,3515000,1788275394000,36.79093489929308,33.44,0.9500000000007276,13.935960189126165,2.399547612520613,34.375,13.935960189126163,1788271879000-632578958264631296-938817698895233024,,,,,
1545767666730401792,1788265597000-632578958264631296-1545767666730401792,1788265597000,1788268350000,1,33.398,9.656,3.4587821043910525,632578958264631296,1788265597000,1545767666730401792,NL01AK8998,2753000,1788268350000,25.492828333206365,33.398,0.75,9.656374368638774,3.4586480106309305,34.775000000001455,9.656374368638774,1788265597000-632578958264631296-1545767666730401792,,,,,
1081614639520808960,1788250945000-632578958264631296-1081614639520808960,1788250945000,1788254239000,1,33.394,9.3,3.5907526881720426,632578958264631296,1788250945000,1081614639520808960,RJ47GA5704,3294000,1788254239000,24.55147725658796,33.394,0.9000000000005457,9.299801991131803,3.590829141506903,31.89999999999418,9.299801991131803,1788250945000-632578958264631296-1081614639520808960,,,,,
1488160320575766528,1788305291000-632578958264631296-1488160320575766528,1788305291000,1788309442000,1,33.337,11.758,2.8352610988263316,632578958264631296,1788305291000,1488160320575766528,NL01AK3103,4151000,1788309442000,31.041114928631448,33.337,1.0499999999999545,11.757998079027063,2.8352615620395247,35.0,11.757998079027063,1788305291000-632578958264631296-1488160320575766528,,,,,
1131239137144209408,1788270770000-632578958264631296-1131239137144209408,1788270770000,1788273943000,1,33.305,15.317,2.1743814062806033,632578958264631296,1788270770000,1131239137144209408,RJ47GA6176,3173000,1788273943000,40.437559560992305,33.305,0.0,15.317257409466782,2.1743448653814457,34.5,15.317257409466782,1788270770000-632578958264631296-1131239137144209408,,,,,
1181865650805538816,1788276809000-632578958264631296-1181865650805538816,1788276809000,1788280096000,1,33.233,9.86,3.370486815415821,632578958264631296,1788276809000,1181865650805538816,RJ47GA6367,3287000,1788280096000,26.02960417647131,33.233,0.8500000000003638,9.859698551693677,3.370589863955963,35.0,9.859698551693677,1788276809000-632578958264631296-1181865650805538816,,,,,
847126508215468032,1788234349000-632578958264631296-847126508215468032,1788234349000,1788237402000,1,32.983,7.74,4.261369509043927,632578958264631296,1788234349000,847126508215468032,RJ47GA3488,3053000,1788237402000,20.433588051854347,32.983,0.8500000000003638,7.7399954741872525,4.26137200079738,33.25,7.739995474187253,1788234349000-632578958264631296-847126508215468032,,,,,
1131239476161413120,1788222066000-632578958264631296-1131239476161413120,1788222066000,1788227190000,1,32.956,16.31,2.020600858369099,632578958264631296,1788222066000,1131239476161413120,RJ47GA6182,5124000,1788227190000,43.059149430154825,32.956,1.3999999999996362,16.310283875058644,2.0205656904841276,35.30000000001746,16.310283875058644,1788222066000-632578958264631296-1131239476161413120,,,,,
1126869078934290432,1788271003000-632578958264631296-1126869078934290432,1788271003000,1788274915000,1,32.835,12.265,2.6771300448430493,632578958264631296,1788271003000,1126869078934290432,RJ47GA4863,3912000,1788274915000,32.380354476002346,32.835,1.0499999999992724,12.265285786364524,2.677067666576762,33.90000000002328,12.265285786364524,1788271003000-632578958264631296-1126869078934290432,,,,,
1536014633725329408,1788242086000-632578958264631296-1536014633725329408,1788242086000,1788246291000,1,32.821,8.72,3.7638761467889905,632578958264631296,1788242086000,1536014633725329408,Rj47GA8901,4205000,1788246291000,23.02092549543251,32.821,1.1000000000000227,8.720047536148678,3.7638556285320224,33.47999999999956,8.720047536148678,1788242086000-632578958264631296-1536014633725329408,,,,,
1132635709874634752,1788229671000-632578958264631296-1132635709874634752,1788229671000,1788232317000,1,32.74,10.114,3.237097093138224,632578958264631296,1788229671000,1132635709874634752,RJ47GA5218,2646000,1788232317000,26.700438800403663,32.74,0.7000000000007276,10.113802575910478,3.2371602821258985,33.89999999999418,10.113802575910478,1788229671000-632578958264631296-1132635709874634752,,,,,
790970454885007360,1788226418000-632578958264631296-790970454885007360,1788226418000,1788229939000,1,32.66,16.149,2.0224162486841286,632578958264631296,1788226418000,790970454885007360,RJ47GA3108,3521000,1788229939000,42.63218803505951,32.66,0.8999999999996362,16.148556073886176,2.0224718451957737,36.90000000002328,16.148556073886176,1788226418000-632578958264631296-790970454885007360,,['900758004205355017'],,900758004205355017,
1071018553202704384,1788225771000-632578958264631296-1071018553202704384,1788225771000,1788228668000,1,32.618,7.872,4.14354674796748,632578958264631296,1788225771000,1071018553202704384,RJ47GA2638,2897000,1788228668000,20.78091783920578,32.618,0.75,7.871559787577947,4.143778473419491,31.0,6.813078228037842,1788225771000-632578958264631296-1071018553202704384,,,,,
1083727986517082112,1788296939000-632578958264631296-1083727986517082112,1788296939000,1788299475000,1,32.58,13.055,2.4955955572577557,632578958264631296,1788296939000,1083727986517082112,RJ47GA6315,2536000,1788299475000,34.465806691667574,32.58,0.6500000000005457,13.055229807449837,2.4955516280079992,34.5,13.055229807449836,1788296939000-632578958264631296-1083727986517082112,,,,,
794226357327364096,1788231560000-632578958264631296-794226357327364096,1788231560000,1788235655000,1,32.521,6.993,4.650507650507651,632578958264631296,1788231560000,794226357327364096,RJ47GA2335,4095000,1788235655000,18.461792609233836,32.521,0.0,6.993103261073423,4.650438980506076,,6.993103261073422,1788231560000-632578958264631296-794226357327364096,,['900758004180189187'],,900758004180189187,
1134878026966761472,1788227523000-632578958264631296-1134878026966761472,1788227523000,1788230680000,1,32.503,6.617,4.912044733262808,632578958264631296,1788227523000,1134878026966761472,RJ47GA6213,3157000,1788230680000,17.46918766770693,32.503,0.8000000000001819,6.6171165407980785,4.911958222225881,32.40000000002328,5.831267892857144,1788227523000-632578958264631296-1134878026966761472,,,,,
869905949161160704,1788269562000-632578958264631296-869905949161160704,1788269562000,1788272758000,1,32.5,12.796,2.5398562050640825,632578958264631296,1788269562000,869905949161160704,RJ47GA4504,3196000,1788272758000,33.782488898592476,32.5,0.7999999999999999,12.796397310072907,2.5397773461142115,32.5,12.796397310072907,1788269562000-632578958264631296-869905949161160704,,,,,0.0
1135529735623802880,1788238205000-632578958264631296-1135529735623802880,1788238205000,1788241734000,1,32.495,20.821,1.560683924883531,632578958264631296,1788238205000,1135529735623802880,RJ47GA6233,3529000,1788241734000,54.96713715741035,32.495,0.8999999999996362,20.82088528689786,1.5606925235041955,34.40000000002328,20.82088528689786,1788238205000-632578958264631296-1135529735623802880,,,,,
1073994678560358400,1788253382000-632578958264631296-1073994678560358400,1788253382000,1788256189000,1,32.484,13.832,2.348467322151533,632578958264631296,1788253382000,1073994678560358400,RJ47GA5628,2807000,1788256189000,36.515690042596,32.484,0.7000000000007276,13.831700773710605,2.348518127412149,34.29999999998836,13.831700773710605,1788253382000-632578958264631296-1073994678560358400,,,,,
1142833661045899264,1788245790000-632578958264631296-1142833661045899264,1788245790000,1788248702000,1,32.454,11.736,2.765337423312883,632578958264631296,1788245790000,1142833661045899264,RJ47GA6293,2912000,1788248702000,30.984245199795975,32.454,0.8000000000001819,11.736456515074233,2.7652298594823983,34.5,11.736456515074234,1788245790000-632578958264631296-1142833661045899264,,,,,
1072572023244324864,1788230185000-632578958264631296-1072572023244324864,1788230185000,1788234050000,1,32.443,15.282,2.122955110587619,632578958264631296,1788230185000,1072572023244324864,RJ47GA5735,3865000,1788234050000,40.34494467987076,32.443,1.050000000000182,15.282176015102559,2.1229306590853496,34.0,15.282176015102559,1788230185000-632578958264631296-1072572023244324864,,,,,
1074385452921782272,1788225236000-632578958264631296-1074385452921782272,1788225236000,1788229890000,1,32.439,7.012,4.6262122076440395,632578958264631296,1788225236000,1074385452921782272,RJ47GA5841,4654000,1788229890000,18.512267827022832,32.439,1.25,7.012222661751073,4.626065309782879,33.485000000015134,7.012222661751072,1788225236000-632578958264631296-1074385452921782272,,,,,
1050037336936546304,1788238413000-632578958264631296-1050037336936546304,1788238413000,1788243309000,1,32.414,19.115,1.6957363327229926,632578958264631296,1788238413000,1050037336936546304,Rj47GA5922,4896000,1788243309000,50.46415977447677,32.414,1.300000000000182,19.115212035786655,1.6957175227413614,33.454999999987194,19.115212035786655,1788238413000-632578958264631296-1050037336936546304,,,,,
870286624469024768,1788239484000-632578958264631296-870286624469024768,1788239484000,1788243609000,1,32.408,13.484,2.403441115396025,632578958264631296,1788239484000,870286624469024768,RJ47GA4517,4125000,1788243609000,35.59860435580885,32.408,1.0999999999999943,13.484319831745777,2.4033841086817525,,13.484319831745776,1788239484000-632578958264631296-870286624469024768,,,,,0.0
1187437506908389376,1788225959000-632578958264631296-1187437506908389376,1788225959000,1788230844000,1,32.399,9.156,3.538553953691568,632578958264631296,1788225959000,1187437506908389376,RJ47GA6475,4885000,1788230844000,24.17143158830366,32.399,1.300000000000182,9.15584529859987,3.53861374273706,34.10000000000582,9.15584529859987,1788225959000-632578958264631296-1187437506908389376,,,,,
869905949161160704,1788260418000-632578958264631296-869905949161160704,1788260418000,1788263628000,1,32.396,14.577,2.222405158811827,632578958264631296,1788260418000,869905949161160704,RJ47GA4504,3210000,1788263628000,38.48415618979119,32.396,0.7999999999992724,14.57733189007242,2.2223545601004395,32.70000000001164,14.57733189007242,1788260418000-632578958264631296-869905949161160704,,,,,0.0
947102733284933632,1788271524000-632578958264631296-947102733284933632,1788271524000,1788277149000,1,32.391,6.228,5.2008670520231215,632578958264631296,1788271524000,947102733284933632,RJ47GA3510,5625000,1788277149000,16.44242896821042,32.391,1.5499999999992724,6.228192790988796,5.200706061454074,34.75,5.1098673355862445,1788271524000-632578958264631296-947102733284933632,,,,,
1536014681523617792,1788231879000-632578958264631296-1536014681523617792,1788231879000,1788234300000,1,32.341,12.482,2.591011055920526,632578958264631296,1788231879000,1536014681523617792,NL01AL0109,2421000,1788234300000,32.95212284665636,32.341,0.6000000000000227,12.481864714642558,2.5910391387322567,33.14500000000044,12.481864714642558,1788231879000-632578958264631296-1536014681523617792,,,,,
1396881703661731840,1788256199000-632578958264631296-1396881703661731840,1788256199000,1788264887000,1,32.296,21.863,1.4771989205507021,632578958264631296,1788256199000,1396881703661731840,NL01AJ6921,8688000,1788264887000,57.71792922602977,32.296,2.349999999999909,21.86285197955673,1.4772089217911268,34.625,21.86285197955673,1788256199000-632578958264631296-1396881703661731840,"{'confidence': None, 'count': None, 'error_code': 'GEAR_FILTER_FAILED', 'flags': {'alta-status': 'present', 'alta_partial': False, 'gps_dup_rows_count': 0}, 'load_class': None, 'mean': None, 'std': None, 'timestamp': 1788314374527}",,,,
1067763772824748032,1788255392000-632578958264631296-1067763772824748032,1788255392000,1788259180000,1,32.26,14.638,2.203852985380516,632578958264631296,1788255392000,1067763772824748032,RJ47GA6232,3788000,1788259180000,38.64461958739789,32.26,1.0,14.638113480074958,2.2038359002962724,34.0,14.638113480074958,1788255392000-632578958264631296-1067763772824748032,,,,,
1050036509840769024,1788227654000-632578958264631296-1050036509840769024,1788227654000,1788230804000,1,32.256,12.501,2.580273578113751,632578958264631296,1788227654000,1050036509840769024,RJ47GA6390,3150000,1788230804000,33.002502073791746,32.256,0.8000000000001819,12.500947755224146,2.5802843617613087,34.19999999998254,12.500947755224146,1788227654000-632578958264631296-1050036509840769024,,,,,
1134877765846171648,1788251432000-632578958264631296-1134877765846171648,1788251432000,1788254579000,1,32.231,12.51,2.576418864908074,632578958264631296,1788251432000,1134877765846171648,RJ47GA6215,3147000,1788254579000,33.026565949167505,32.231,0.8000000000001819,12.510062859533146,2.5764059191308335,33.60000000000582,12.510062859533146,1788251432000-632578958264631296-1134877765846171648,,,,,
1428031634325635072,1788221427000-632578958264631296-1428031634325635072,1788221427000,1788226685000,1,32.229,6.812,4.731209630064591,632578958264631296,1788221427000,1428031634325635072,NL01AJ9500,5258000,1788226685000,17.9823706781593,32.229,1.4500000000002728,6.81150404475731,4.731554116128885,32.5,6.811504044757309,1788221427000-632578958264631296-1428031634325635072,,,,,
1094226778622263296,1788224290000-632578958264631296-1094226778622263296,1788224290000,1788227721000,1,32.214,13.207,2.439161050957825,632578958264631296,1788224290000,1094226778622263296,RJ47GA6284,3431000,1788227721000,34.867340664733874,32.214,0.8999999999996362,13.207326009368892,2.4391008427556287,34.20000000001164,13.207326009368892,1788224290000-632578958264631296-1094226778622263296,,,,,
1083726887294861312,1788227622000-632578958264631296-1083726887294861312,1788227622000,1788230781000,1,32.183,12.979,2.479620926111411,632578958264631296,1788227622000,1083726887294861312,RJ47GA6339,3159000,1788230781000,34.26544906183764,32.183,0.8499999999994543,12.979336765847592,2.4795565891072977,34.5,12.979336765847592,1788227622000-632578958264631296-1083726887294861312,,,,,
1083727772540469248,1788252489000-632578958264631296-1083727772540469248,1788252489000,1788255458000,1,32.163,8.018,4.011349463706659,632578958264631296,1788252489000,1083727772540469248,RJ47GA6357,2969000,1788255458000,21.168394112326915,32.163,0.8000000000001819,8.018331103154134,4.011183821948707,33.69999999998254,8.018331103154134,1788252489000-632578958264631296-1083727772540469248,,,,,
1079095062366781440,1788225603000-632578958264631296-1079095062366781440,1788225603000,1788231484000,1,32.098,15.24,2.1061679790026244,632578958264631296,1788225603000,1079095062366781440,RJ47GA3439,5881000,1788231484000,40.23260699838182,32.098,1.5499999999992724,15.239623863023414,2.106219962415268,31.625,15.239623863023414,1788225603000-632578958264631296-1079095062366781440,,,,,
943856131652976640,1788250339000-632578958264631296-943856131652976640,1788250339000,1788253541000,1,32.087,13.389,2.39651953095825,632578958264631296,1788250339000,943856131652976640,RJ47GA3743,3202000,1788253541000,35.34787635456442,32.087,0.8500000000003638,13.389347104001674,2.396457403842355,33.375,13.389347104001672,1788250339000-632578958264631296-943856131652976640,,,,,
1135598313102376960,1788233766000-632578958264631296-1135598313102376960,1788233766000,1788237971000,1,32.066,14.33,2.2376831821353806,632578958264631296,1788233766000,1135598313102376960,RJ47GA6228,4205000,1788237971000,37.82996038161675,32.066,1.1566269444449901,14.329530447582101,2.237756506907082,33.10000000000582,14.324961686137712,1788233766000-632578958264631296-1135598313102376960,,,,,
919290820798971904,1788248554000-632578958264631296-919290820798971904,1788248554000,1788251005000,1,31.989,6.721,4.759559589346823,632578958264631296,1788248554000,919290820798971904,RJ47GA2137,2451000,1788251005000,17.743422835915837,31.989,0.6499999999996362,6.720993498452969,4.759564193502523,27.875,6.720993498452969,1788248554000-632578958264631296-919290820798971904,,,,,
1536427445069021184,1788240630000-632578958264631296-1536427445069021184,1788240630000,1788243195000,1,31.982,8.363,3.8242257563075452,632578958264631296,1788240630000,1536427445069021184,NL01AK8053,2565000,1788243195000,22.078531559820735,31.982,0.7000000000000455,8.363080136295732,3.8241891119993285,32.88999999999942,8.363080136295732,1788240630000-632578958264631296-1536427445069021184,,,,,
1571542304466927616,1788259304000-632578958264631296-1571542304466927616,1788259304000,1788262637000,1,31.931,5.901,5.411116759871208,632578958264631296,1788259304000,1571542304466927616,NL01AL0746,3333000,1788262637000,15.579206978660746,31.931,0.8500000000000227,5.901214764644222,5.41091983150779,32.68000000000029,5.901214764644222,1788259304000-632578958264631296-1571542304466927616,,,,,
932302785804763136,1788255159000-632578958264631296-932302785804763136,1788255159000,1788260339000,1,31.897,13.625,2.341064220183486,632578958264631296,1788255159000,932302785804763136,RJ47GA4681,5180000,1788260339000,35.970000000000006,31.897,1.3999999999996362,13.625000000000002,2.341064220183486,33.09999999997672,13.625,1788255159000-632578958264631296-932302785804763136,,,,,
780451764301201408,1788225798000-632578958264631296-780451764301201408,1788225798000,1788229235000,1,31.893,12.399,2.5722235664166466,632578958264631296,1788225798000,780451764301201408,RJ47GA3344,3437000,1788229235000,32.732319943196124,31.893,0.8999999999996362,12.39860603908944,2.572305297825419,35.40000000002328,12.39860603908944,1788225798000-632578958264631296-780451764301201408,,['900758004230520833'],,900758004230520833,
947091862986948608,1788264448000-632578958264631296-947091862986948608,1788264448000,1788267943000,1,31.874,14.927,2.1353252495477992,632578958264631296,1788264448000,947091862986948608,RJ47GA3376,3495000,1788267943000,39.40703835923512,31.874,0.9500000000007276,14.926908469407243,2.1353383431891397,32.125,14.926908469407243,1788264448000-632578958264631296-947091862986948608,,,,,
1464286677953413120,1788222701000-632578958264631296-1464286677953413120,1788222701000,1788227349000,1,31.833,22.354,1.4240404401896751,632578958264631296,1788222701000,1464286677953413120,NL01AK1958,4648000,1788227349000,59.01406408176339,31.833,1.300000000000182,22.3538121521831,1.4240524069578508,32.125,22.3538121521831,1788222701000-632578958264631296-1464286677953413120,,,,,
939138676678459392,1788264083000-632578958264631296-939138676678459392,1788264083000,1788269317000,1,31.791,16.607,1.9143132414042272,632578958264631296,1788264083000,939138676678459392,RJ47GA3873,5234000,1788269317000,43.84265181784889,31.791,1.3999999999996362,16.607065082518517,1.9143057392762857,32.875,16.607065082518517,1788264083000-632578958264631296-939138676678459392,,,,,
1079095062366781440,1788274286000-632578958264631296-1079095062366781440,1788274286000,1788279128000,1,31.742,16.18,1.961804697156984,632578958264631296,1788274286000,1079095062366781440,RJ47GA3439,4842000,1788279128000,42.71415536617022,31.742,1.3000000000010914,16.179604305367505,1.9618526758080077,31.125,16.179604305367505,1788274286000-632578958264631296-1079095062366781440,,,,,
800361869549240320,1788266209000-632578958264631296-800361869549240320,1788266209000,1788268823000,1,31.681,8.63,3.671031286210892,632578958264631296,1788266209000,800361869549240320,RJ47GA3066,2614000,1788268823000,22.783341284842777,31.681,0.6499999999996362,8.6300535169859,3.671008521284905,35.70000000001164,8.6300535169859,1788266209000-632578958264631296-800361869549240320,,['900758004201160712'],,900758004201160712,
874238000127541248,1788263947000-1194637793272266752-874238000127541248,1788263947000,1788270272000,1,31.654,12.678,2.4967660514276697,1194637793272266752,1788263947000,874238000127541248,RJ47GA4754,6325000,1788270272000,33.47073676883526,31.654,1.699999999999818,12.678309382134566,2.496705124155175,32.20000000001164,12.678309382134566,1788263947000-1194637793272266752-874238000127541248,,,,,0.0
1428031634325635072,1788226689000-632578958264631296-1428031634325635072,1788226689000,1788230193000,1,31.614,6.981,4.528577567683713,632578958264631296,1788226689000,1428031634325635072,NL01AJ9500,3504000,1788230193000,18.42916625381569,31.614,0.9499999999998181,6.980744793112004,4.528743126549185,31.75,6.980744793112004,1788226689000-632578958264631296-1428031634325635072,,,,,
939138676678459392,1788236262000-632578958264631296-939138676678459392,1788236262000,1788240076000,1,31.594,13.401,2.3575852548317293,632578958264631296,1788236262000,939138676678459392,RJ47GA3873,3814000,1788240076000,35.37896199728922,31.594,1.1000000000003638,13.401121968670157,2.357563797558302,33.125,13.401121968670155,1788236262000-632578958264631296-939138676678459392,,,,,
1083728677599969280,1788258381000-632578958264631296-1083728677599969280,1788258381000,1788262273000,1,31.558,13.022,2.423437260021502,632578958264631296,1788258381000,1083728677599969280,RJ47GA6359,3892000,1788262273000,34.37893065238786,31.558,1.0499999999992724,13.022322216813581,2.4233772958907704,33.100000000000364,13.022322216813581,1788258381000-632578958264631296-1083728677599969280,,,,,
1536014660929585152,1788306712000-632578958264631296-1536014660929585152,1788306712000,1788309715000,1,31.436,9.301,3.379851628857112,632578958264631296,1788306712000,1536014660929585152,RJ47GA8897,3003000,1788309715000,24.55500401886393,31.436,0.7999999999999545,9.301137885933306,3.379801523805236,31.5099999999984,9.301137885933306,1788306712000-632578958264631296-1536014660929585152,,,,,
1073277847704961024,1788245030000-632578958264631296-1073277847704961024,1788245030000,1788249080000,1,31.389,6.526,4.80983757278578,632578958264631296,1788245030000,1073277847704961024,RJ47GA3542,4050000,1788249080000,17.22856264491194,31.389,1.1000000000003638,6.525970698830279,4.8098591686331345,33.375,5.6483294509967035,1788245030000-632578958264631296-1073277847704961024,,,,,
780085706063085568,1788245009000-632578958264631296-780085706063085568,1788245009000,1788249042000,1,31.336,6.653,4.710055614008718,632578958264631296,1788245009000,780085706063085568,RJ47GA3335,4033000,1788249042000,17.564297869661846,31.336,1.0499999999992724,6.653143132447669,4.709954284189823,35.09999999997672,6.653143132447668,1788245009000-632578958264631296-780085706063085568,,['900758004226326531'],,900758004226326531,
970288452387995648,1788236048000-632578958264631296-970288452387995648,1788236048000,1788238822000,1,31.14,8.511,3.658794501233698,632578958264631296,1788236048000,970288452387995648,RJ47GA3399,2774000,1788238822000,22.467866985057544,31.14,0.75,8.51055567615816,3.6589855216195746,21.25,8.51055567615816,1788236048000-632578958264631296-970288452387995648,,,,,
927189698663677952,1788250121000-632578958264631296-927189698663677952,1788250121000,1788254812000,1,31.123,18.632,1.6704057535422927,632578958264631296,1788250121000,927189698663677952,RJ47GA3520,4691000,1788254812000,49.18910626418256,31.123,1.25,18.632237221281272,1.6703844863273904,30.5,18.632237221281272,1788250121000-632578958264631296-927189698663677952,,,,,
1350071704793120768,1788260736000-632578958264631296-1350071704793120768,1788260736000,1788265148000,1,31.121,12.094,2.5732594675045477,632578958264631296,1788260736000,1350071704793120768,RJ47GA3451,4412000,1788265148000,31.92816000001214,31.121,1.1999999999989086,12.094000000004598,2.5732594675035694,31.625,12.094000000004598,1788260736000-632578958264631296-1350071704793120768,,,,,
1080910261382021120,1788266230000-632578958264631296-1080910261382021120,1788266230000,1788275593000,1,31.086,11.371,2.733796499868085,632578958264631296,1788266230000,1080910261382021120,RJ47GA5730,9363000,1788275593000,30.020720055915532,31.086,0.0,11.371484869664974,2.7336799332975636,32.30000000001746,11.371484869664974,1788266230000-632578958264631296-1080910261382021120,"{'confidence': 26.1, 'count': 4, 'error_code': None, 'flags': {'alta-status': 'present', 'alta_partial': False, 'gps_dup_rows_count': 0}, 'load_class': 'LOW', 'mean': 21392.151330181656, 'std': 6327.261259104043, 'timestamp': 1788275614600}",,,,
1362128357327634432,1788221932000-632578958264631296-1362128357327634432,1788221932000,1788226423000,1,31.082,13.588,2.2874595231086254,632578958264631296,1788221932000,1362128357327634432,NL01AJ4203,4491000,1788226423000,35.87147159664386,31.082,1.2000000000002728,13.587678635092368,2.287513624271752,32.75,13.58767863509237,1788221932000-632578958264631296-1362128357327634432,,,,,
1536014681523617792,1788237231000-632578958264631296-1536014681523617792,1788237231000,1788240223000,1,31.051,11.64,2.667611683848797,632578958264631296,1788237231000,1536014681523617792,NL01AL0109,2992000,1788240223000,30.729600000000865,31.051,0.75,11.640000000000327,2.667611683848722,31.950000000000728,11.640000000000327,1788237231000-632578958264631296-1536014681523617792,,,,,
1536014618822967296,1788224287000-632578958264631296-1536014618822967296,1788224287000,1788229647000,1,31.036,18.98,1.635194942044257,632578958264631296,1788224287000,1536014618822967296,NL01AK9203,5360000,1788229647000,50.10719999999885,31.036,1.4499999999999318,18.979999999999563,1.6351949420442948,32.034999999999854,18.979999999999563,1788224287000-632578958264631296-1536014618822967296,,,,,
1132636490090676224,1788254280000-632578958264631296-1132636490090676224,1788254280000,1788257479000,1,31.007,6.265,4.949241819632881,632578958264631296,1788254280000,1132636490090676224,RJ47GA5322,3199000,1788257479000,16.540916507936505,31.007,0.8500000000003638,6.265498677248676,4.948847904571881,31.199999999982538,6.265498677248676,1788254280000-632578958264631296-1132636490090676224,,,,,
925753337108758528,1788227202000-632578958264631296-925753337108758528,1788227202000,1788230600000,1,30.979,9.763,3.1731025299600533,632578958264631296,1788227202000,925753337108758528,RJ47GA2620,3398000,1788230600000,25.774666174825477,30.979,0.8999999999996362,9.763131126827831,3.173059912600547,38.25,9.763131126827831,1788227202000-632578958264631296-925753337108758528,,,,,
1050037336936546304,1788232195000-632578958264631296-1050037336936546304,1788232195000,1788235012000,1,30.931,10.357,2.9864825721734096,632578958264631296,1788232195000,1050037336936546304,Rj47GA5922,2817000,1788235012000,27.34355224436433,30.931,0.75,10.357406153168306,2.9863654608676597,31.914999999979045,10.357406153168306,1788232195000-632578958264631296-1050037336936546304,,,,,
947452563299500032,1788223533000-632578958264631296-947452563299500032,1788223533000,1788227899000,1,30.917,15.311,2.019267193520998,632578958264631296,1788223533000,947452563299500032,RJ47GA2721,4366000,1788227899000,40.42198581483752,30.917,1.2000000000007276,15.311358263196029,2.0192199456474946,,15.311358263196027,1788223533000-632578958264631296-947452563299500032,,,,,
1501933614227521536,1788307027000-632578958264631296-1501933614227521536,1788307027000,1788311204000,1,30.893,12.506,2.4702542779465855,632578958264631296,1788307027000,1501933614227521536,NL01AK3126,4177000,1788311204000,33.01515332551065,30.893,1.150000000000091,12.505739896026762,2.4703056561903316,31.25,12.505739896026762,1788307027000-632578958264631296-1501933614227521536,,,,,
1471165126924042240,1788282808000-632578958264631296-1471165126924042240,1788282808000,1788290708000,1,30.876,8.942,3.4529188101095953,632578958264631296,1788282808000,1471165126924042240,NL01AK2621,7900000,1788290708000,23.607743751524914,30.876,2.150000000000091,8.942327178607922,3.4527924759745323,32.5,8.942327178607922,1788282808000-632578958264631296-1471165126924042240,"{'confidence': 0, 'count': 2, 'error_code': None, 'flags': {'alta-status': 'present', 'alta_partial': True, 'gps_dup_rows_count': 0}, 'load_class': 'LOW', 'mean': 26296.220081997213, 'std': 5370.013193722501, 'timestamp': 1788292303940}",,,,
1570836903035404288,1788268043000-632578958264631296-1570836903035404288,1788268043000,1788271038000,1,30.866,7.135,4.3259985984583045,632578958264631296,1788268043000,1570836903035404288,RJ47GA8949,2995000,1788271038000,18.836316007564566,30.866,0.7999999999999545,7.134968184683547,4.326017888385158,31.375,7.134968184683546,1788268043000-632578958264631296-1570836903035404288,,,,,
1088472759995990016,1788261954000-632578958264631296-1088472759995990016,1788261954000,1788264994000,1,30.851,7.984,3.8641032064128256,632578958264631296,1788261954000,1088472759995990016,RJ47GA5727,3040000,1788264994000,21.0784930990057,30.851,0.8000000000001819,7.98427768901731,3.863968814916942,31.899999999965075,7.98427768901731,1788261954000-632578958264631296-1088472759995990016,,,,,
1070378226594873344,1788229036000-632578958264631296-1070378226594873344,1788229036000,1788231755000,1,30.825,11.799,2.612509534706331,632578958264631296,1788229036000,1070378226594873344,RJ47GA3436,2719000,1788231755000,31.149654879720032,30.825,0.7000000000007276,11.799111696863648,2.6124848032580004,31.5,11.79911169686365,1788229036000-632578958264631296-1070378226594873344,,,,,
1536014695108968448,1788227340000-632578958264631296-1536014695108968448,1788227340000,1788230855000,1,30.811,8.885,3.4677546426561623,632578958264631296,1788227340000,1536014695108968448,RJ47GA8898,3515000,1788230855000,23.455563603117795,30.811,0.8999999999999773,8.884683182999165,3.4678782985708287,31.639999999999418,8.884683182999165,1788227340000-632578958264631296-1536014695108968448,,,,,
1076923321632686080,1788267252000-632578958264631296-1076923321632686080,1788267252000,1788270500000,1,30.65,6.701,4.573944187434711,632578958264631296,1788267252000,1076923321632686080,RJ47GA2652,3248000,1788270500000,17.691690565197295,30.65,0.8500000000003638,6.701397941362611,4.573672578197597,,6.701397941362611,1788267252000-632578958264631296-1076923321632686080,,,,,
870568761881526272,1788267370000-632578958264631296-870568761881526272,1788267370000,1788270455000,1,30.595,5.935,5.155012636899747,632578958264631296,1788267370000,870568761881526272,RJ47GA4522,3085000,1788270455000,15.66740459466357,30.595,0.7999999999992724,5.934622952524079,5.155340152989418,31.29999999998836,5.934622952524079,1788267370000-632578958264631296-870568761881526272,,,,,0.18399999999999608
1046752835124854784,1788234816000-632578958264631296-1046752835124854784,1788234816000,1788237654000,1,30.59,15.254,2.0053756391766093,632578958264631296,1788234816000,1046752835124854784,RJ47GA5627,2838000,1788237654000,40.27136165355022,30.59,0.75,15.25430365664781,2.0053357195802843,31.199999999982538,15.25430365664781,1788234816000-632578958264631296-1046752835124854784,,,,,
1046443765134262272,1788251796000-632578958264631296-1046443765134262272,1788251796000,1788254756000,1,30.54,11.303,2.7019375387065376,632578958264631296,1788251796000,1046443765134262272,RJ47GA4014,2960000,1788254756000,29.839014446283066,30.54,0.8000000000010914,11.302656987228433,2.7020195370441678,30.875,11.302656987228433,1788251796000-632578958264631296-1046443765134262272,,,,,
1067764685513687040,1788262459000-632578958264631296-1067764685513687040,1788262459000,1788265357000,1,30.484,10.758,2.833612195575386,632578958264631296,1788262459000,1067764685513687040,RJ47GA6297,2898000,1788265357000,28.400795579199226,30.484,0.75,10.75787711333304,2.833644563779122,32.5,10.75787711333304,1788262459000-632578958264631296-1067764685513687040,,,,,
1536014695108968448,1788222143000-632578958264631296-1536014695108968448,1788222143000,1788225556000,1,30.421,12.431,2.4471884804118735,632578958264631296,1788222143000,1536014695108968448,RJ47GA8898,3413000,1788225556000,32.816700052086944,30.421,0.900000000000091,12.430568201548084,2.447273487965853,31.294999999998254,12.430568201548084,1788222143000-632578958264631296-1536014695108968448,,,,,
1389243774684626944,1788271315000-632578958264631296-1389243774684626944,1788271315000,1788275513000,1,30.303,12.853,2.3576596903446667,632578958264631296,1788271315000,1389243774684626944,NL01AJ6143,4198000,1788275513000,33.93255667266046,30.303,1.0688888888890709,12.853241163886537,2.3576154538468987,31.625,12.85398947865167,1788271315000-632578958264631296-1389243774684626944,,,,,
931938734016823296,1788272578000-632578958264631296-931938734016823296,1788272578000,1788277755000,1,30.27,11.752,2.57573179033356,632578958264631296,1788272578000,931938734016823296,RJ14GN0975,5177000,1788277755000,31.026485743522592,30.27,1.3500000000003638,11.752456721031285,2.5756316928894667,31.400000000023283,11.752456721031285,1788272578000-632578958264631296-931938734016823296,,,,,
1464286677953413120,1788275336000-632578958264631296-1464286677953413120,1788275336000,1788278601000,1,30.21,11.717,2.5783050268840144,632578958264631296,1788275336000,1464286677953413120,NL01AK1958,3265000,1788278601000,30.93285436881739,30.21,0.900000000000091,11.716990291218709,2.578307163285854,30.875,11.716990291218709,1788275336000-632578958264631296-1464286677953413120,,,,,
936665179544879104,1788269469000-632578958264631296-936665179544879104,1788269469000,1788273350000,1,30.104,9.435,3.1906730259671434,632578958264631296,1788269469000,936665179544879104,RJ47GA4716,3881000,1788273350000,24.908213892514336,30.104,1.0,9.434929504740278,3.19069686581921,31.0,9.434929504740278,1788269469000-632578958264631296-936665179544879104,,,,,
939141093658722304,1788247264000-632578958264631296-939141093658722304,1788247264000,1788250391000,1,30.065,10.66,2.8203564727954973,632578958264631296,1788247264000,939141093658722304,RJ47GA3768,3127000,1788250391000,28.14163611521628,30.065,0.8500000000003638,10.659710649703136,2.820433029374703,34.5,10.659710649703136,1788247264000-632578958264631296-939141093658722304,,,,,
1083727333329731584,1788242105000-632578958264631296-1083727333329731584,1788242105000,1788247730000,1,30.061,13.413,2.2411839260418995,632578958264631296,1788242105000,1083727333329731584,RJ47GA6318,5625000,1788247730000,35.41079149358686,30.061,1.5500000000010914,13.413178596055628,2.2411540847476634,32.10000000000582,13.413178596055628,1788242105000-632578958264631296-1083727333329731584,,,,,
860146891080335360,1788298182000-632578958264631296-860146891080335360,1788298182000,1788304744000,1,30.058,15.144,1.9848124669836238,632578958264631296,1788298182000,860146891080335360,RJ47GA3610,6562000,1788304744000,39.979453209256185,30.058,1.7999999999992724,15.143732276233402,1.9848475561848826,26.25,15.143732276233402,1788298182000-632578958264631296-860146891080335360,,,,,
1464269416886697984,1788222037000-632578958264631296-1464269416886697984,1788222037000,1788225130000,1,30.01,12.578,2.385911909683575,632578958264631296,1788222037000,1464269416886697984,NL01AK1963,3093000,1788225130000,33.20499746904203,30.01,0.8000000000001819,12.577650556455312,2.3859781972236274,30.5,12.577650556455314,1788222037000-632578958264631296-1464269416886697984,,,,,
1056588446363025408,1788238690000-632578958264631296-1056588446363025408,1788238690000,1788241824000,1,29.808,10.192,2.924646781789639,632578958264631296,1788238690000,1056588446363025408,RJ47GA3530,3134000,1788241824000,26.9072072582741,29.808,0.8500000000003638,10.19212396146746,2.924611210842087,31.0,10.19212396146746,1788238690000-632578958264631296-1056588446363025408,,,,,
1083726698509238272,1788279223000-632578958264631296-1083726698509238272,1788279223000,1788283547000,1,29.752,14.184,2.0975747320924985,632578958264631296,1788279223000,1083726698509238272,RJ47GA6387,4324000,1788283547000,37.44631669875629,29.752,1.199999999999818,14.184210870741019,2.097543548324707,31.39999999999418,14.184210870741019,1788279223000-632578958264631296-1083726698509238272,,,,,
1094226778622263296,1788228480000-632578958264631296-1094226778622263296,1788228480000,1788231307000,1,29.738,12.075,2.4627743271221534,632578958264631296,1788228480000,1094226778622263296,RJ47GA6284,2827000,1788231307000,31.8792200778802,29.738,0.75,12.075462150712196,2.462680072103583,31.600000000034925,12.075462150712196,1788228480000-632578958264631296-1094226778622263296,,,,,
1050036509840769024,1788288289000-632578958264631296-1050036509840769024,1788288289000,1788291231000,1,29.737,10.224,2.9085485133020343,632578958264631296,1788288289000,1050036509840769024,RJ47GA6390,2942000,1788291231000,26.992002015341612,29.737,0.75,10.224243187629398,2.908479332336269,31.5,10.224243187629398,1788288289000-632578958264631296-1050036509840769024,,,,,
939140658449350656,1788235460000-632578958264631296-939140658449350656,1788235460000,1788238170000,1,29.704,9.699,3.0625837715228377,632578958264631296,1788235460000,939140658449350656,RJ47GA2643,2710000,1788238170000,25.606213864470288,29.704,0.6999999999970896,9.699323433511472,3.062481646644727,31.625,9.699323433511472,1788235460000-632578958264631296-939140658449350656,,,,,
1406586595699589120,1788221957000-632578958264631296-1406586595699589120,1788221957000,1788225118000,1,29.682,10.451,2.8401109941632376,632578958264631296,1788221957000,1406586595699589120,NL01AJ7423,3161000,1788225118000,27.591679554067547,29.682,0.849999999999909,10.45139377048013,2.8400039891173696,31.255000000004657,10.45139377048013,1788221957000-632578958264631296-1406586595699589120,,,,,
1083726698509238272,1788284740000-632578958264631296-1083726698509238272,1788284740000,1788287556000,1,29.671,12.082,2.4558020195331896,632578958264631296,1788284740000,1083726698509238272,RJ47GA6387,2816000,1788287556000,31.895267778577853,29.671,0.75,12.081540825218884,2.455895355505074,31.39999999999418,12.081540825218884,1788284740000-632578958264631296-1083726698509238272,,,,,
812260483275948032,1788268883000-632578958264631296-812260483275948032,1788268883000,1788271436000,1,29.643,9.618,3.08203368683718,632578958264631296,1788268883000,812260483275948032,RJ47GA3187,2553000,1788271436000,25.391813832586468,29.643,0.6500000000014552,9.618111300222147,3.081998021723386,33.399999999965075,9.618111300222147,1788268883000-632578958264631296-812260483275948032,,['900758004222132228'],,900758004222132228,
970288452387995648,1788268176000-632578958264631296-970288452387995648,1788268176000,1788271216000,1,29.613,8.401,3.5249375074395903,632578958264631296,1788268176000,970288452387995648,RJ47GA3399,3040000,1788271216000,22.179266456393133,29.613,0.7999999999992724,8.401237294088308,3.524837945100986,20.125,8.401237294088308,1788268176000-632578958264631296-970288452387995648,,,,,
1083726887294861312,1788288365000-632578958264631296-1083726887294861312,1788288365000,1788291497000,1,29.601,11.769,2.515166964058119,632578958264631296,1788288365000,1083726887294861312,RJ47GA6339,3132000,1788291497000,31.07107792253402,29.601,0.8499999999994543,11.769347697929552,2.515092659315976,31.70000000001164,11.769347697929552,1788288365000-632578958264631296-1083726887294861312,,,,,
1067763722711203840,1788233967000-632578958264631296-1067763722711203840,1788233967000,1788238057000,1,29.6,12.719,2.3272269832534005,632578958264631296,1788233967000,1067763722711203840,RJ47GA6235,4090000,1788238057000,33.57868433831087,29.60000000000582,1.0999999999994543,12.719198612996543,2.32719064310863,29.60000000000582,12.719198612996543,1788233967000-632578958264631296-1067763722711203840,,,,,
874363612666265600,1788232542000-632578958264631296-874363612666265600,1788232542000,1788235373000,1,29.526,8.785,3.3609561752988046,632578958264631296,1788232542000,874363612666265600,RJ47GA1973,2831000,1788235373000,23.191796933016747,29.526,0.0,8.784771565536646,3.3610435717910794,30.5,8.784771565536646,1788232542000-632578958264631296-874363612666265600,,['900758004175994887'],,900758004175994887,
1083726655622479872,1788226942000-632578958264631296-1083726655622479872,1788226942000,1788229865000,1,29.509,15.986,1.8459276867258851,632578958264631296,1788226942000,1083726655622479872,RJ47GA6356,2923000,1788229865000,42.20332085179573,29.509,0.8000000000001819,15.986106383255958,1.8459154025715783,31.10000000000582,15.986106383255958,1788226942000-632578958264631296-1083726655622479872,,,,,
1082303861131051008,1788260026000-632578958264631296-1082303861131051008,1788260026000,1788263461000,1,29.506,13.394,2.202926683589667,632578958264631296,1788260026000,1082303861131051008,RJ47GA5902,3435000,1788263461000,35.35925744476988,29.506,0.1999999999998181,13.393658123018895,2.2029829139277317,31.5,13.393658123018895,1788260026000-632578958264631296-1082303861131051008,,,,,
1045014601197944832,1788293037000-632578958264631296-1045014601197944832,1788293037000,1788297751000,1,29.463,15.724,1.87375985754261,632578958264631296,1788293037000,1045014601197944832,RJ47GA5632,4714000,1788297751000,41.51073330973133,29.463,1.2999999999992724,15.723762617322473,1.8737881458183143,31.199999999982538,15.723762617322473,1788293037000-632578958264631296-1045014601197944832,,,,,
1050037591694376960,1788304481000-632578958264631296-1050037591694376960,1788304481000,1788307328000,1,29.441,11.965,2.46059339740911,632578958264631296,1788304481000,1050037591694376960,RJ47GA3487,2847000,1788307328000,31.588260598647135,29.441,0.8000000000010914,11.965250226760277,2.460541939537145,29.25,11.965250226760277,1788304481000-632578958264631296-1050037591694376960,,,,,
1067775012183736320,1788248703000-632578958264631296-1067775012183736320,1788248703000,1788251473000,1,29.382,8.557,3.433680028047213,632578958264631296,1788248703000,1067775012183736320,RJ47GA3615,2770000,1788251473000,22.58922012745059,29.382,0.7000000000007276,8.556522775549466,3.433871535287675,36.25,8.556522775549466,1788248703000-632578958264631296-1067775012183736320,,,,,
1079796452147855360,1788273232000-632578958264631296-1079796452147855360,1788273232000,1788276304000,1,29.35,6.548,4.482284667073916,632578958264631296,1788273232000,1079796452147855360,RJ47GA3909,3072000,1788276304000,17.287326135084474,29.35,0.7999999999992724,6.548229596622906,4.482127507431408,30.125,6.548229596622906,1788273232000-632578958264631296-1079796452147855360,,,,,
1083040452048846848,1788247776000-632578958264631296-1083040452048846848,1788247776000,1788251903000,1,29.296,14.288,2.0503919372900334,632578958264631296,1788247776000,1083040452048846848,RJ47GA5867,4127000,1788251903000,37.719435993737804,29.296,1.0999999999994543,14.287665149143107,2.0504399910125977,30.660000000003492,14.287665149143107,1788247776000-632578958264631296-1083040452048846848,,,,,
873897783357079552,1788244515000-632578958264631296-873897783357079552,1788244515000,1788246938000,1,29.195,7.831,3.7281317839356403,632578958264631296,1788244515000,873897783357079552,RJ14GN1588,2423000,1788246938000,20.675121946173913,29.195,0.6000000000003638,7.8314855856719365,3.7279006237863217,30.399999999965075,7.8314855856719365,1788244515000-632578958264631296-873897783357079552,,,,,0.0
857602255610707968,1788260192000-632578958264631296-857602255610707968,1788260192000,1788263277000,1,29.102,9.026,3.2242410813206295,632578958264631296,1788260192000,857602255610707968,RJ47GA4334,3085000,1788263277000,23.829758729220906,29.102,0.7999999999992724,9.026423761068525,3.2240897137489344,30.0,9.026423761068525,1788260192000-632578958264631296-857602255610707968,,['900758004230520839'],,900758004230520839,0.0
787737136659955712,1788228093000-632578958264631296-787737136659955712,1788228093000,1788230641000,1,29.096,9.254,3.1441538794035013,632578958264631296,1788228093000,787737136659955712,RJ47GA3339,2548000,1788230641000,24.429516257538076,29.096,0.6500000000014552,9.253604643006847,3.144288212268555,32.20000000001164,9.253604643006847,1788228093000-632578958264631296-787737136659955712,,['900758004226326539'],,900758004226326539,
1111626569580806144,1788230386000-632578958264631296-1111626569580806144,1788230386000,1788234249000,1,29.077,14.81,1.9633355840648212,632578958264631296,1788230386000,1111626569580806144,NL01AH6173,3863000,1788234249000,39.09792641587308,29.077,1.050000000000182,14.809820612073135,1.9633593654940087,30.625,14.809820612073135,1788230386000-632578958264631296-1111626569580806144,,,,,
1050037591694376960,1788243633000-632578958264631296-1050037591694376960,1788243633000,1788247314000,1,29.07,12.408,2.3428433268858804,632578958264631296,1788243633000,1050037591694376960,RJ47GA3487,3681000,1788247314000,32.75613095022419,29.07,0.9500000000007276,12.407625359933403,2.342914067495348,29.625,12.407625359933403,1788243633000-632578958264631296-1050037591694376960,,,,,
1396881382210273280,1788261117000-632578958264631296-1396881382210273280,1788261117000,1788263631000,1,29.04,6.981,4.15986248388483,632578958264631296,1788261117000,1396881382210273280,NL01AJ6927,2514000,1788263631000,18.430475485426754,29.04,0.599999999999909,6.9812407141768,4.159719051232325,30.5,6.9812407141768,1788261117000-632578958264631296-1396881382210273280,,,,,
1132636093246603264,1788260369000-632578958264631296-1132636093246603264,1788260369000,1788262979000,1,29.025,11.346,2.558170280274987,632578958264631296,1788260369000,1132636093246603264,NL01AJ4206,2610000,1788262979000,29.953972787922016,29.025,0.6999999999998181,11.346201813606823,2.558124778389897,30.125,11.346201813606822,1788260369000-632578958264631296-1132636093246603264,,,,,
925753337108758528,1788252686000-632578958264631296-925753337108758528,1788252686000,1788255623000,1,29.009,8.394,3.455920895878008,632578958264631296,1788252686000,925753337108758528,RJ47GA2620,2937000,1788255623000,22.159806483072447,29.009,0.75,8.393866092072896,3.4559760284234082,35.875,8.393866092072896,1788252686000-632578958264631296-925753337108758528,,,,,
1477689128190476288,1788265351000-632578958264631296-1477689128190476288,1788265351000,1788268322000,1,28.996,6.797,4.265999705752538,632578958264631296,1788265351000,1477689128190476288,RJ47FA0016,2971000,1788268322000,17.945194294791378,28.996,0.8000000000000682,6.79742208136037,4.26573481136499,29.645000000000437,6.79742208136037,1788265351000-632578958264631296-1477689128190476288,,,,,
1083726423769743360,1788236351000-632578958264631296-1083726423769743360,1788236351000,1788239380000,1,28.961,11.2,2.5858035714285714,632578958264631296,1788236351000,1083726423769743360,RJ47GA6331,3029000,1788239380000,29.568044759150826,28.961,0.8000000000001819,11.200016954223797,2.585799657122671,29.599999999976717,11.200016954223797,1788236351000-632578958264631296-1083726423769743360,,,,,
1385589008028925952,1788240833000-632578958264631296-1385589008028925952,1788240833000,1788244080000,1,28.842,11.024,2.616291727140784,632578958264631296,1788240833000,1385589008028925952,NL01AJ5695,3247000,1788244080000,29.104608864272393,28.842,0.849999999999909,11.024473054648633,2.6161794633656745,29.875,11.024473054648633,1788240833000-632578958264631296-1385589008028925952,,,,,
803716121332023296,1788304521000-632578958264631296-803716121332023296,1788304521000,1788307225000,1,28.826,5.663,5.090234857849197,632578958264631296,1788304521000,803716121332023296,RJ47GA2708,2704000,1788307225000,14.951531303047405,28.826,0.7000000000007276,5.663458826911896,5.089822470858838,31.899999999965075,5.663458826911896,1788304521000-632578958264631296-803716121332023296,,['900758004201160706'],,900758004201160706,
1184409623537385472,1788272179000-632578958264631296-1184409623537385472,1788272179000,1788276616000,1,28.803,13.03,2.210514198004605,632578958264631296,1788272179000,1184409623537385472,RJ47GA6472,4437000,1788276616000,34.39925415335166,28.803,1.0,13.030020512633204,2.210510718081692,30.800000000017462,13.030020512633204,1788272179000-632578958264631296-1184409623537385472,,,,,
1083039951072788480,1788223085000-632578958264631296-1083039951072788480,1788223085000,1788226559000,1,28.764,14.082,2.0426075841499785,632578958264631296,1788223085000,1083039951072788480,RJ47GA5903,3474000,1788226559000,37.175892590531156,28.764,0.9499999999998181,14.081777496413315,2.0426398590182457,30.300000000017462,14.081777496413316,1788223085000-632578958264631296-1083039951072788480,,,,,
1428031634325635072,1788232691000-632578958264631296-1428031634325635072,1788232691000,1788235538000,1,28.737,6.959,4.129472625377209,632578958264631296,1788232691000,1428031634325635072,NL01AJ9500,2847000,1788235538000,18.371409294889613,28.737,0.75,6.958867157155156,4.129551455864826,29.25,6.958867157155156,1788232691000-632578958264631296-1428031634325635072,,,,,
1083726789898928128,1788222916000-632578958264631296-1083726789898928128,1788222916000,1788226605000,1,28.731,11.613,2.474037716352364,632578958264631296,1788222916000,1083726789898928128,RJ47GA6312,3689000,1788226605000,30.657359208881473,28.731,0.9499999999998181,11.612636063970255,2.4741152518455083,30.39999999999418,11.612636063970257,1788222916000-632578958264631296-1083726789898928128,,,,,
1176582451024101376,1788239538000-632578958264631296-1176582451024101376,1788239538000,1788242145000,1,28.709,11.75,2.4433191489361703,632578958264631296,1788239538000,1176582451024101376,RJ47GA6342,2607000,1788242145000,31.01950602085806,28.709,0.0,11.749812886688659,2.4433580582823042,30.099999999976717,11.74981288668866,1788239538000-632578958264631296-1176582451024101376,,,,,
798605218047590400,1788267645000-632578958264631296-798605218047590400,1788267645000,1788270806000,1,28.698,9.238,3.106516562026413,632578958264631296,1788267645000,798605218047590400,RJ47GA3110,3161000,1788270806000,24.388262620401353,28.698,0.8500000000003638,9.237978265303543,3.106523870897745,32.59999999997672,9.237978265303543,1788267645000-632578958264631296-798605218047590400,,['900758004205355021'],,900758004205355021,
1067775201233600512,1788228036000-632578958264631296-1067775201233600512,1788228036000,1788232961000,1,28.677,14.37,1.995615866388309,632578958264631296,1788228036000,1067775201233600512,RJ47GA3826,4925000,1788232961000,37.93700163440174,28.677,1.3000000000010914,14.370076376667326,1.9956052597300602,31.125,14.370076376667326,1788228036000-632578958264631296-1067775201233600512,,,,,
929707161364201472,1788289453000-632578958264631296-929707161364201472,1788289453000,1788293988000,1,28.674,7.393,3.8785337481401325,632578958264631296,1788289453000,929707161364201472,RJ47GA3515,4535000,1788293988000,19.51845975156939,28.674,1.2000000000007276,7.393355966503557,3.8783470091134298,29.75,7.393355966503557,1788289453000-632578958264631296-929707161364201472,,,,,
1464286808345935872,1788239527000-632578958264631296-1464286808345935872,1788239527000,1788242065000,1,28.663,9.805,2.923304436511984,632578958264631296,1788239527000,1464286808345935872,NL01AK1960,2538000,1788242065000,25.886295213913318,28.663,0.650000000000091,9.805414853755044,2.9231807554805624,29.125,9.805414853755044,1788239527000-632578958264631296-1464286808345935872,,,,,
932334786138079232,1788221402000-632578958264631296-932334786138079232,1788221402000,1788224795000,1,28.632,11.699,2.447388665697923,632578958264631296,1788221402000,932334786138079232,RJ47GA4717,3393000,1788224795000,30.8846592335958,28.632,0.1499999999996362,11.698734558180227,2.447444196430575,29.19999999999709,11.698734558180227,1788221402000-632578958264631296-932334786138079232,,,,,
1132636252537880576,1788226809000-632578958264631296-1132636252537880576,1788226809000,1788229301000,1,28.597,5.679,5.0355696425427015,632578958264631296,1788226809000,1132636252537880576,RK47GA5327,2492000,1788229301000,14.993457929999996,28.597,0.6499999999996362,5.679340124999999,5.035268071746277,29.5,5.679340124999999,1788226809000-632578958264631296-1132636252537880576,,,,,
1126869078934290432,1788248336000-632578958264631296-1126869078934290432,1788248336000,1788251150000,1,28.592,8.09,3.534239802224969,632578958264631296,1788248336000,1126869078934290432,RJ47GA4863,2814000,1788251150000,21.35750671976383,28.592,0.7000000000007276,8.089964666577208,3.534255238236661,29.599999999976717,8.089964666577208,1788248336000-632578958264631296-1126869078934290432,,,,,
939547788868321280,1788265856000-632578958264631296-939547788868321280,1788265856000,1788268601000,1,28.559,8.965,3.185610708310095,632578958264631296,1788265856000,939547788868321280,RJ14GH7603,2745000,1788268601000,23.666685557470117,28.559,0.0,8.964653620253832,3.185733795166015,,0.001,1788265856000-632578958264631296-939547788868321280,,,,,
964169792938311680,1788256188000-632578958264631296-964169792938311680,1788256188000,1788260290000,1,28.515,8.72,3.2700688073394493,632578958264631296,1788256188000,964169792938311680,RJ47GA2728,4102000,1788260290000,23.021022679298728,28.515,1.1000000000003638,8.720084348219215,3.270037176397638,31.125,8.720084348219215,1788256188000-632578958264631296-964169792938311680,,,,,
1083726930487803904,1788255461000-632578958264631296-1083726930487803904,1788255461000,1788258693000,1,28.474,6.89,4.1326560232220615,632578958264631296,1788255461000,1083726930487803904,RJ47GA6332,3232000,1788258693000,18.190757168190128,28.474,0.8999999999996362,6.8904383212841385,4.132393132675692,29.600000000000364,6.890438321284139,1788255461000-632578958264631296-1083726930487803904,,,,,
939140658449350656,1788223579000-632578958264631296-939140658449350656,1788223579000,1788227578000,1,28.454,14.649,1.9423851457437369,632578958264631296,1788223579000,939140658449350656,RJ47GA2643,3999000,1788227578000,38.67329264405227,28.454,1.0999999999985448,14.648974486383434,1.942388528729343,30.25,14.648974486383434,1788223579000-632578958264631296-939140658449350656,,,,,
1484590862305329152,1788222297000-632578958264631296-1484590862305329152,1788222297000,1788225215000,1,28.404,5.244,5.416475972540046,632578958264631296,1788222297000,1484590862305329152,NL01AK3094,2918000,1788225215000,13.844932445599536,28.404,0.7999999999999545,5.244292593030127,5.416173772941281,30.0,4.575867516688484,1788222297000-632578958264631296-1484590862305329152,,,,,
1067767771279917056,1788258881000-632578958264631296-1067767771279917056,1788258881000,1788261665000,1,28.359,11.423,2.48262277860457,632578958264631296,1788258881000,1067767771279917056,RJ47GA6234,2784000,1788261665000,30.155549947361855,28.359,0.75,11.422556798243127,2.4827191057926563,30.20000000001164,11.422556798243127,1788258881000-632578958264631296-1067767771279917056,,,,,
1073278104413143040,1788258642000-632578958264631296-1073278104413143040,1788258642000,1788260987000,1,28.341,9.581,2.9580419580419584,632578958264631296,1788258642000,1073278104413143040,RJ47GA3367,2345000,1788260987000,25.29432271491577,28.341,0.6499999999996362,9.581182846559003,2.9579855069959784,,9.581182846559003,1788258642000-632578958264631296-1073278104413143040,,,,,
1181865650805538816,1788224765000-632578958264631296-1181865650805538816,1788224765000,1788227665000,1,28.306,10.223,2.7688545436760243,632578958264631296,1788224765000,1181865650805538816,RJ47GA6367,2900000,1788227665000,26.989009856459035,28.306,0.75,10.22310979411327,2.7688248067431815,29.79999999998836,10.22310979411327,1788224765000-632578958264631296-1181865650805538816,,,,,
1083726561296777216,1788251246000-632578958264631296-1083726561296777216,1788251246000,1788253796000,1,28.3,9.696,2.918729372937294,632578958264631296,1788251246000,1083726561296777216,RJ47GA6360,2550000,1788253796000,25.596300314849916,28.29999999998836,0.6499999999996362,9.695568301079513,2.9188593304878694,28.29999999998836,9.695568301079513,1788251246000-632578958264631296-1083726561296777216,,,,,
798236529196531712,1788232098000-632578958264631296-798236529196531712,1788232098000,1788234452000,1,28.27,11.224,2.518709907341411,632578958264631296,1788232098000,798236529196531712,RJ47GA3075,2354000,1788234452000,29.631336493040372,28.27,0.5999999999985448,11.223991095848625,2.5187119054697145,31.20000000001164,11.223991095848625,1788232098000-632578958264631296-798236529196531712,,['900758004205355009'],,900758004205355009,
1500491887742550016,1788222288000-632578958264631296-1500491887742550016,1788222288000,1788225173000,1,28.25,5.267,5.363584583254224,632578958264631296,1788222288000,1500491887742550016,NL01AK3121,2885000,1788225173000,13.904842142570576,28.25,0.75,5.266985660064612,5.363599186190578,28.25,4.629479128023904,1788222288000-632578958264631296-1500491887742550016,,,,,
780122893064339456,1788267067000-632578958264631296-780122893064339456,1788267067000,1788269815000,1,28.249,7.106,3.9753729242893328,632578958264631296,1788267067000,780122893064339456,RJ47GA3065,2748000,1788269815000,18.760912434579133,28.249,0.7000000000007276,7.106406225219368,3.975145679084505,31.699999999953434,7.106406225219368,1788267067000-632578958264631296-780122893064339456,,['900758004201160710'],,900758004201160710,
780452749606125568,1788248751000-632578958264631296-780452749606125568,1788248751000,1788252097000,1,28.232,6.344,4.4501891551071875,632578958264631296,1788248751000,780452749606125568,RJ47GA3192,3346000,1788252097000,16.74929839982345,28.232,0.8499999999985448,6.344431212054337,4.449886689032039,30.400000000023283,6.344431212054338,1788248751000-632578958264631296-780452749606125568,,['900758004167606293'],,900758004167606293,
1050037109068398592,1788225158000-632578958264631296-1050037109068398592,1788225158000,1788229003000,1,28.166,10.51,2.6799238820171265,632578958264631296,1788225158000,1050037109068398592,RJ47GA6246,3845000,1788229003000,27.745815846072375,28.166,1.050000000000182,10.509778729572869,2.679980304508723,29.0,10.509778729572869,1788225158000-632578958264631296-1050037109068398592,,,,,
883046842797916160,1788247046000-632578958264631296-883046842797916160,1788247046000,1788250193000,1,28.115,8.502,3.306868972006586,632578958264631296,1788247046000,883046842797916160,RJ47GA2006,3147000,1788250193000,22.445219434397586,28.115,0.8500000000003638,8.501977058483934,3.3068778951767066,29.125,8.501977058483934,1788247046000-632578958264631296-883046842797916160,,['900758004175994901'],,900758004175994901,
946024601958219776,1788276174000-632578958264631296-946024601958219776,1788276174000,1788279580000,1,28.104,6.728,4.1771700356718195,632578958264631296,1788276174000,946024601958219776,RJ47GA3613,3406000,1788279580000,17.76214718333777,28.104,0.9500000000007276,6.728086054294609,4.177116608379424,29.0,4.526721743758607,1788276174000-632578958264631296-946024601958219776,,,,,
1536014688339361792,1788221735000-632578958264631296-1536014688339361792,1788221735000,1788224216000,1,28.103,11.618,2.418918918918919,632578958264631296,1788221735000,1536014688339361792,RJ47GA8902,2481000,1788224216000,30.6711745844409,28.103,0.6500000000000341,11.617869160773068,2.4189461605306968,,11.617869160773068,1788221735000-632578958264631296-1536014688339361792,,,,,
947452563299500032,1788241061000-632578958264631296-947452563299500032,1788241061000,1788243581000,1,28.097,9.589,2.9301282719783086,632578958264631296,1788241061000,947452563299500032,RJ47GA2721,2520000,1788243581000,25.315513478749985,28.097,0.6500000000014552,9.58920965104166,2.9300642099266097,,9.58920965104166,1788241061000-632578958264631296-947452563299500032,,,,,
871730443827806208,1788268897000-632578958264631296-871730443827806208,1788268897000,1788271645000,1,28.087,8.998,3.1214714380973554,632578958264631296,1788268897000,871730443827806208,RJ47GA4670,2748000,1788271645000,23.754654597264366,28.087,0.7000000000007276,8.997975226236502,3.1214800323191914,29.100000000034925,8.997975226236502,1788268897000-632578958264631296-871730443827806208,,,,,0.0
1083729116835872768,1788241009000-632578958264631296-1083729116835872768,1788241009000,1788243654000,1,28.079,9.566,2.935291657955258,632578958264631296,1788241009000,1083729116835872768,RJ47GA6361,2645000,1788243654000,25.253962022299998,28.079,0.0,9.565894705416666,2.9353239675636753,28.599999999976717,9.565894705416666,1788241009000-632578958264631296-1083729116835872768,,,,,
929717117048061952,1788241189000-632578958264631296-929717117048061952,1788241189000,1788243712000,1,28.067,6.321,4.440278436956178,632578958264631296,1788241189000,929717117048061952,RJ47GA3778,2523000,1788243712000,16.686372851323053,28.067,0.6500000000014552,6.320595777016307,4.440562407433255,27.0,6.320595777016307,1788241189000-632578958264631296-929717117048061952,,,,,
1428367002015105024,1788268733000-632578958264631296-1428367002015105024,1788268733000,1788272313000,1,28.06,5.554,5.0522146200936255,632578958264631296,1788268733000,1428367002015105024,NL01AJ9499,3580000,1788272313000,14.662422312968406,28.06,0.9500000000002728,5.553947845821366,5.052262062761636,28.625,5.553947845821367,1788268733000-632578958264631296-1428367002015105024,,,,,
1135598313102376960,1788256028000-632578958264631296-1135598313102376960,1788256028000,1788259277000,1,28.059,12.674,2.213902477513019,632578958264631296,1788256028000,1135598313102376960,RJ47GA6228,3249000,1788259277000,33.45832789533871,28.059,0.8999999999996362,12.673609051264664,2.213970770796348,29.70000000001164,12.673609051264664,1788256028000-632578958264631296-1135598313102376960,,,,,
1138167953473142784,1788305322000-632578958264631296-1138167953473142784,1788305322000,1788309395000,1,28.036,12.984,2.1592729513247075,632578958264631296,1788305322000,1138167953473142784,RJ47GA6240,4073000,1788309395000,34.27703099182683,28.036,1.1000000000003638,12.983723860540463,2.1593188750113304,29.89999999999418,12.983723860540465,1788305322000-632578958264631296-1138167953473142784,,,,,
947093103351693312,1788303533000-632578958264631296-947093103351693312,1788303533000,1788306994000,1,28.017,9.778,2.8653098793209244,632578958264631296,1788303533000,947093103351693312,RJ47GA3310,3461000,1788306994000,25.81309546792152,28.017,0.9499999999989086,9.777687677243,2.86540140417943,33.125,9.777687677243,1788303533000-632578958264631296-947093103351693312,,,,,
1389243594644127744,1788244137000-632578958264631296-1389243594644127744,1788244137000,1788247086000,1,27.974,11.491,2.4344269428248193,632578958264631296,1788244137000,1389243594644127744,NL01AJ6142,2949000,1788247086000,30.335799022453816,27.974,0.75,11.490832963050687,2.4344623309686697,28.75,11.490832963050687,1788244137000-632578958264631296-1389243594644127744,,,,,
970288452387995648,1788231348000-632578958264631296-970288452387995648,1788231348000,1788234283000,1,27.972,8.651,3.2333834238816324,632578958264631296,1788231348000,970288452387995648,RJ47GA3399,2935000,1788234283000,22.83855330657192,27.972,0.7999999999992724,8.650967161580272,3.2333956975615608,19.0,8.650967161580272,1788231348000-632578958264631296-970288452387995648,,,,,
796706773456125952,1788232496000-632578958264631296-796706773456125952,1788232496000,1788234553000,1,27.969,12.839,2.178440688527144,632578958264631296,1788232496000,796706773456125952,RJ47GA3118,2057000,1788234553000,33.89416184729239,27.969,0.3500000000003638,12.838697669428933,2.178491987283011,,12.838697669428935,1788232496000-632578958264631296-796706773456125952,,['900758004213743618'],,900758004213743618,
1083729116835872768,1788255065000-632578958264631296-1083729116835872768,1788255065000,1788258036000,1,27.943,8.796,3.176784902228286,632578958264631296,1788255065000,1083729116835872768,RJ47GA6361,2971000,1788258036000,23.221759784777074,27.943,0.0,8.796121130597376,3.176741155007525,28.70000000001164,8.796121130597376,1788255065000-632578958264631296-1083729116835872768,,,,,
931856805720489984,1788270592000-632578958264631296-931856805720489984,1788270592000,1788273887000,1,27.89,7.104,3.9259572072072073,632578958264631296,1788270592000,931856805720489984,RJ47GA4708,3295000,1788273887000,18.755067853149534,27.89,0.0,7.104192368617247,3.925850899421588,28.5,7.104192368617247,1788270592000-632578958264631296-931856805720489984,,,,,
1157003119578578944,1788241824000-632578958264631296-1157003119578578944,1788241824000,1788247408000,1,27.883,11.448,2.435621942697414,632578958264631296,1788241824000,1157003119578578944,RJ47GA6242,5584000,1788247408000,30.221908069861232,27.883,1.550000000000182,11.447692450705011,2.4356873771781675,28.29999999998836,11.447692450705011,1788241824000-632578958264631296-1157003119578578944,,,,,
964169792938311680,1788231995000-632578958264631296-964169792938311680,1788231995000,1788234929000,1,27.875,11.247,2.478438694763048,632578958264631296,1788231995000,964169792938311680,RJ47GA2728,2934000,1788234929000,29.693131188856285,27.875,0.75,11.247398177597077,2.4783509536918773,27.875,11.247398177597077,1788231995000-632578958264631296-964169792938311680,,,,,
947104127047958528,1788306950000-632578958264631296-947104127047958528,1788306950000,1788309570000,1,27.862,8.775,3.1751566951566947,632578958264631296,1788306950000,947104127047958528,RJ47GA1393,2620000,1788309570000,23.16642519030244,27.862,0.0,8.775161056932742,3.175098419189453,,0.001,1788306950000-632578958264631296-947104127047958528,,,,,
1505916014645215232,1788253316000-632578958264631296-1505916014645215232,1788253316000,1788255408000,1,27.82,8.877,3.133941646952799,632578958264631296,1788253316000,1505916014645215232,RJ47GA8530,2092000,1788255408000,23.434322966994646,27.82,0.5499999999999545,8.876637487497971,3.1340696338204896,29.410000000003492,8.876637487497971,1788253316000-632578958264631296-1505916014645215232,,,,,
873101078441230336,1788241167000-632578958264631296-873101078441230336,1788241167000,1788247522000,1,27.814,12.254,2.269789456503999,632578958264631296,1788241167000,873101078441230336,RJ14GN0769,6355000,1788247522000,32.35063425589133,27.814,1.6999999999989086,12.254028127231562,2.269784246552383,28.399999999965075,12.254028127231562,1788241167000-632578958264631296-873101078441230336,,,,,0.0
1299087047838924800,1788223902000-632578958264631296-1299087047838924800,1788223902000,1788227361000,1,27.808,11.001,2.5277702027088447,632578958264631296,1788223902000,1299087047838924800,RJ47GA6395,3459000,1788227361000,29.043157570880975,27.808,0.8999999999996362,11.001196049576127,2.5277251559453333,29.0,11.001196049576127,1788223902000-632578958264631296-1299087047838924800,,,,,
1488160320575766528,1788268078000-632578958264631296-1488160320575766528,1788268078000,1788270608000,1,27.75,8.108,3.4225456339417857,632578958264631296,1788268078000,1488160320575766528,NL01AK3103,2530000,1788270608000,21.404584415638656,27.75,0.599999999999909,8.107797127135854,3.4226312726947716,27.75,8.107797127135854,1788268078000-632578958264631296-1488160320575766528,,,,,
1422205318414204928,1788241202000-632578958264631296-1422205318414204928,1788241202000,1788244066000,1,27.709,8.572,3.2325011665888943,632578958264631296,1788241202000,1422205318414204928,NL01AJ9002,2864000,1788244066000,22.629490420313015,27.709,0.7999999999997272,8.57177667436099,3.2325853848806267,28.25,8.57177667436099,1788241202000-632578958264631296-1422205318414204928,,,,,
1536014596580573184,1788253319000-632578958264631296-1536014596580573184,1788253319000,1788255491000,1,27.682,9.455,2.927763088313062,632578958264631296,1788253319000,1536014596580573184,NL01AK9192,2172000,1788255491000,24.961494738277484,27.682,0.5500000000000682,9.455111643286925,2.927728518113698,28.470000000001164,9.455111643286925,1788253319000-632578958264631296-1536014596580573184,,,,,
932333591893901312,1788303067000-632578958264631296-932333591893901312,1788303067000,1788306902000,1,27.647,6.988,3.9563537492844874,632578958264631296,1788303067000,932333591893901312,RJ47GA4639,3835000,1788306902000,18.44849013957289,27.647,0.0,6.988064446807913,3.956317262161042,28.600000000034925,6.988064446807913,1788303067000-632578958264631296-932333591893901312,,,,,
1536014556927623168,1788263601000-632578958264631296-1536014556927623168,1788263601000,1788265958000,1,27.616,9.013,3.064018639742594,632578958264631296,1788263601000,1536014556927623168,NL01AK9196,2357000,1788265958000,23.794423992770266,27.616,0.6000000000000227,9.013039391200858,3.064005248546968,28.389999999999418,9.013039391200858,1788263601000-632578958264631296-1536014556927623168,,,,,
942436996423352320,1788281252000-632578958264631296-942436996423352320,1788281252000,1788285427000,1,27.581,8.698,3.1709588411128995,632578958264631296,1788281252000,942436996423352320,RJ47GA1344,4175000,1788285427000,22.963792828229725,27.581,0.0,8.69840637432944,3.1708106994628906,,0.001,1788281252000-632578958264631296-942436996423352320,,,,,
1471165126924042240,1788290712000-632578958264631296-1471165126924042240,1788290712000,1788294942000,1,27.441,6.76,4.059319526627219,632578958264631296,1788290712000,1471165126924042240,NL01AK2621,4230000,1788294942000,17.84748394579494,27.441,1.150000000000091,6.760410585528387,4.059072988664525,28.0,6.760410585528386,1788290712000-632578958264631296-1471165126924042240,,,,,
1138167953473142784,1788267400000-632578958264631296-1138167953473142784,1788267400000,1788270014000,1,27.421,10.005,2.7407296351824084,632578958264631296,1788267400000,1138167953473142784,RJ47GA6240,2614000,1788270014000,26.4137346506875,27.421,0.6499999999996362,10.005202519199809,2.7406741590067347,29.20000000001164,10.005202519199809,1788267400000-632578958264631296-1138167953473142784,,,,,
1045014601197944832,1788285241000-632578958264631296-1045014601197944832,1788285241000,1788292941000,1,27.418,22.943,1.1950485987011288,632578958264631296,1788285241000,1045014601197944832,RJ47GA5632,7700000,1788292941000,60.56899642423916,27.418,2.100000000000364,22.942801675848166,1.1950589290436513,29.400000000023283,22.942801675848166,1788285241000-632578958264631296-1045014601197944832,"{'confidence': 0, 'count': 2, 'error_code': None, 'flags': {'alta-status': 'present', 'alta_partial': False, 'gps_dup_rows_count': 0}, 'load_class': 'HIGH', 'mean': 78560.67449860339, 'std': 15888.197154306143, 'timestamp': 1788296268238}",,,,
935951856658546688,1788270492000-632578958264631296-935951856658546688,1788270492000,1788272778000,1,27.417,8.426,3.253857108948493,632578958264631296,1788270492000,935951856658546688,RJ47GA4709,2286000,1788272778000,22.245955543609018,27.417,0.5500000000001819,8.426498311973113,3.253664687862514,27.599999999998545,8.426498311973113,1788270492000-632578958264631296-935951856658546688,,,,,
942436996423352320,1788269800000-632578958264631296-942436996423352320,1788269800000,1788273529000,1,27.192,8.592,3.1648044692737427,632578958264631296,1788269800000,942436996423352320,RJ47GA1344,3729000,1788273529000,22.68237428264588,27.192,0.0,8.591808440396166,3.164875030517578,,0.001,1788269800000-632578958264631296-942436996423352320,,,,,
1083728870357598208,1788247049000-632578958264631296-1083728870357598208,1788247049000,1788249675000,1,27.152,11.017,2.464554778977943,632578958264631296,1788247049000,1083728870357598208,RJ47GA6364,2626000,1788249675000,29.085994497167626,27.152,0.6999999999998181,11.01742215801804,2.4644603438600075,28.29999999998836,11.01742215801804,1788247049000-632578958264631296-1083728870357598208,,,,,
869905949161160704,1788228345000-632578958264631296-869905949161160704,1788228345000,1788231756000,1,27.148,11.716,2.317173096620007,632578958264631296,1788228345000,869905949161160704,RJ47GA4504,3411000,1788231756000,30.929040332241193,27.148,0.8999999999996362,11.71554558039439,2.317262974541395,27.800000000046566,11.71554558039439,1788228345000-632578958264631296-869905949161160704,,,,,0.36799999999999217
1478819140813717504,1788280512000-632578958264631296-1478819140813717504,1788280512000,1788286669000,1,27.105,7.729,3.5069219821451676,632578958264631296,1788280512000,1478819140813717504,NL01AK3097,6157000,1788286669000,20.404846115527977,27.105,1.6499999999998636,7.72910837709393,3.5068728082955434,27.125,7.72910837709393,1788280512000-632578958264631296-1478819140813717504,,,,,
1088485622458351616,1788251599000-632578958264631296-1088485622458351616,1788251599000,1788255236000,1,27.1,9.269,2.9237242420973137,632578958264631296,1788251599000,1088485622458351616,RJ47GA5708,3637000,1788255236000,24.46911545477494,27.100000000034925,1.0,9.2686043389299,2.923849050952555,27.100000000034925,9.2686043389299,1788251599000-632578958264631296-1088485622458351616,,,,,
1428031634325635072,1788271726000-632578958264631296-1428031634325635072,1788271726000,1788274455000,1,27.088,6.389,4.239787134136797,632578958264631296,1788271726000,1428031634325635072,NL01AJ9500,2729000,1788274455000,16.866028524382322,27.088,0.7000000000002728,6.388647168326637,4.240021288747285,27.875,6.388647168326637,1788271726000-632578958264631296-1428031634325635072,,,,,
787737136659955712,1788231157000-632578958264631296-787737136659955712,1788231157000,1788234225000,1,27.056,9.183,2.9463138407927696,632578958264631296,1788231157000,787737136659955712,RJ47GA3339,3068000,1788234225000,24.244305410722387,27.056,0.8000000000010914,9.183449019213025,2.94616978255067,30.5,9.183449019213025,1788231157000-632578958264631296-787737136659955712,,['900758004226326539'],,900758004226326539,
927171595435245568,1788227375000-632578958264631296-927171595435245568,1788227375000,1788229962000,1,27.044,12.193,2.2179939309439844,632578958264631296,1788227375000,927171595435245568,RJ47GA3670,2587000,1788229962000,32.1907677983205,27.044,0.0,12.193472650878977,2.217907955700422,25.625,12.193472650878977,1788227375000-632578958264631296-927171595435245568,,,,,
947104127047958528,1788264869000-632578958264631296-947104127047958528,1788264869000,1788267470000,1,27.02,8.545,3.1620830895260386,632578958264631296,1788264869000,947104127047958528,RJ47GA1393,2601000,1788267470000,22.557605596376202,27.02,0.0,8.544547574384925,3.162250518798828,,0.001,1788264869000-632578958264631296-947104127047958528,,,,,
1101524127430213632,1788258772000-632578958264631296-1101524127430213632,1788258772000,1788262756000,1,26.869,14.03,1.9151104775481114,632578958264631296,1788258772000,1101524127430213632,RJ47GA3640,3984000,1788262756000,37.03973085021911,26.869,1.0500000000010914,14.03020107962845,1.9150830303503783,26.25,14.03020107962845,1788258772000-632578958264631296-1101524127430213632,,,,,
946026878085365760,1788234583000-632578958264631296-946026878085365760,1788234583000,1788236791000,1,26.845,9.361,2.867749172096998,632578958264631296,1788234583000,946026878085365760,RJ47GA4715,2208000,1788236791000,24.71367634046016,26.845,0.6000000000003638,9.361241038053091,2.867675331815097,27.39999999999418,9.361241038053091,1788234583000-632578958264631296-946026878085365760,,,,,
780122893064339456,1788270405000-632578958264631296-780122893064339456,1788270405000,1788272966000,1,26.84,9.023,2.9746204144962873,632578958264631296,1788270405000,780122893064339456,RJ47GA3065,2561000,1788272966000,23.821299313645962,26.84,0.6499999999996362,9.023219436987107,2.9745480742693755,29.900000000023283,9.023219436987107,1788270405000-632578958264631296-780122893064339456,,['900758004201160710'],,900758004201160710,
946024601958219776,1788272354000-632578958264631296-946024601958219776,1788272354000,1788274535000,1,26.835,6.377,4.208091579112436,632578958264631296,1788272354000,946024601958219776,RJ47GA3613,2181000,1788274535000,16.836298004129954,26.835,0.6000000000003638,6.377385607624983,4.2078371375121675,27.375,4.238433532425523,1788272354000-632578958264631296-946024601958219776,,,,,
939547417898909696,1788253950000-632578958264631296-939547417898909696,1788253950000,1788256781000,1,26.821,12.026,2.23025112256777,632578958264631296,1788253950000,939547417898909696,RJ14GN1565,2831000,1788256781000,31.748071881958236,26.821,0.75,12.025784803772058,2.2302910319488847,27.70000000001164,12.02578480377206,1788253950000-632578958264631296-939547417898909696,,,,,
1175796546902425600,1788239523000-632578958264631296-1175796546902425600,1788239523000,1788242313000,1,26.815,9.506,2.8208499894803283,632578958264631296,1788239523000,1175796546902425600,RJ47GA6338,2790000,1788242313000,25.09576477630161,26.815,0.6999999999998181,9.505971506174852,2.820858444881895,26.5,9.505971506174852,1788239523000-632578958264631296-1175796546902425600,,,,,
1536014609964597248,1788229506000-632578958264631296-1536014609964597248,1788229506000,1788232408000,1,26.806,5.661,4.735205794029324,632578958264631296,1788229506000,1536014609964597248,NL01AK9197,2902000,1788232408000,14.945050790692497,26.806,0.75,5.661004087383521,4.735202375094832,27.364999999997963,5.661004087383521,1788229506000-632578958264631296-1536014609964597248,,,,,
946033927888306176,1788235428000-632578958264631296-946033927888306176,1788235428000,1788237597000,1,26.803,12.589,2.129080943680991,632578958264631296,1788235428000,946033927888306176,RJ47GA3780,2169000,1788237597000,33.23573404532319,26.803,0.5500000000010914,12.589293198986057,2.129031358341763,27.375,12.589293198986057,1788235428000-632578958264631296-946033927888306176,,,,,
1067776196789403648,1788229483000-632578958264631296-1067776196789403648,1788229483000,1788233399000,1,26.739,13.932,1.919250645994832,632578958264631296,1788229483000,1067776196789403648,RJ47GA6412,3916000,1788233399000,36.78144712093054,26.739,0.0,13.93236633368581,1.9192001817631072,27.10000000000582,13.93236633368581,1788229483000-632578958264631296-1067776196789403648,,,,,
1181299462874595328,1788242281000-632578958264631296-1181299462874595328,1788242281000,1788247723000,1,26.724,10.073,2.6530328601211157,632578958264631296,1788242281000,1181299462874595328,RJ47GA5941,5442000,1788247723000,26.59258396627269,26.724,1.5,10.072948472072989,2.6530464316472635,25.099999999976717,10.072948472072989,1788242281000-632578958264631296-1181299462874595328,,,,,
929707161364201472,1788284449000-632578958264631296-929707161364201472,1788284449000,1788289356000,1,26.723,7.188,3.717723984418475,632578958264631296,1788284449000,929707161364201472,RJ47GA3515,4907000,1788289356000,18.976814507951058,26.723,1.3500000000003638,7.188187313617824,3.7176271059845654,28.625,7.188187313617824,1788284449000-632578958264631296-929707161364201472,,,,,
873568577507033088,1788277641000-632578958264631296-873568577507033088,1788277641000,1788279969000,1,26.695,4.622,5.775638251839031,632578958264631296,1788277641000,873568577507033088,RJ14GN1578,2328000,1788279969000,12.202479639038865,26.695,0.6000000000003638,4.622151378423812,5.775449095979888,27.399999999965075,4.622151378423812,1788277641000-632578958264631296-873568577507033088,,,,,0.0
935951856658546688,1788240079000-632578958264631296-935951856658546688,1788240079000,1788243533000,1,26.577,10.71,2.481512605042017,632578958264631296,1788240079000,935951856658546688,RJ47GA4709,3454000,1788243533000,28.274446390192566,26.577,0.8999999999996362,10.710017572042638,2.481508533597222,26.900000000001455,10.710017572042638,1788240079000-632578958264631296-935951856658546688,,,,,
1175796546902425600,1788221142000-632578958264631296-1175796546902425600,1788221142000,1788224160000,1,26.566,12.351,2.1509189539308555,632578958264631296,1788221142000,1175796546902425600,RJ47GA6338,3018000,1788224160000,32.60629073777722,26.566,0.8000000000001819,12.350867703703493,2.1509419934952425,27.70000000001164,12.350867703703493,1788221142000-632578958264631296-1175796546902425600,,,,,
1101524127430213632,1788232873000-632578958264631296-1101524127430213632,1788232873000,1788235438000,1,26.549,12.561,2.1136056046493112,632578958264631296,1788232873000,1101524127430213632,RJ47GA3640,2565000,1788235438000,33.16042177566015,26.549,0.6000000000003638,12.560765824113693,2.113645009528974,27.25,12.560765824113695,1788232873000-632578958264631296-1101524127430213632,,,,,
1067775012183736320,1788241608000-632578958264631296-1067775012183736320,1788241608000,1788244070000,1,26.529,11.444,2.3181579867179307,632578958264631296,1788241608000,1067775012183736320,RJ47GA3615,2462000,1788244070000,30.21300874687387,26.529,0.6499999999996362,11.444321495027982,2.318092864791119,31.875,11.444321495027982,1788241608000-632578958264631296-1067775012183736320,,,,,
1464286808345935872,1788252602000-632578958264631296-1464286808345935872,1788252602000,1788255921000,1,26.5,10.104,2.6227236737925574,632578958264631296,1788252602000,1464286808345935872,NL01AK1960,3319000,1788255921000,26.674383152125294,26.5,0.900000000000091,10.103933012168671,2.622741062127463,27.125,10.103933012168671,1788252602000-632578958264631296-1464286808345935872,,,,,
860146891080335360,1788232624000-632578958264631296-860146891080335360,1788232624000,1788235088000,1,26.482,8.285,3.1963789981894988,632578958264631296,1788232624000,860146891080335360,RJ47GA3610,2464000,1788235088000,21.87144909839239,26.482,0.6500000000014552,8.284639809997117,3.19651796666453,26.5,8.284639809997117,1788232624000-632578958264631296-860146891080335360,,,,,
870309644059279360,1788224221000-632578958264631296-870309644059279360,1788224221000,1788226379000,1,26.452,9.569,2.7643431915560663,632578958264631296,1788224221000,870309644059279360,RJ47GA4518,2158000,1788226379000,25.262755484032944,26.452,0.5,9.56922556213369,2.764278031513126,26.800000000046566,9.56922556213369,1788224221000-632578958264631296-870309644059279360,,,,,0.0
1454186236603269120,1788224157000-632578958264631296-1454186236603269120,1788224157000,1788226357000,1,26.447,9.802,2.6981228320750867,632578958264631296,1788224157000,1454186236603269120,Rj47GA5305,2200000,1788226357000,25.87798448028698,26.447,0.5500000000010914,9.802266848593552,2.6980493806689894,27.400000000023283,9.802266848593552,1788224157000-632578958264631296-1454186236603269120,,,,,
932302785804763136,1788231686000-632578958264631296-932302785804763136,1788231686000,1788234643000,1,26.4,11.825,2.2325581395348837,632578958264631296,1788231686000,932302785804763136,RJ47GA4681,2957000,1788234643000,31.21928999317457,26.400000000023283,0.7999999999992724,11.825488633778246,2.232465889368368,26.400000000023283,11.825488633778248,1788231686000-632578958264631296-932302785804763136,,,,,
1083726740557135872,1788223704000-632578958264631296-1083726740557135872,1788223704000,1788227488000,1,26.249,12.59,2.0849086576648133,632578958264631296,1788223704000,1083726740557135872,RJ47GA6380,3784000,1788227488000,33.237277647985366,26.249,0.9000000000005457,12.589877896964154,2.084928878168828,27.70000000001164,12.589877896964154,1788223704000-632578958264631296-1083726740557135872,,,,,
1294723291725955072,1788238660000-632578958264631296-1294723291725955072,1788238660000,1788241722000,1,26.212,14.299,1.833135184278621,632578958264631296,1788238660000,1294723291725955072,NL01AH7658,3062000,1788241722000,37.74807754002859,26.212,0.8499999999994543,14.2985142197078,1.8331974635428703,26.75,14.2985142197078,1788238660000-632578958264631296-1294723291725955072,,,,,
942469459329679360,1788221539000-632578958264631296-942469459329679360,1788221539000,1788224757000,1,26.164,11.287,2.318065030566138,632578958264631296,1788221539000,942469459329679360,RJ47GA3438,3218000,1788224757000,29.79863725362053,26.164,0.6500000000014552,11.287362596068382,2.317990564874159,26.125,11.287362596068382,1788221539000-632578958264631296-942469459329679360,,,,,
932335222958063616,1788258852000-632578958264631296-932335222958063616,1788258852000,1788261027000,1,26.121,6.845,3.8160701241782324,632578958264631296,1788258852000,932335222958063616,RJ47GA4718,2175000,1788261027000,18.071121690712236,26.121,0.5500000000010914,6.845121852542514,3.816002192904391,26.79999999998836,6.845121852542514,1788258852000-632578958264631296-932335222958063616,,,,,
1464286808345935872,1788235228000-632578958264631296-1464286808345935872,1788235228000,1788237399000,1,26.115,7.904,3.3040232793522266,632578958264631296,1788235228000,1464286808345935872,NL01AK1960,2171000,1788237399000,20.865853670827562,26.115,0.599999999999909,7.903732451071045,3.304135123711218,26.5,7.903732451071045,1788235228000-632578958264631296-1464286808345935872,,,,,
1083726789898928128,1788271039000-632578958264631296-1083726789898928128,1788271039000,1788273657000,1,26.094,12.377,2.108265330855619,632578958264631296,1788271039000,1083726789898928128,RJ47GA6312,2618000,1788273657000,32.67528304508189,26.094,0.7000000000007276,12.377001153440109,2.108265134381711,27.60000000000582,12.377001153440109,1788271039000-632578958264631296-1083726789898928128,,,,,
870286624469024768,1788277807000-632578958264631296-870286624469024768,1788277807000,1788281010000,1,26.088,7.32,3.5639344262295083,632578958264631296,1788277807000,870286624469024768,RJ47GA4517,3203000,1788281010000,19.324174520422368,26.088,0.8000000000000114,7.319763075917563,3.5640497826809456,,7.319763075917563,1788277807000-632578958264631296-870286624469024768,,,,,0.0
1067775323560476672,1788240955000-632578958264631296-1067775323560476672,1788240955000,1788243489000,1,26.085,5.684,4.589197748064743,632578958264631296,1788240955000,1067775323560476672,RJ14GP9558,2534000,1788243489000,15.005476534664963,26.085,0.6999999999998181,5.683892626767031,4.589284441644531,26.5,5.683892626767031,1788240955000-632578958264631296-1067775323560476672,,,,,
1536014730089463808,1788226200000-632578958264631296-1536014730089463808,1788226200000,1788230606000,1,26.046,11.451,2.27456117369662,632578958264631296,1788226200000,1536014730089463808,RJ47GA8943,4406000,1788230606000,30.229351057802166,26.046,1.150000000000034,11.450511764319002,2.2746581581761327,,11.450511764319002,1788226200000-632578958264631296-1536014730089463808,,,,,
1536427445069021184,1788283872000-632578958264631296-1536427445069021184,1788283872000,1788286134000,1,25.998,7.783,3.3403571887447,632578958264631296,1788283872000,1536427445069021184,NL01AK8053,2262000,1788286134000,20.54772862463767,25.998,0.599999999999909,7.783230539635481,3.3402582472158904,26.729999999999563,7.783230539635481,1788283872000-632578958264631296-1536427445069021184,,,,,
929717117048061952,1788238245000-632578958264631296-929717117048061952,1788238245000,1788240795000,1,25.995,5.707,4.554932538987209,632578958264631296,1788238245000,929717117048061952,RJ47GA3778,2550000,1788240795000,15.065343038629287,25.995,0.6499999999996362,5.706569332814124,4.55527629367834,24.875,5.706569332814124,1788238245000-632578958264631296-929717117048061952,,,,,
871730443827806208,1788232418000-632578958264631296-871730443827806208,1788232418000,1788234413000,1,25.97,4.06,6.3965517241379315,632578958264631296,1788232418000,871730443827806208,RJ47GA4670,1995000,1788234413000,10.717786438432507,25.97,0.5,4.059767590315343,6.39691790780141,26.70000000001164,4.059767590315343,1788232418000-632578958264631296-871730443827806208,,,,,0.0
1064532839803912192,1788230912000-632578958264631296-1064532839803912192,1788230912000,1788233259000,1,25.931,9.086,2.8539511336121506,632578958264631296,1788230912000,1064532839803912192,RJ47GA3903,2347000,1788233259000,23.986587185551823,25.931,0.6499999999996362,9.08582847937569,2.8540050099847125,26.5,9.08582847937569,1788230912000-632578958264631296-1064532839803912192,,,,,
1536014618822967296,1788262214000-632578958264631296-1536014618822967296,1788262214000,1788265211000,1,25.882,9.672,2.675971877584781,632578958264631296,1788262214000,1536014618822967296,NL01AK9203,2997000,1788265211000,25.534179292993045,25.882,0.7999999999999545,9.672037610982214,2.675961471718433,26.610000000000582,9.672037610982214,1788262214000-632578958264631296-1536014618822967296,,,,,
1501933614227521536,1788234769000-632578958264631296-1501933614227521536,1788234769000,1788237333000,1,25.851,10.496,2.462938262195122,632578958264631296,1788234769000,1501933614227521536,NL01AK3126,2564000,1788237333000,27.709931818138102,25.851,0.6499999999998636,10.49618629474928,2.4628945479875837,25.5,10.49618629474928,1788234769000-632578958264631296-1501933614227521536,,,,,
1441118393376702464,1788252269000-632578958264631296-1441118393376702464,1788252269000,1788255323000,1,25.805,5.883,4.386367499575047,632578958264631296,1788252269000,1441118393376702464,NL01AG9419,3054000,1788255323000,15.529810780575264,25.805,0.8000000000001819,5.882504083551236,4.386737286278543,27.300000000017462,5.882504083551236,1788252269000-632578958264631296-1441118393376702464,,,,,
871764525957775360,1788236846000-632578958264631296-871764525957775360,1788236846000,1788239945000,1,25.753,9.612,2.6792550977944236,632578958264631296,1788236846000,871764525957775360,RJ47GA4671,3099000,1788239945000,25.376471882260777,25.753,0.8000000000010914,9.61229995540181,2.6791714906407624,27.100000000034925,9.61229995540181,1788236846000-632578958264631296-871764525957775360,,,,,2.461255179665513
1211337321434054656,1788223520000-632578958264631296-1211337321434054656,1788223520000,1788228012000,1,25.713,12.012,2.1406093906093906,632578958264631296,1788223520000,1211337321434054656,RJ47GA3107,4492000,1788228012000,31.710509928112597,25.713,1.199999999999818,12.01155679095174,2.1406883759954836,30.600000000034925,12.01155679095174,1788223520000-632578958264631296-1211337321434054656,,,,,
1067775201233600512,1788224104000-632578958264631296-1067775201233600512,1788224104000,1788227783000,1,25.708,15.727,1.6346410631398232,632578958264631296,1788224104000,1067775201233600512,RJ47GA3826,3679000,1788227783000,41.5191570384656,25.708,1.0,15.726953423661213,1.6346459042297596,27.625,15.726953423661213,1788224104000-632578958264631296-1067775201233600512,,,,,
1073994678560358400,1788237965000-632578958264631296-1073994678560358400,1788237965000,1788241050000,1,25.705,12.24,2.100081699346405,632578958264631296,1788237965000,1073994678560358400,RJ47GA5628,3085000,1788241050000,32.314765612608426,25.705,0.7999999999992724,12.240441519927433,2.1000059481639015,26.70000000001164,12.240441519927433,1788237965000-632578958264631296-1073994678560358400,,,,,
1083726988146900992,1788265629000-632578958264631296-1083726988146900992,1788265629000,1788267590000,1,25.7,7.657,3.3564059030952067,632578958264631296,1788265629000,1083726988146900992,RJ47GA6307,1961000,1788267590000,20.213262351946568,25.699999999982538,0.5,7.65653876967673,3.356608093172057,25.699999999982538,7.65653876967673,1788265629000-632578958264631296-1083726988146900992,,,,,
873821465244336128,1788250502000-632578958264631296-873821465244336128,1788250502000,1788255424000,1,25.685,7.56,3.3974867724867726,632578958264631296,1788250502000,873821465244336128,RJ14GN1590,4922000,1788255424000,19.957460381193787,25.685,1.2999999999992724,7.559644083785525,3.3976467298362705,26.29999999998836,7.559644083785526,1788250502000-632578958264631296-873821465244336128,,,,,0.0
857602255610707968,1788302398000-632578958264631296-857602255610707968,1788302398000,1788304707000,1,25.611,6.805,3.7635562086700958,632578958264631296,1788302398000,857602255610707968,RJ47GA4334,2309000,1788304707000,17.965257370855507,25.611,0.6000000000003638,6.805021731384661,3.763544190003456,26.5,6.805021731384661,1788302398000-632578958264631296-857602255610707968,,['900758004230520839'],,900758004230520839,0.18399999999999608
916722872880201728,1788229506000-632578958264631296-916722872880201728,1788229506000,1788232516000,1,25.548,10.733,2.380322370259946,632578958264631296,1788229506000,916722872880201728,RJ47GA2142,3010000,1788232516000,28.33505645905457,25.548,0.8500000000003638,10.732975931460064,2.3803277080976892,27.5,10.732975931460064,1788229506000-632578958264631296-916722872880201728,,,,,
947104748366987264,1788270672000-632578958264631296-947104748366987264,1788270672000,1788273535000,1,25.479,5.256,4.847602739726027,632578958264631296,1788270672000,947104748366987264,RJ47GA2627,2863000,1788273535000,13.87634181154154,25.479,0.7999999999997272,5.256190080129371,4.847427435381652,29.625,4.3779442212548325,1788270672000-632578958264631296-947104748366987264,,,,,
780452749606125568,1788270965000-632578958264631296-780452749606125568,1788270965000,1788273641000,1,25.476,5.472,4.655701754385964,632578958264631296,1788270965000,780452749606125568,RJ47GA3192,2676000,1788273641000,14.446337661625078,25.476,0.6499999999996362,5.472097599100408,4.655618716337982,28.5,5.472097599100408,1788270965000-632578958264631296-780452749606125568,,['900758004167606293'],,900758004167606293,
935627425390264320,1788233751000-632578958264631296-935627425390264320,1788233751000,1788235905000,1,25.422,8.849,2.872866990620409,632578958264631296,1788233751000,935627425390264320,RJ47GA4714,2154000,1788235905000,23.361887241121725,25.422,0.6000000000003638,8.849199712546108,2.872802154522235,26.30000000000291,8.849199712546108,1788233751000-632578958264631296-935627425390264320,,,,,
942436996423352320,1788257230000-632578958264631296-942436996423352320,1788257230000,1788260109000,1,25.417,8.1,3.1379012345679014,632578958264631296,1788257230000,942436996423352320,RJ47GA1344,2879000,1788260109000,21.384753428314042,25.417,0.0,8.100285389512894,3.137790679931641,,0.001,1788257230000-632578958264631296-942436996423352320,,,,,
1475453057469775872,1788267357000-632578958264631296-1475453057469775872,1788267357000,1788270078000,1,25.408,8.334,3.0487161027117833,632578958264631296,1788267357000,1475453057469775872,NL01AK3037,2721000,1788270078000,22.001174904817766,25.408,0.7000000000002728,8.333778373037033,3.048797179704781,26.875,8.333778373037033,1788267357000-632578958264631296-1475453057469775872,,,,,
1428031634325635072,1788268632000-632578958264631296-1428031634325635072,1788268632000,1788271489000,1,25.339,4.585,5.526499454743729,632578958264631296,1788268632000,1428031634325635072,NL01AJ9500,2857000,1788271489000,12.104961133371777,25.339,0.75,4.585212550519612,5.526243270255486,25.75,4.585212550519612,1788268632000-632578958264631296-1428031634325635072,,,,,
931892603408875520,1788249715000-632578958264631296-931892603408875520,1788249715000,1788251803000,1,25.276,6.872,3.678114086146682,632578958264631296,1788249715000,931892603408875520,RJ14GN0974,2088000,1788251803000,18.142949003968052,25.276,0.0,6.872329168169716,3.6779379132579693,25.79999999998836,6.872329168169716,1788249715000-632578958264631296-931892603408875520,,,,,
784445514740400128,1788242390000-632578958264631296-784445514740400128,1788242390000,1788245333000,1,25.275,9.765,2.5883256528417817,632578958264631296,1788242390000,784445514740400128,RJ47GA3182,2943000,1788245333000,25.78024170478376,25.275,0.75,9.765243069993847,2.5882612259456974,27.800000000046566,9.765243069993847,1788242390000-632578958264631296-784445514740400128,,,,,
1079026604165824512,1788223855000-632578958264631296-1079026604165824512,1788223855000,1788226753000,1,25.164,4.307,5.842581843510564,632578958264631296,1788223855000,1079026604165824512,RJ47GA5876,2898000,1788226753000,11.370632875068234,25.164,0.75,4.3070579072228155,5.842503291585813,25.79999999998836,4.3070579072228155,1788223855000-632578958264631296-1079026604165824512,,,,,
1181299462874595328,1788251589000-632578958264631296-1181299462874595328,1788251589000,1788253730000,1,25.076,6.476,3.872143298332304,632578958264631296,1788251589000,1181299462874595328,RJ47GA5941,2141000,1788253730000,17.096271351660345,25.076,0.5499999999992724,6.4758603604774025,3.8722267936845056,23.300000000017462,6.4758603604774025,1788251589000-632578958264631296-1181299462874595328,,,,,
1571542304466927616,1788239241000-632578958264631296-1571542304466927616,1788239241000,1788241439000,1,25.027,4.586,5.457261229829917,632578958264631296,1788239241000,1571542304466927616,NL01AL0746,2198000,1788241439000,12.107871093596096,25.027,0.6000000000000227,4.586314808180339,5.456886639216483,25.5099999999984,4.586314808180339,1788239241000-632578958264631296-1571542304466927616,,,,,
1465365829724930048,1788241698000-632578958264631296-1465365829724930048,1788241698000,1788243815000,1,25.014,8.841,2.829317950458093,632578958264631296,1788241698000,1465365829724930048,RJ14GQ0815,2117000,1788243815000,23.3391580299392,25.014,0.5499999999992724,8.840590162855756,2.8294491136007807,26.10000000000582,8.840590162855756,1788241698000-632578958264631296-1465365829724930048,,,,,
1294723291725955072,1788262154000-632578958264631296-1294723291725955072,1788262154000,1788264449000,1,24.982,10.296,2.4263791763791764,632578958264631296,1788262154000,1294723291725955072,NL01AH7658,2295000,1788264449000,27.18254015144147,24.982,0.6500000000005457,10.296416724030859,2.4262809742047815,24.875,10.296416724030859,1788262154000-632578958264631296-1294723291725955072,,,,,
870575606247456768,1788225372000-632578958264631296-870575606247456768,1788225372000,1788228044000,1,24.859,8.133,3.0565596950694705,632578958264631296,1788225372000,870575606247456768,RJ47GA4668,2672000,1788228044000,21.471435136021714,24.859,0.6999999999989086,8.133119369705195,3.0565148339758204,25.79999999998836,8.133119369705195,1788225372000-632578958264631296-870575606247456768,,,,,0.0
1134877765846171648,1788306248000-632578958264631296-1134877765846171648,1788306248000,1788309066000,1,24.815,11.045,2.2467179719330015,632578958264631296,1788306248000,1134877765846171648,RJ47GA6215,2818000,1788309066000,29.158335877652803,24.815,0.75,11.044824196080606,2.2467537336452956,25.89999999999418,11.044824196080606,1788306248000-632578958264631296-1134877765846171648,,,,,
935951856658546688,1788261248000-632578958264631296-935951856658546688,1788261248000,1788263640000,1,24.807,10.18,2.436836935166994,632578958264631296,1788261248000,935951856658546688,RJ47GA4709,2392000,1788263640000,26.873883421251723,24.807,0.6000000000003638,10.179501295928683,2.4369563182748077,24.80000000000291,10.179501295928684,1788261248000-632578958264631296-935951856658546688,,,,,
1131239137144209408,1788273947000-632578958264631296-1131239137144209408,1788273947000,1788277391000,1,24.75,11.02,2.2459165154264973,632578958264631296,1788273947000,1131239137144209408,RJ47GA6176,3444000,1788277391000,29.093612120321268,24.75,0.0,11.020307621333814,2.2458538228177383,25.89999999999418,11.020307621333814,1788273947000-632578958264631296-1131239137144209408,,,,,
1471165285556813824,1788268930000-632578958264631296-1471165285556813824,1788268930000,1788271623000,1,24.75,7.119,3.47661188369153,632578958264631296,1788268930000,1471165285556813824,NL01AK2623,2693000,1788271623000,18.793257037270784,24.75,0.7000000000002728,7.118657968663176,3.476778925037726,24.75,7.118657968663176,1788268930000-632578958264631296-1471165285556813824,,,,,
1428064485414797312,1788263178000-632578958264631296-1428064485414797312,1788263178000,1788266269000,1,24.637,18.076,1.3629674706793538,632578958264631296,1788263178000,1428064485414797312,NL01AJ9496,3091000,1788266269000,47.72155007785598,24.637,0.8000000000001819,18.076344726460597,1.3629414780929552,25.5,18.076344726460597,1788263178000-632578958264631296-1428064485414797312,,,,,
1396881508228136960,1788246816000-632578958264631296-1396881508228136960,1788246816000,1788249362000,1,24.564,7.788,3.1540832049306626,632578958264631296,1788246816000,1396881508228136960,NL01AJ6925,2546000,1788249362000,20.561306901178725,24.564,0.6499999999996362,7.788373826204062,3.1539318153109415,25.125,7.7883738262040625,1788246816000-632578958264631296-1396881508228136960,,,,,
1363836271826305024,1788245901000-632578958264631296-1363836271826305024,1788245901000,1788248302000,1,24.5,9.067,2.702106540200728,632578958264631296,1788245901000,1363836271826305024,NL01AJ4205,2401000,1788248302000,23.937796750276572,24.5,0.650000000000091,9.06734725389264,2.7020030571214835,24.5,9.06734725389264,1788245901000-632578958264631296-1363836271826305024,,,,,
1042868881099587584,1788232715000-632578958264631296-1042868881099587584,1788232715000,1788235190000,1,24.379,12.371,1.970657182119473,632578958264631296,1788232715000,1042868881099587584,RJ47GA5629,2475000,1788235190000,32.66044635089055,24.379,0.6499999999996362,12.371381193519147,1.9705964611915077,25.300000000046566,12.371381193519147,1788232715000-632578958264631296-1042868881099587584,,,,,
951557397191589888,1788249271000-632578958264631296-951557397191589888,1788249271000,1788252627000,1,24.321,14.946,1.6272581292653554,632578958264631296,1788249271000,951557397191589888,RJ47GA3883,3356000,1788252627000,39.45872716860904,24.321,0.8999999999996362,14.94648756386706,1.6272050470771278,24.25,14.94648756386706,1788249271000-632578958264631296-951557397191589888,,,,,
944591832124227584,1788264868000-632578958264631296-944591832124227584,1788264868000,1788267885000,1,24.255,12.75,1.9023529411764706,632578958264631296,1788264868000,944591832124227584,RJ47GA3458,3017000,1788267885000,33.65957711249886,24.255,0.7999999999992724,12.749839815340478,1.9023768416930722,23.625,12.749839815340478,1788264868000-632578958264631296-944591832124227584,,,,,
1471165285556813824,1788236409000-632578958264631296-1471165285556813824,1788236409000,1788238540000,1,24.206,7.628,3.1733088620870475,632578958264631296,1788236409000,1471165285556813824,NL01AK2623,2131000,1788238540000,20.1389890272,24.206,0.5500000000001819,7.628404934545455,3.173140415027317,25.25,7.628404934545456,1788236409000-632578958264631296-1471165285556813824,,,,,
877447567619653632,1788275007000-632578958264631296-877447567619653632,1788275007000,1788277915000,1,24.2,7.58,3.192612137203166,632578958264631296,1788275007000,877447567619653632,RJ14GN1570,2908000,1788277915000,20.00994668249461,24.20000000001164,0.6999999999989086,7.579525258520686,3.192812105587575,24.20000000001164,7.579525258520686,1788275007000-632578958264631296-877447567619653632,,,,,0.0
1094956363722784768,1788221042000-632578958264631296-1094956363722784768,1788221042000,1788223880000,1,24.181,8.864,2.7280009025270755,632578958264631296,1788221042000,1094956363722784768,RJ47GA5978,2838000,1788223880000,23.40096000000369,24.181,0.75,8.864000000001397,2.728000902526646,25.369999999995343,8.864000000001397,1788221042000-632578958264631296-1094956363722784768,,,,,
1046442514266980352,1788221172000-632578958264631296-1046442514266980352,1788221172000,1788223889000,1,24.051,8.837,2.721624985854928,632578958264631296,1788221172000,1046442514266980352,RJ47GA3809,2717000,1788223889000,23.330385804437974,24.051,0.0,8.837267350165899,2.721542649668565,23.75,8.837267350165899,1788221172000-632578958264631296-1046442514266980352,,,,,
870286624469024768,1788244505000-632578958264631296-870286624469024768,1788244505000,1788247757000,1,24.005,8.526,2.8155055125498474,632578958264631296,1788244505000,870286624469024768,RJ47GA4517,3252000,1788247757000,22.509083881953348,24.005,0.8500000000000085,8.526168137103541,2.815449990428506,,8.526168137103541,1788244505000-632578958264631296-870286624469024768,,,,,0.0
940245549137788928,1788265256000-632578958264631296-940245549137788928,1788265256000,1788267726000,1,23.999,7.266,3.302917698871456,632578958264631296,1788265256000,940245549137788928,RJ47GA4673,2470000,1788267726000,19.181926374324718,23.999,0.6999999999998181,7.265881202395726,3.302971701778854,25.0,7.265881202395726,1788265256000-632578958264631296-940245549137788928,,,,,
1152270135390633984,1788269841000-902855557075959808-1152270135390633984,1788269841000,1788272524000,1,23.993,8.359,2.8703194161981096,902855557075959808,1788269841000,1152270135390633984,RJ47GA6196,2683000,1788272524000,22.067579817010316,23.993,0.6999999999998181,8.358931748867544,2.8703428525122883,24.20000000001164,8.358931748867544,1788269841000-902855557075959808-1152270135390633984,,,,,
947583099720433664,1788271541000-632578958264631296-947583099720433664,1788271541000,1788274254000,1,23.982,6.685,3.587434554973822,632578958264631296,1788271541000,947583099720433664,RJ47GA2689,2713000,1788274254000,17.64965012805018,23.982,0.7000000000007276,6.685473533352341,3.587180456307116,26.375,6.685473533352341,1788271541000-632578958264631296-947583099720433664,,,,,
1050037649940676608,1788243253000-632578958264631296-1050037649940676608,1788243253000,1788247482000,1,23.97,7.426,3.2278481012658227,632578958264631296,1788243253000,1050037649940676608,RJ47GA6280,4229000,1788247482000,19.60426704595466,23.97,1.1500000000005457,7.42585872952828,3.227909508254632,25.0,7.42585872952828,1788243253000-632578958264631296-1050037649940676608,,,,,
1132636093246603264,1788241906000-632578958264631296-1132636093246603264,1788241906000,1788244035000,1,23.946,8.34,2.871223021582734,632578958264631296,1788241906000,1132636093246603264,NL01AJ4206,2129000,1788244035000,22.016534081293322,23.946,0.599999999999909,8.339596242914137,2.871362030307652,24.125,8.339596242914137,1788241906000-632578958264631296-1132636093246603264,,,,,
1188192864341852160,1788232568000-632578958264631296-1188192864341852160,1788232568000,1788235125000,1,23.933,5.049,4.740146563675975,632578958264631296,1788232568000,1188192864341852160,RJ47GA6479,2557000,1788235125000,13.328642089119656,23.933,0.6500000000005457,5.048728064060476,4.740401878716303,25.199999999982538,5.048728064060476,1788232568000-632578958264631296-1188192864341852160,,,,,
970288452387995648,1788265544000-632578958264631296-970288452387995648,1788265544000,1788268167000,1,23.921,6.558,3.647605977432144,632578958264631296,1788265544000,970288452387995648,RJ47GA3399,2623000,1788268167000,17.312992792015063,23.921,0.7000000000007276,6.557951815157221,3.647632778379375,15.75,6.557951815157221,1788265544000-632578958264631296-970288452387995648,,,,,
1067775063052255232,1788238339000-632578958264631296-1067775063052255232,1788238339000,1788241088000,1,23.886,9.056,2.637588339222615,632578958264631296,1788238339000,1067775063052255232,RJ47GA3725,2749000,1788241088000,23.907466476811194,23.886,0.75,9.055858513943633,2.637629548123114,25.0,9.055858513943633,1788238339000-632578958264631296-1067775063052255232,,,,,
938500415001985024,1788229513000-632578958264631296-938500415001985024,1788229513000,1788231950000,1,23.867,6.862,3.478140483823958,632578958264631296,1788229513000,938500415001985024,RJ47GA1435,2437000,1788231950000,18.11495798326406,23.867,0.0,6.8617265088121435,3.4782791137695312,,0.001,1788229513000-632578958264631296-938500415001985024,,,,,
1525559056574447616,1788234611000-632578958264631296-1525559056574447616,1788234611000,1788236463000,1,23.844,7.989,2.9846038302666167,632578958264631296,1788234611000,1525559056574447616,NL01AK6560,1852000,1788236463000,21.09070412867366,23.844,0.5,7.9889030790430535,2.9846400393251664,25.0,7.988903079043053,1788234611000-632578958264631296-1525559056574447616,,,,,
1056588446363025408,1788251303000-632578958264631296-1056588446363025408,1788251303000,1788255994000,1,23.83,9.531,2.5002623019620183,632578958264631296,1788251303000,1056588446363025408,RJ47GA3530,4691000,1788255994000,25.160783358392383,23.83,1.3000000000010914,9.530599756966811,2.5003673019193164,25.25,9.530599756966811,1788251303000-632578958264631296-1056588446363025408,,,,,
809467481230934016,1788264085000-632578958264631296-809467481230934016,1788264085000,1788266082000,1,23.809,7.762,3.0673795413553213,632578958264631296,1788264085000,809467481230934016,RJ47GA3181,1997000,1788266082000,20.492142152784968,23.809,0.5,7.762175057873093,3.0673103637170334,26.600000000034925,7.762175057873093,1788264085000-632578958264631296-809467481230934016,,['900758004217937927'],,900758004217937927,
1142833661045899264,1788272630000-632578958264631296-1142833661045899264,1788272630000,1788276143000,1,23.8,9.821,2.4233784746970777,632578958264631296,1788272630000,1142833661045899264,RJ47GA6293,3513000,1788276143000,25.92624438744432,23.800000000017462,0.9499999999998181,9.820547116456181,2.4234902310214537,23.800000000017462,9.820547116456181,1788272630000-632578958264631296-1142833661045899264,,,,,
1536014730089463808,1788251358000-632578958264631296-1536014730089463808,1788251358000,1788254159000,1,23.797,8.828,2.6956275487086545,632578958264631296,1788251358000,1536014730089463808,RJ47GA8943,2801000,1788254159000,23.30711819935405,23.797,0.7666669444444445,8.828453863391685,2.6954889687623913,,8.828453863391685,1788251358000-632578958264631296-1536014730089463808,,,,,
780451764301201408,1788271532000-632578958264631296-780451764301201408,1788271532000,1788274280000,1,23.797,8.316,2.8615921115921115,632578958264631296,1788271532000,780451764301201408,RJ47GA3344,2748000,1788274280000,21.954206828098176,23.797,0.6999999999989086,8.315987434885672,2.8615964353398713,26.79999999998836,8.315987434885672,1788271532000-632578958264631296-780451764301201408,,['900758004230520833'],,900758004230520833,
1131240847388442624,1788224219000-632578958264631296-1131240847388442624,1788224219000,1788226916000,1,23.772,9.264,2.5660621761658033,632578958264631296,1788224219000,1131240847388442624,RJ47GA6175,2697000,1788226916000,24.45715168890773,23.772,0.6999999999998181,9.264072609434745,2.566042064025928,25.20000000001164,9.264072609434745,1788224219000-632578958264631296-1131240847388442624,,,,,
1068875501654769664,1788271825000-632578958264631296-1068875501654769664,1788271825000,1788273960000,1,23.74,5.097,4.657641750049048,632578958264631296,1788271825000,1068875501654769664,RJ47GA3881,2135000,1788273960000,13.456107230628927,23.74,0.5500000000001819,5.097010314632169,4.657632324550871,23.75,5.097010314632169,1788271825000-632578958264631296-1068875501654769664,,,,,
1083726345994764288,1788273075000-632578958264631296-1083726345994764288,1788273075000,1788276515000,1,23.717,11.485,2.0650413582934264,632578958264631296,1788273075000,1083726345994764288,RJ47GA6212,3440000,1788276515000,30.3194742859231,23.717,0.9499999999998181,11.484649350728446,2.0651044081285495,25.0,11.484649350728446,1788273075000-632578958264631296-1083726345994764288,,,,,
1103352309556969472,1788230615000-632578958264631296-1103352309556969472,1788230615000,1788233162000,1,23.7,5.074,4.67087110760741,632578958264631296,1788230615000,1103352309556969472,RJ47GA5608,2547000,1788233162000,13.396430134898718,23.70000000001164,0.0,5.074405354128302,4.670497988642238,23.70000000001164,5.074405354128302,1788230615000-632578958264631296-1103352309556969472,,,,,
1428031634325635072,1788235664000-632578958264631296-1428031634325635072,1788235664000,1788237728000,1,23.694,5.65,4.193628318584071,632578958264631296,1788235664000,1428031634325635072,NL01AJ9500,2064000,1788237728000,14.915886351204735,23.694,0.5499999999997272,5.649956951213914,4.193660271147598,24.375,5.649956951213914,1788235664000-632578958264631296-1428031634325635072,,,,,
1464283595349688320,1788280278000-632578958264631296-1464283595349688320,1788280278000,1788282888000,1,23.69,16.535,1.4327184759600848,632578958264631296,1788280278000,1464283595349688320,NL01AK1961,2610000,1788282888000,43.65368038768244,23.69,0.7000000000000455,16.535484995334258,1.4326764534989147,23.875,16.535484995334258,1788280278000-632578958264631296-1464283595349688320,,,,,
1464269416886697984,1788273759000-632578958264631296-1464269416886697984,1788273759000,1788277481000,1,23.626,8.692,2.718131615278417,632578958264631296,1788273759000,1464269416886697984,NL01AK1963,3722000,1788277481000,22.947816779144958,23.626,1.0,8.69235484058521,2.718020655310637,24.375,8.69235484058521,1788273759000-632578958264631296-1464269416886697984,,,,,
1540361293100220416,1788243819000-632578958264631296-1540361293100220416,1788243819000,1788246136000,1,23.608,5.072,4.6545741324921135,632578958264631296,1788243819000,1540361293100220416,NL01AK8392,2317000,1788246136000,13.390974535491397,23.608,0.6000000000000227,5.0723388392012865,4.654263200547033,24.049999999999272,5.0723388392012865,1788243819000-632578958264631296-1540361293100220416,,,,,
794226357327364096,1788250882000-632578958264631296-794226357327364096,1788250882000,1788254123000,1,23.605,5.506,4.287141300399564,632578958264631296,1788250882000,794226357327364096,RJ47GA2335,3241000,1788254123000,14.536918467800438,23.605,0.0,5.506408510530469,4.28682324510754,,5.506408510530469,1788250882000-632578958264631296-794226357327364096,,['900758004180189187'],,900758004180189187,
1536014695108968448,1788271547000-632578958264631296-1536014695108968448,1788271547000,1788274977000,1,23.604,8.309,2.840775063184499,632578958264631296,1788271547000,1536014695108968448,RJ47GA8898,3430000,1788274977000,21.936783590021648,23.604,0.8999999999999773,8.309387723493048,2.840642510069021,24.18999999999869,8.309387723493048,1788271547000-632578958264631296-1536014695108968448,,,,,
1464283595349688320,1788262427000-632578958264631296-1464283595349688320,1788262427000,1788264797000,1,23.588,9.612,2.4540158135663757,632578958264631296,1788262427000,1464283595349688320,NL01AK1961,2370000,1788264797000,25.375939402985075,23.588,0.6000000000001364,9.612098258706467,2.4539907276368518,24.0,9.612098258706467,1788262427000-632578958264631296-1464283595349688320,,,,,
1362128357327634432,1788271525000-632578958264631296-1362128357327634432,1788271525000,1788274986000,1,23.579,8.246,2.859447004608295,632578958264631296,1788271525000,1362128357327634432,NL01AJ4203,3461000,1788274986000,21.770604491954103,23.579,0.9499999999998181,8.24644109543716,2.8592940551102104,24.75,8.24644109543716,1788271525000-632578958264631296-1362128357327634432,,,,,
942723675356921856,1788247798000-632578958264631296-942723675356921856,1788247798000,1788252779000,1,23.536,15.75,1.4943492063492065,632578958264631296,1788247798000,942723675356921856,RJ14GN1566,4981000,1788252779000,41.58,23.536,1.3499999999985448,15.749999999999998,1.4943492063492065,24.29999999998836,15.75,1788247798000-632578958264631296-942723675356921856,,,,,
1183367596062277632,1788258200000-632578958264631296-1183367596062277632,1788258200000,1788260456000,1,23.481,9.561,2.455914653278946,632578958264631296,1788258200000,1183367596062277632,RJ47GA6402,2256000,1788260456000,25.24158327768261,23.481,0.5999999999994543,9.561205787000988,2.4558617943276335,24.900000000023283,9.561205787000988,1788258200000-632578958264631296-1183367596062277632,,,,,
946034884164452352,1788250997000-632578958264631296-946034884164452352,1788250997000,1788254021000,1,23.447,5.166,4.538714672861014,632578958264631296,1788250997000,946034884164452352,RJ47GA3663,3024000,1788254021000,13.63928550853518,23.447,0.8000000000001819,5.166396025960295,4.53836676131343,24.5,5.166396025960295,1788250997000-632578958264631296-946034884164452352,,,,,
944574738938724352,1788246286000-632578958264631296-944574738938724352,1788246286000,1788248580000,1,23.375,7.402,3.157930289111051,632578958264631296,1788246286000,944574738938724352,RJ47GA3524,2294000,1788248580000,19.54131814227713,23.375,0.6000000000003638,7.402014447832246,3.157924125215076,22.25,7.402014447832246,1788246286000-632578958264631296-944574738938724352,,,,,
947583099720433664,1788231048000-632578958264631296-947583099720433664,1788231048000,1788234103000,1,23.348,9.837,2.3734878519873943,632578958264631296,1788231048000,947583099720433664,RJ47GA2689,3055000,1788234103000,25.97072389795868,23.348,0.8500000000003638,9.83739541589344,2.373392449212586,25.75,9.83739541589344,1788231048000-632578958264631296-947583099720433664,,,,,
940988876032311296,1788260688000-632578958264631296-940988876032311296,1788260688000,1788263359000,1,23.327,4.159,5.608800192353932,632578958264631296,1788260688000,940988876032311296,RJ47GA4497,2671000,1788263359000,10.980526488328218,23.327,0.7000000000007276,4.159290336487961,5.608408673797211,24.5,4.159290336487961,1788260688000-632578958264631296-940988876032311296,,,,,
869918310366445568,1788226645000-632578958264631296-869918310366445568,1788226645000,1788230533000,1,23.321,9.899,2.3558945348014952,632578958264631296,1788226645000,869918310366445568,RJ47GA4503,3888000,1788230533000,26.133352774267543,23.321,1.0,9.89899726298013,2.355895186193751,23.900000000023283,9.898997262980128,1788226645000-632578958264631296-869918310366445568,,,,,0.0
1501933614227521536,1788237736000-632578958264631296-1501933614227521536,1788237736000,1788241186000,1,23.21,11.639,1.9941575736747146,632578958264631296,1788237736000,1501933614227521536,NL01AK3126,3450000,1788241186000,30.72727254132304,23.21,0.8999999999998636,11.639118386864787,1.9941372901742642,22.75,11.639118386864787,1788237736000-632578958264631296-1501933614227521536,,,,,
1079444806125486080,1788238309000-632578958264631296-1079444806125486080,1788238309000,1788241137000,1,23.187,9.194,2.5219708505547094,632578958264631296,1788238309000,1079444806125486080,RJ47GA6401,2828000,1788241137000,24.27180357223757,23.187,0.75,9.193864989483927,2.522007885315003,24.800000000017462,9.193864989483927,1788238309000-632578958264631296-1079444806125486080,,,,,
939547417898909696,1788288121000-632578958264631296-939547417898909696,1788288121000,1788290977000,1,23.144,8.589,2.694609384095936,632578958264631296,1788288121000,939547417898909696,RJ14GN1565,2856000,1788290977000,22.674482732865766,23.144,0.0,8.588819216994608,2.6946661019718756,24.0,8.588819216994608,1788288121000-632578958264631296-939547417898909696,,,,,
1067775149379420160,1788241907000-632578958264631296-1067775149379420160,1788241907000,1788244587000,1,23.14,7.762,2.981190414841536,632578958264631296,1788241907000,1067775149379420160,RJ14GN1580,2680000,1788244587000,20.49085541640839,23.14,0.6999999999998181,7.761687657730451,2.9813103825368605,24.100000000034925,7.761687657730452,1788241907000-632578958264631296-1067775149379420160,,,,,
1545824482457812992,1788242609000-632578958264631296-1545824482457812992,1788242609000,1788245790000,1,23.121,8.376,2.760386819484241,632578958264631296,1788242609000,1545824482457812992,NL01AK8869,3181000,1788245790000,22.111341630258263,23.121,0.8500000000000227,8.375508193279645,2.7605489083697474,23.8650000000016,8.375508193279645,1788242609000-632578958264631296-1545824482457812992,,,,,
935951856658546688,1788263776000-632578958264631296-935951856658546688,1788263776000,1788265715000,1,23.0,8.149,2.822432200269972,632578958264631296,1788263776000,935951856658546688,RJ47GA4709,1939000,1788265715000,21.513165767642,23.0,0.5,8.148926427137122,2.82245768269629,22.099999999998545,8.148926427137122,1788263776000-632578958264631296-935951856658546688,,,,,
786329294770012160,1788276795000-632578958264631296-786329294770012160,1788276795000,1788278880000,1,22.974,6.963,3.2994398965962946,632578958264631296,1788276795000,786329294770012160,RJ47GA3336,2085000,1788278880000,18.38232621785985,22.974,0.5500000000010914,6.963002355249943,3.299438780553928,,6.963002355249943,1788276795000-632578958264631296-786329294770012160,,['900758004226326533'],,900758004226326533,
860146891080335360,1788274327000-632578958264631296-860146891080335360,1788274327000,1788277841000,1,22.974,10.194,2.253678634490877,632578958264631296,1788274327000,860146891080335360,RJ47GA3610,3514000,1788277841000,26.91341228261494,22.974,0.9000000000014552,10.194474349475355,2.253573770694938,20.75,10.194474349475355,1788274327000-632578958264631296-860146891080335360,,,,,
1464286677953413120,1788271618000-632578958264631296-1464286677953413120,1788271618000,1788275045000,1,22.957,14.171,1.619998588666996,632578958264631296,1788271618000,1464286677953413120,NL01AK1958,3427000,1788275045000,37.412134598132184,22.957,0.9499999999998181,14.1712631053531,1.619968511580887,23.625,14.1712631053531,1788271618000-632578958264631296-1464286677953413120,,,,,
1464283595349688320,1788230981000-632578958264631296-1464283595349688320,1788230981000,1788233387000,1,22.927,7.959,2.8806382711395906,632578958264631296,1788230981000,1464283595349688320,NL01AK1961,2406000,1788233387000,21.011430538990233,22.927,0.650000000000091,7.9588752041629665,2.880683439791569,23.375,7.9588752041629665,1788230981000-632578958264631296-1464283595349688320,,,,,
1364616390270517248,1788258330000-632578958264631296-1364616390270517248,1788258330000,1788260450000,1,22.899,8.006,2.860229827629278,632578958264631296,1788258330000,1364616390270517248,NL01AJ4204,2120000,1788260450000,21.13575054998326,22.899,0.5500000000001819,8.005966117417902,2.860241932598314,23.75,8.005966117417902,1788258330000-632578958264631296-1364616390270517248,,,,,
1536014674678513664,1788280308000-632578958264631296-1536014674678513664,1788280308000,1788282898000,1,22.897,6.933,3.302610702437617,632578958264631296,1788280308000,1536014674678513664,NL01AL0108,2590000,1788282898000,18.304056399961446,22.897,0.6499999999999773,6.933354696955093,3.3024417472909073,23.56000000000131,6.933354696955093,1788280308000-632578958264631296-1536014674678513664,,,,,
1181865650805538816,1788280287000-632578958264631296-1181865650805538816,1788280287000,1788282620000,1,22.882,6.876,3.327806864456079,632578958264631296,1788280287000,1181865650805538816,RJ47GA6367,2333000,1788282620000,18.151714523647332,22.882,0.5999999999994543,6.875649440775504,3.327976534740134,24.0,6.875649440775504,1788280287000-632578958264631296-1181865650805538816,,,,,
1083729038846984192,1788226313000-632578958264631296-1083729038846984192,1788226313000,1788229690000,1,22.849,15.483,1.4757475941355034,632578958264631296,1788226313000,1083729038846984192,RJ47GA6358,3377000,1788229690000,40.87397195898415,22.849,0.9500000000007276,15.482565135978845,1.4757890439551786,23.89999999999418,15.482565135978845,1788226313000-632578958264631296-1083729038846984192,,,,,
932302785804763136,1788234648000-632578958264631296-932302785804763136,1788234648000,1788238220000,1,22.772,9.55,2.3845026178010467,632578958264631296,1788234648000,932302785804763136,RJ47GA4681,3572000,1788238220000,25.211319493767885,22.772,0.9500000000007276,9.549742232487835,2.3845669805128957,23.399999999965075,9.549742232487835,1788234648000-632578958264631296-932302785804763136,,,,,
866686329780436992,1788220824000-632578958264631296-866686329780436992,1788220824000,1788223292000,1,22.714,7.896,2.8766464032421477,632578958264631296,1788220824000,866686329780436992,RJ47GA4408,2468000,1788223292000,20.845644516944933,22.714,0.6000000000003638,7.8960774685397475,2.876618180419219,23.70000000001164,7.8960774685397475,1788220824000-632578958264631296-866686329780436992,,,,,0.0
947102733284933632,1788244124000-632578958264631296-947102733284933632,1788244124000,1788247754000,1,22.699,10.299,2.204000388387222,632578958264631296,1788244124000,947102733284933632,RJ47GA3510,3630000,1788247754000,27.190599519408615,22.699,0.9500000000007276,10.299469514927505,2.2038999161171624,24.375,10.299469514927505,1788244124000-632578958264631296-947102733284933632,,,,,
1050037336936546304,1788243500000-632578958264631296-1050037336936546304,1788243500000,1788246092000,1,22.617,8.631,2.6204379562043796,632578958264631296,1788243500000,1050037336936546304,Rj47GA5922,2592000,1788246092000,22.786736209584095,22.617,0.6500000000005457,8.631339473327309,2.6203348935459423,23.304999999993015,8.631339473327309,1788243500000-632578958264631296-1050037336936546304,,,,,
951559578305167360,1788257468000-632578958264631296-951559578305167360,1788257468000,1788259333000,1,22.615,7.062,3.2023506088926648,632578958264631296,1788257468000,951559578305167360,RJ47GA4675,1865000,1788259333000,18.64380923566444,22.615,0.0,7.062048952903196,3.2023284107515297,23.29999999998836,7.062048952903197,1788257468000-632578958264631296-951559578305167360,,,,,
1083039951072788480,1788266467000-632578958264631296-1083039951072788480,1788266467000,1788269059000,1,22.614,9.16,2.4687772925764193,632578958264631296,1788266467000,1083039951072788480,RJ47GA5903,2592000,1788269059000,24.182105953517983,22.614,0.6999999999998181,9.159888618756812,2.4688073120990848,23.79999999998836,9.159888618756812,1788266467000-632578958264631296-1083039951072788480,,,,,
1286311379313098752,1788265932000-632578958264631296-1286311379313098752,1788265932000,1788268245000,1,22.554,7.581,2.975069252077562,632578958264631296,1788265932000,1286311379313098752,RJ47GA3711,2313000,1788268245000,20.0129416310609,22.554,0.6000000000003638,7.5806597087351895,2.9752028011508074,23.75,7.5806597087351895,1788265932000-632578958264631296-1286311379313098752,,,,,
947104127047958528,1788252266000-632578958264631296-947104127047958528,1788252266000,1788254285000,1,22.554,6.56,3.438109756097561,632578958264631296,1788252266000,947104127047958528,RJ47GA1393,2019000,1788254285000,17.317897416238214,22.554,0.0,6.559809627362959,3.4382095336914062,,0.001,1788252266000-632578958264631296-947104127047958528,,,,,
1127222273418199040,1788247804000-632578958264631296-1127222273418199040,1788247804000,1788249754000,1,22.546,9.757,2.3107512555088654,632578958264631296,1788247804000,1127222273418199040,RJ47GA3844,1950000,1788249754000,25.7596450546753,22.546,0.5,9.757441308589128,2.310646745079938,22.5,9.757441308589128,1788247804000-632578958264631296-1127222273418199040,,,,,
943858330336493568,1788259115000-632578958264631296-943858330336493568,1788259115000,1788261340000,1,22.503,9.483,2.372983233154065,632578958264631296,1788259115000,943858330336493568,RJ47GA3486,2225000,1788261340000,25.034485129390053,22.503,0.5,9.482759518708352,2.373043411636061,22.375,9.482759518708352,1788259115000-632578958264631296-943858330336493568,,,,,
942721856836730880,1788266587000-632578958264631296-942721856836730880,1788266587000,1788268931000,1,22.439,4.087,5.490335209199903,632578958264631296,1788266587000,942721856836730880,RJ47GA4500,2344000,1788268931000,10.78930959906112,22.439,0.6000000000003638,4.08685969661406,5.49052369441275,23.20000000001164,4.08685969661406,1788266587000-632578958264631296-942721856836730880,,,,,
1067775323560476672,1788258157000-632578958264631296-1067775323560476672,1788258157000,1788260208000,1,22.415,5.055,4.434223541048467,632578958264631296,1788258157000,1067775323560476672,RJ14GP9558,2051000,1788260208000,13.345275450202042,22.415,0.5500000000001819,5.055028579621985,4.434198471272776,22.89999999999418,5.055028579621985,1788258157000-632578958264631296-1067775323560476672,,,,,
1183367596062277632,1788227204000-632578958264631296-1183367596062277632,1788227204000,1788229656000,1,22.405,9.125,2.4553424657534246,632578958264631296,1788227204000,1183367596062277632,RJ47GA6402,2452000,1788229656000,24.089777286214762,22.405,0.6000925000003638,9.124915638717713,2.455365165781246,23.60000000000582,9.12603745290723,1788227204000-632578958264631296-1183367596062277632,,,,,
964169792938311680,1788234933000-632578958264631296-964169792938311680,1788234933000,1788238138000,1,22.375,7.139,3.1341924639305225,632578958264631296,1788234933000,964169792938311680,RJ47GA2728,3205000,1788238138000,18.847427850523427,22.375,0.8500000000003638,7.139177216107358,3.134114663734316,22.375,7.139177216107358,1788234933000-632578958264631296-964169792938311680,,,,,
942436996423352320,1788277049000-632578958264631296-942436996423352320,1788277049000,1788281246000,1,22.338,6.509,3.4318635735135965,632578958264631296,1788277049000,942436996423352320,RJ47GA1344,4197000,1788281246000,17.18499102254613,22.338,0.0,6.509466296418988,3.4316177368164062,,0.001,1788277049000-632578958264631296-942436996423352320,,,,,
1536014577374855168,1788234934000-632578958264631296-1536014577374855168,1788234934000,1788238026000,1,22.337,8.547,2.6134316134316133,632578958264631296,1788234934000,1536014577374855168,NL01AK9194,3092000,1788238026000,22.56276496612032,22.337,0.7999999999999545,8.546501881106181,2.6135839330218347,22.80500000000029,8.546501881106181,1788234934000-632578958264631296-1536014577374855168,,,,,
1082303861131051008,1788256692000-632578958264631296-1082303861131051008,1788256692000,1788259098000,1,22.334,9.002,2.481004221284159,632578958264631296,1788256692000,1082303861131051008,RJ47GA5902,2406000,1788259098000,23.766481205080638,22.334,0.6499999999996362,9.002455001924483,2.480878826411861,23.79999999998836,9.002455001924483,1788256692000-632578958264631296-1082303861131051008,,,,,
927153603469115392,1788238240000-632578958264631296-927153603469115392,1788238240000,1788240572000,1,22.322,10.782,2.0703023557781486,632578958264631296,1788238240000,927153603469115392,RJ47GA3885,2332000,1788240572000,28.46448000001722,22.322,0.6499999999996362,10.782000000006521,2.0703023557768967,22.75,10.78200000000652,1788238240000-632578958264631296-927153603469115392,,,,,
927189698663677952,1788255410000-632578958264631296-927189698663677952,1788255410000,1788259176000,1,22.285,14.272,1.56144899103139,632578958264631296,1788255410000,927189698663677952,RJ47GA3520,3766000,1788259176000,37.6781130387331,22.285,1.0,14.27201251467163,1.561447621846675,21.625,14.27201251467163,1788255410000-632578958264631296-927189698663677952,,,,,
927153603469115392,1788248539000-632578958264631296-927153603469115392,1788248539000,1788250761000,1,22.218,8.292,2.6794500723589003,632578958264631296,1788248539000,927153603469115392,RJ47GA3885,2222000,1788250761000,21.890813764800008,22.218,0.4499999999989086,8.291974910909094,2.679458179591154,21.375,8.291974910909094,1788248539000-632578958264631296-927153603469115392,,,,,
939547788868321280,1788254413000-632578958264631296-939547788868321280,1788254413000,1788256502000,1,22.157,6.467,3.426163599814443,632578958264631296,1788254413000,939547788868321280,RJ14GH7603,2089000,1788256502000,17.07322655419594,22.157,0.0,6.467131270528765,3.4260940551757817,,0.001,1788254413000-632578958264631296-939547788868321280,,,,,
784445514740400128,1788230213000-632578958264631296-784445514740400128,1788230213000,1788233723000,1,22.153,12.238,1.8101814021899003,632578958264631296,1788230213000,784445514740400128,RJ47GA3182,3510000,1788233723000,32.30877554764783,22.153,0.9000000000005457,12.238172555927209,1.8101558789731909,24.70000000001164,12.238172555927209,1788230213000-632578958264631296-784445514740400128,,,,,
1364616390270517248,1788224169000-632578958264631296-1364616390270517248,1788224169000,1788226421000,1,22.144,8.01,2.7645443196004993,632578958264631296,1788224169000,1364616390270517248,NL01AJ4204,2252000,1788226421000,21.14732168653059,22.144,0.599999999999909,8.01034912368583,2.7644238294835772,23.25,8.01034912368583,1788224169000-632578958264631296-1364616390270517248,,,,,
1545824482457812992,1788234952000-632578958264631296-1545824482457812992,1788234952000,1788237790000,1,22.137,8.131,2.722543352601156,632578958264631296,1788234952000,1545824482457812992,NL01AK8869,2838000,1788237790000,21.465841694906995,22.137,0.75,8.131000642010225,2.722543137633682,22.68500000000131,8.131000642010225,1788234952000-632578958264631296-1545824482457812992,,,,,
1066703715756408832,1788287689000-632578958264631296-1066703715756408832,1788287689000,1788291126000,1,22.122,15.405,1.4360272638753653,632578958264631296,1788287689000,1066703715756408832,RJ47GA3533,3437000,1788291126000,40.66934922273099,22.122,0.8999999999996362,15.40505652376174,1.4360219948480955,,15.40505652376174,1788287689000-632578958264631296-1066703715756408832,,,,,
1081223436249858048,1788222873000-632578958264631296-1081223436249858048,1788222873000,1788224993000,1,22.117,6.177,3.5805407155577145,632578958264631296,1788222873000,1081223436249858048,RJ47GA5875,2120000,1788224993000,16.307845936884068,22.117,0.5500000000001819,6.177214370031844,3.580416458800342,23.0,6.177214370031844,1788222873000-632578958264631296-1081223436249858048,,,,,
794219272623620096,1788272790000-632578958264631296-794219272623620096,1788272790000,1788278155000,1,22.11,12.959,1.7061501659078633,632578958264631296,1788272790000,794219272623620096,RJ47GA3338,5365000,1788278155000,34.2124728538598,22.11,1.4500000000007276,12.959270020401439,1.7061146164245984,25.099999999976717,12.959270020401439,1788272790000-632578958264631296-794219272623620096,,['900758004226326537'],,900758004226326537,
869905949161160704,1788266960000-632578958264631296-869905949161160704,1788266960000,1788269340000,1,22.072,7.002,3.1522422165095687,632578958264631296,1788266960000,869905949161160704,RJ47GA4504,2380000,1788269340000,18.48600161498151,22.072,0.5000000000000001,7.0022733390081475,3.152119166362968,22.100000000034925,7.0022733390081475,1788266960000-632578958264631296-869905949161160704,,,,,0.0
1132636093246603264,1788277350000-632578958264631296-1132636093246603264,1788277350000,1788279937000,1,22.0,10.387,2.118032155579089,632578958264631296,1788277350000,1132636093246603264,NL01AJ4206,2587000,1788279937000,27.42167375935889,22.0,0.7000000000002728,10.38699763612079,2.1180326376021292,22.0,10.38699763612079,1788277350000-632578958264631296-1132636093246603264,,,,,
1500145408670695424,1788254965000-632578958264631296-1500145408670695424,1788254965000,1788257222000,1,22.0,7.361,2.9887243581035188,632578958264631296,1788254965000,1500145408670695424,NL01AK3125,2257000,1788257222000,19.431974590003055,22.0,0.599999999999909,7.360596435607218,2.988888222912753,22.0,7.360596435607217,1788254965000-632578958264631296-1500145408670695424,,,,,
942436996423352320,1788240916000-632578958264631296-942436996423352320,1788240916000,1788244227000,1,21.958,6.42,3.4202492211838003,632578958264631296,1788240916000,942436996423352320,RJ47GA1344,3311000,1788244227000,16.949930726059574,21.958,0.0,6.420428305325596,3.4200210571289062,,0.001,1788240916000-632578958264631296-942436996423352320,,,,,
942721856836730880,1788225945000-632578958264631296-942721856836730880,1788225945000,1788230952000,1,21.953,10.533,2.0842115256811926,632578958264631296,1788225945000,942721856836730880,RJ47GA4500,5007000,1788230952000,27.808423341098248,21.953,1.3499999999985448,10.533493689809942,2.084113841662737,22.800000000046566,10.533493689809942,1788225945000-632578958264631296-942721856836730880,,,,,
1083729038846984192,1788252878000-632578958264631296-1083729038846984192,1788252878000,1788255500000,1,21.943,11.782,1.8624172466474285,632578958264631296,1788252878000,1083729038846984192,RJ47GA6358,2622000,1788255500000,31.10461313958716,21.943,0.6999999999998181,11.782050431661801,1.8624092747925072,22.20000000001164,11.782050431661801,1788252878000-632578958264631296-1083729038846984192,,,,,
1504892206538817536,1788270613000-632578958264631296-1504892206538817536,1788270613000,1788274886000,1,21.9,15.026,1.4574737122321308,632578958264631296,1788270613000,1504892206538817536,RJ47GA8528,4273000,1788274886000,39.66883132217726,21.9,1.1499999999998636,15.02607247052169,1.457466682858322,22.60000000000582,15.02607247052169,1788270613000-632578958264631296-1504892206538817536,,,,,
1504892206538817536,1788285080000-632578958264631296-1504892206538817536,1788285080000,1788287031000,1,21.886,8.759,2.4986870647334167,632578958264631296,1788285080000,1504892206538817536,RJ47GA8528,1951000,1788287031000,23.1229772710275,21.886,0.5,8.758703511752842,2.498771647040265,22.80999999999767,8.758703511752842,1788285080000-632578958264631296-1504892206538817536,,,,,
1464260641047969792,1788252210000-632578958264631296-1464260641047969792,1788252210000,1788255760000,1,21.875,9.419,2.3224333793396323,632578958264631296,1788252210000,1464260641047969792,NL01AK1966,3550000,1788255760000,24.864942261489436,21.875,0.75,9.418538735412664,2.3225471184561166,21.875,9.418538735412664,1788252210000-632578958264631296-1464260641047969792,,,,,
784445389880164352,1788271889000-632578958264631296-784445389880164352,1788271889000,1788275728000,1,21.867,13.158,1.6618787049703603,632578958264631296,1788271889000,784445389880164352,RJ47GA3188,3839000,1788275728000,34.73667273024518,21.867,1.0,13.157830579638327,1.6619001033376328,24.400000000023283,13.157830579638327,1788271889000-632578958264631296-784445389880164352,,['900758004171800596'],,900758004171800596,
1132636490090676224,1788297130000-632578958264631296-1132636490090676224,1788297130000,1788298779000,1,21.864,4.033,5.421274485494669,632578958264631296,1788297130000,1132636490090676224,RJ47GA5322,1649000,1788298779000,10.646242148522159,21.864,0.4500000000007276,4.032667480500818,5.421721504616767,22.20000000001164,4.032667480500818,1788297130000-632578958264631296-1132636490090676224,,,,,
938815406225752064,1788265335000-632578958264631296-938815406225752064,1788265335000,1788270535000,1,21.864,12.051,1.8142892705999503,632578958264631296,1788265335000,938815406225752064,RJ47GA3910,5200000,1788270535000,31.814598730774605,21.864,1.3500000000003638,12.050984367717653,1.8142916240576654,,12.050984367717653,1788265335000-632578958264631296-938815406225752064,,,,,
1286352128566099968,1788226046000-632578958264631296-1286352128566099968,1788226046000,1788228764000,1,21.845,6.252,3.494081893793986,632578958264631296,1788226046000,1286352128566099968,NL01AG9587,2718000,1788228764000,16.506524418933985,21.845,0.6500000000005457,6.252471370808327,3.4938184766411573,22.300000000017462,6.252471370808327,1788226046000-632578958264631296-1286352128566099968,,,,,
1079026604165824512,1788267567000-632578958264631296-1079026604165824512,1788267567000,1788269659000,1,21.843,3.771,5.79236276849642,632578958264631296,1788267567000,1079026604165824512,RJ47GA5876,2092000,1788269659000,9.95571214703357,21.843,0.5500000000001819,3.7711030859975643,5.792204429813911,22.195000000006985,1.9265921997989506,1788267567000-632578958264631296-1079026604165824512,,,,,
787000328028422144,1788274705000-632578958264631296-787000328028422144,1788274705000,1788278779000,1,21.834,12.32,1.7722402597402596,632578958264631296,1788274705000,787000328028422144,RJ47GA2481,4074000,1788278779000,32.52474688946868,21.834,1.099999999999909,12.319979882374499,1.7722431536789012,24.699999999953434,12.319979882374499,1788274705000-632578958264631296-787000328028422144,,['900758004192772099'],,900758004192772099,
1067774753596506112,1788228527000-632578958264631296-1067774753596506112,1788228527000,1788230739000,1,21.783,7.516,2.8982171367748806,632578958264631296,1788228527000,1067774753596506112,RJ47GA6417,2212000,1788230739000,19.843553560622748,21.783,0.5500000000001819,7.516497560841949,2.8980252868677856,22.5,7.51649756084195,1788228527000-632578958264631296-1067774753596506112,,,,,
939140658449350656,1788249058000-632578958264631296-939140658449350656,1788249058000,1788251103000,1,21.778,7.576,2.8746040126715946,632578958264631296,1788249058000,939140658449350656,RJ47GA2643,2045000,1788251103000,20.000275653608156,21.778,0.5,7.575861990003089,2.8746563795298385,23.125,7.575861990003089,1788249058000-632578958264631296-939140658449350656,,,,,
792451319469178880,1788239857000-632578958264631296-792451319469178880,1788239857000,1788243010000,1,21.773,9.6,2.2680208333333334,632578958264631296,1788239857000,792451319469178880,RJ47GA3115,3153000,1788243010000,25.343317634775936,21.773,0.75,9.599741528324218,2.268081899471809,23.899999999965075,9.599741528324218,1788239857000-632578958264631296-792451319469178880,,['900758004209549321'],,900758004209549321,
1525526061327056896,1788279351000-632578958264631296-1525526061327056896,1788279351000,1788281110000,1,21.75,6.422,3.386795390843974,632578958264631296,1788279351000,1525526061327056896,NL01AK6559,1759000,1788281110000,16.954175127325804,21.75,0.4500000000000455,6.422036033077956,3.3867763880445954,21.75,6.422036033077956,1788279351000-632578958264631296-1525526061327056896,,,,,
1067775149379420160,1788253724000-632578958264631296-1067775149379420160,1788253724000,1788255732000,1,21.696,6.623,3.275856862449041,632578958264631296,1788253724000,1067775149379420160,RJ14GN1580,2008000,1788255732000,17.483694597731642,21.696,0.5,6.622611590049864,3.2760489883775055,22.599999999976717,6.622611590049864,1788253724000-632578958264631296-1067775149379420160,,,,,
1405141042860130304,1788306630000-632578958264631296-1405141042860130304,1788306630000,1788309529000,1,21.684,7.315,2.96431989063568,632578958264631296,1788306630000,1405141042860130304,NL01AJ7418,2899000,1788309529000,19.31247182343216,21.684,0.75,7.315330236148545,2.964186072263558,22.919999999998254,7.315330236148545,1788306630000-632578958264631296-1405141042860130304,,,,,
1071018553202704384,1788228767000-632578958264631296-1071018553202704384,1788228767000,1788230781000,1,21.65,5.073,4.267691701163019,632578958264631296,1788228767000,1071018553202704384,RJ47GA2638,2014000,1788230781000,13.393960863344063,21.65,0.5,5.073470023993963,4.267296327288946,20.5,3.2956902539840622,1788228767000-632578958264631296-1071018553202704384,,,,,
1045014601197944832,1788267171000-632578958264631296-1045014601197944832,1788267171000,1788270162000,1,21.628,14.276,1.5149901933314653,632578958264631296,1788267171000,1045014601197944832,RJ47GA5632,2991000,1788270162000,37.687747517766184,21.628,0.8500000000003638,14.275661938547795,1.5150260697613667,22.10000000000582,14.275661938547795,1788267171000-632578958264631296-1045014601197944832,,,,,
931938734016823296,1788237926000-632578958264631296-931938734016823296,1788237926000,1788240226000,1,21.617,7.173,3.0136623449045032,632578958264631296,1788237926000,931938734016823296,RJ14GN0975,2300000,1788240226000,18.937265631905333,21.617,0.5499999999992724,7.1732066787520194,3.01357551344957,22.29999999998836,7.1732066787520194,1788237926000-632578958264631296-931938734016823296,,,,,
876044057397166080,1788229400000-632578958264631296-876044057397166080,1788229400000,1788232027000,1,21.572,6.42,3.3601246105919,632578958264631296,1788229400000,876044057397166080,RJ14GN1573,2627000,1788232027000,16.94793390082592,21.572,0.7000000000007276,6.41967193213103,3.360296324805979,22.400000000023283,6.41967193213103,1788229400000-632578958264631296-876044057397166080,,,,,0.0
1464286677953413120,1788250265000-632578958264631296-1464286677953413120,1788250265000,1788253516000,1,21.554,15.288,1.4098639455782311,632578958264631296,1788250265000,1464286677953413120,NL01AK1958,3251000,1788253516000,40.3596408539523,21.554,0.849999999999909,15.287742747709203,1.4098876698608607,22.25,15.287742747709203,1788250265000-632578958264631296-1464286677953413120,,,,,
1142833661045899264,1788251088000-632578958264631296-1142833661045899264,1788251088000,1788253596000,1,21.455,7.933,2.7045254002269,632578958264631296,1788251088000,1142833661045899264,RJ47GA6293,2508000,1788253596000,20.94307457849342,21.455,0.6500000000005457,7.932982794883871,2.704531265823081,22.70000000001164,7.932982794883871,1788251088000-632578958264631296-1142833661045899264,,,,,
1050037537222950912,1788260086000-632578958264631296-1050037537222950912,1788260086000,1788262105000,1,21.4,5.547,3.8579412294934197,632578958264631296,1788260086000,1050037537222950912,RJ47GA5924,2019000,1788262105000,14.644997720108465,21.4,0.0,5.5473476212532065,3.857699473891183,22.0,5.5473476212532065,1788260086000-632578958264631296-1050037537222950912,,,,,
1484590862305329152,1788238294000-632578958264631296-1484590862305329152,1788238294000,1788241339000,1,21.389,6.215,3.441512469831054,632578958264631296,1788238294000,1484590862305329152,NL01AK3094,3045000,1788241339000,16.407567758352947,21.389,0.7999999999999545,6.214987787254904,3.44151923256591,22.5,6.214987787254904,1788238294000-632578958264631296-1484590862305329152,,,,,
1131631502098956288,1788304385000-632578958264631296-1131631502098956288,1788304385000,1788307145000,1,21.377,4.559,4.6889668787014696,632578958264631296,1788304385000,1131631502098956288,RJ47GA6180,2760000,1788307145000,12.036960242541522,21.377,0.75,4.559454637326334,4.688499327308908,22.599999999976717,4.559454637326334,1788304385000-632578958264631296-1131631502098956288,,,,,
1462138501628690432,1788260130000-632578958264631296-1462138501628690432,1788260130000,1788262402000,1,21.216,5.765,3.6801387684301825,632578958264631296,1788260130000,1462138501628690432,RJ47GA5314,2272000,1788262402000,15.219552545674603,21.216,0.0,5.764982024876743,3.680150243044965,21.70000000001164,5.764982024876743,1788260130000-632578958264631296-1462138501628690432,,,,,
1312806942439112704,1788243944000-632578958264631296-1312806942439112704,1788243944000,1788246250000,1,21.207,9.051,2.3430560159098444,632578958264631296,1788243944000,1312806942439112704,NL01AH8912,2306000,1788246250000,23.893335136993283,21.207,0.6500000000005457,9.050505733709576,2.343183974903442,21.375,9.050505733709576,1788243944000-632578958264631296-1312806942439112704,,,,,
1083729038846984192,1788255904000-632578958264631296-1083729038846984192,1788255904000,1788260506000,1,21.206,17.654,1.2012008609946754,632578958264631296,1788255904000,1083729038846984192,RJ47GA6358,4602000,1788260506000,46.606223352812655,21.206,1.199999999999818,17.653872482126005,1.2012095375374674,22.39999999999418,17.653872482126005,1788255904000-632578958264631296-1083729038846984192,,,,,
1083727593376579584,1788230380000-632578958264631296-1083727593376579584,1788230380000,1788233294000,1,21.2,17.063,1.2424544335697123,632578958264631296,1788230380000,1083727593376579584,RJ47GA6346,2914000,1788233294000,45.046320000005075,21.20000000001164,0.75,17.06300000000192,1.2424544335702545,21.20000000001164,17.06300000000192,1788230380000-632578958264631296-1083727593376579584,,,,,
1050037336936546304,1788259751000-632578958264631296-1050037336936546304,1788259751000,1788263002000,1,21.196,7.685,2.7581001951854267,632578958264631296,1788259751000,1050037336936546304,Rj47GA5922,3251000,1788263002000,20.287610006791688,21.196,0.8499999999994543,7.684700760148366,2.7582075947470956,21.804999999993015,7.684700760148366,1788259751000-632578958264631296-1050037336936546304,,,,,
967085947369816064,1788241491000-632578958264631296-967085947369816064,1788241491000,1788244188000,1,21.192,5.21,4.067562380038388,632578958264631296,1788241491000,967085947369816064,RJ47GA4721,2697000,1788244188000,13.75523445352513,21.192,0.75,5.210316080880731,4.067315623665156,21.699999999953434,5.210316080880731,1788241491000-632578958264631296-967085947369816064,,,,,
1422205318414204928,1788237840000-632578958264631296-1422205318414204928,1788237840000,1788240462000,1,21.009,6.465,3.2496519721577726,632578958264631296,1788237840000,1422205318414204928,NL01AJ9002,2622000,1788240462000,17.06693387278524,21.009,0.7000000000002728,6.464747679085317,3.249778806985475,21.0,6.464747679085317,1788237840000-632578958264631296-1422205318414204928,,,,,
1152270135390633984,1788250136000-902855557075959808-1152270135390633984,1788250136000,1788252316000,1,20.936,5.88,3.5605442176870747,902855557075959808,1788250136000,1152270135390633984,RJ47GA6196,2180000,1788252316000,15.524024713640564,20.936,0.5999999999994543,5.880312391530516,3.5603550638150394,21.900000000023283,5.880312391530516,1788250136000-902855557075959808-1152270135390633984,,,,,
942721856836730880,1788238517000-632578958264631296-942721856836730880,1788238517000,1788240967000,1,20.903,8.368,2.4979684512428295,632578958264631296,1788238517000,942721856836730880,RJ47GA4500,2450000,1788240967000,22.090760616396057,20.903,0.6499999999996362,8.367712354695476,2.49805432045838,21.70000000001164,8.367712354695476,1788238517000-632578958264631296-942721856836730880,,,,,
1466797477431607296,1788282050000-632578958264631296-1466797477431607296,1788282050000,1788285448000,1,20.844,10.375,2.0090602409638554,632578958264631296,1788282050000,1466797477431607296,NL01AK2192,3398000,1788285448000,27.39065658971822,20.844,0.900000000000091,10.375248708226598,2.009012081172827,20.875,10.375248708226598,1788282050000-632578958264631296-1466797477431607296,,,,,
798605218047590400,1788228932000-632578958264631296-798605218047590400,1788228932000,1788231580000,1,20.794,8.001,2.5989251343582054,632578958264631296,1788228932000,798605218047590400,RJ47GA3110,2648000,1788231580000,21.12221836474906,20.794,0.7000000000007276,8.000840289677674,2.598977013305401,23.600000000034925,8.000840289677674,1788228932000-632578958264631296-798605218047590400,,['900758004205355021'],,900758004205355021,
862677844923252736,1788221939000-632578958264631296-862677844923252736,1788221939000,1788223931000,1,20.79,7.267,2.8608779413788357,632578958264631296,1788221939000,862677844923252736,RJ47GA4377,1992000,1788223931000,19.184978221379545,20.79,0.5,7.267037205068009,2.8608632945350987,21.599999999976717,7.267037205068009,1788221939000-632578958264631296-862677844923252736,,['900758004234715136'],,900758004234715136,0.0
1050037336936546304,1788277044000-632578958264631296-1050037336936546304,1788277044000,1788280665000,1,20.755,8.049,2.578581190209964,632578958264631296,1788277044000,1050037336936546304,Rj47GA5922,3621000,1788280665000,21.249132906807827,20.755,0.9499999999998181,8.048913979851449,2.5786087479572064,20.744999999995343,8.048913979851449,1788277044000-632578958264631296-1050037336936546304,,,,,
1441118393376702464,1788237456000-632578958264631296-1441118393376702464,1788237456000,1788240198000,1,20.748,4.718,4.397626112759644,632578958264631296,1788237456000,1441118393376702464,NL01AG9419,2742000,1788240198000,12.45626986234168,20.748,0.6999999999998181,4.718284038765788,4.39736137746961,22.10000000000582,4.718284038765788,1788237456000-632578958264631296-1441118393376702464,,,,,
944571594812948480,1788224287000-632578958264631296-944571594812948480,1788224287000,1788226059000,1,20.732,5.906,3.5103284795123604,632578958264631296,1788224287000,944571594812948480,RJ47GA2733,1772000,1788226059000,15.593016150555558,20.732,0.0,5.906445511574074,3.510063702335738,16.125,5.906445511574074,1788224287000-632578958264631296-944571594812948480,,,,,
1422205425331208192,1788250290000-632578958264631296-1422205425331208192,1788250290000,1788253439000,1,20.683,13.039,1.5862412761714855,632578958264631296,1788250290000,1422205425331208192,NL01AJ9003,3149000,1788253439000,34.42353167562452,20.683,0.849999999999909,13.039216543797165,1.586214933276726,21.875,13.039216543797165,1788250290000-632578958264631296-1422205425331208192,,,,,
1428031634325635072,1788240702000-632578958264631296-1428031634325635072,1788240702000,1788242998000,1,20.556,6.864,2.994755244755245,632578958264631296,1788240702000,1428031634325635072,NL01AJ9500,2296000,1788242998000,18.121004220652445,20.556,0.599999999999909,6.864016750247138,2.994747936659666,20.5,6.864016750247137,1788240702000-632578958264631296-1428031634325635072,,,,,
1082360641819246592,1788259853000-632578958264631296-1082360641819246592,1788259853000,1788262071000,1,20.538,3.887,5.283766400823257,632578958264631296,1788259853000,1082360641819246592,RJ47GA5736,2218000,1788262071000,10.261849609499997,20.538,0.6000000000003638,3.887064246022726,5.283679069882789,21.0,3.8870642460227263,1788259853000-632578958264631296-1082360641819246592,,,,,
873821465244336128,1788259928000-632578958264631296-873821465244336128,1788259928000,1788261917000,1,20.532,3.907,5.255183004863066,632578958264631296,1788259928000,873821465244336128,RJ14GN1590,1989000,1788261917000,10.315155051264263,20.532,0.5,3.9072557012364633,5.254839091667992,21.0,3.9072557012364633,1788259928000-632578958264631296-873821465244336128,,,,,0.0
1083726345994764288,1788277796000-632578958264631296-1083726345994764288,1788277796000,1788279930000,1,20.514,7.083,2.896230410842863,632578958264631296,1788277796000,1083726345994764288,RJ47GA6212,2134000,1788279930000,18.697899772994298,20.514,0.6000000000003638,7.08253779280087,2.89641941915957,21.699999999982538,7.082537792800871,1788277796000-632578958264631296-1083726345994764288,,,,,
961238953837461504,1788249084000-632578958264631296-961238953837461504,1788249084000,1788251086000,1,20.51,5.829,3.5186138274146512,632578958264631296,1788249084000,961238953837461504,RJ47GA3862,2002000,1788251086000,15.389125466134686,20.51,0.5,5.829214191717684,3.5184845376142126,21.0,5.829214191717684,1788249084000-632578958264631296-961238953837461504,,,,,
932302785804763136,1788260931000-632578958264631296-932302785804763136,1788260931000,1788263751000,1,20.477,7.84,2.611862244897959,632578958264631296,1788260931000,932302785804763136,RJ47GA4681,2820000,1788263751000,20.69686037660217,20.477,0.75,7.839719839622035,2.611955582457042,21.100000000034925,7.839719839622035,1788260931000-632578958264631296-932302785804763136,,,,,
964169792938311680,1788260837000-632578958264631296-964169792938311680,1788260837000,1788263728000,1,20.455,6.236,3.280147530468249,632578958264631296,1788260837000,964169792938311680,RJ47GA2728,2891000,1788263728000,16.46365866533523,20.455,0.7999999999992724,6.236234342930011,3.2800242702857587,22.625,6.236234342930011,1788260837000-632578958264631296-964169792938311680,,,,,
869905949161160704,1788233426000-632578958264631296-869905949161160704,1788233426000,1788235203000,1,20.413,4.983,4.096528195865945,632578958264631296,1788233426000,869905949161160704,RJ47GA4504,1777000,1788235203000,13.155663691954885,20.413,0.3999999999996362,4.983205943922305,4.096358896203442,20.900000000023283,4.983205943922305,1788233426000-632578958264631296-869905949161160704,,,,,0.0
1464283595349688320,1788224853000-632578958264631296-1464283595349688320,1788224853000,1788226637000,1,20.402,8.057,2.5322080178726574,632578958264631296,1788224853000,1464283595349688320,NL01AK1961,1784000,1788226637000,21.271722487916662,20.402,0.4500000000000455,8.057470639362371,2.5320601108159315,21.0,8.057470639362371,1788224853000-632578958264631296-1464283595349688320,,,,,
1083729116835872768,1788280994000-632578958264631296-1083729116835872768,1788280994000,1788283643000,1,20.399,7.386,2.7618467370701327,632578958264631296,1788280994000,1083729116835872768,RJ47GA6361,2649000,1788283643000,19.49985101119479,20.399,0.0,7.386307201210147,2.7617318701093154,21.300000000017462,7.386307201210146,1788280994000-632578958264631296-1083729116835872768,,,,,
1132636093246603264,1788236658000-632578958264631296-1132636093246603264,1788236658000,1788238533000,1,20.379,6.811,2.9920716488034063,632578958264631296,1788236658000,1132636093246603264,NL01AJ4206,1875000,1788238533000,17.9816304522853,20.379,0.5,6.811223656168674,2.9919733998961395,20.0,6.811223656168674,1788236658000-632578958264631296-1132636093246603264,,,,,
1259200800735887360,1788280966000-632578958264631296-1259200800735887360,1788280966000,1788283510000,1,20.351,7.78,2.615809768637532,632578958264631296,1788280966000,1259200800735887360,NL01AH5402,2544000,1788283510000,20.539414309827865,20.351,0.6500000000005457,7.7800811779651,2.6157824750773173,21.50999999998021,7.7800811779651,1788280966000-632578958264631296-1259200800735887360,,,,,
970288452387995648,1788262419000-632578958264631296-970288452387995648,1788262419000,1788264493000,1,20.338,5.635,3.609228039041704,632578958264631296,1788262419000,970288452387995648,RJ47GA3399,2074000,1788264493000,14.875254587729458,20.338,0.5500000000010914,5.634566131715704,3.6095059538873775,13.875,5.634566131715704,1788262419000-632578958264631296-970288452387995648,,,,,
870575606247456768,1788243425000-632578958264631296-870575606247456768,1788243425000,1788246777000,1,20.32,8.632,2.3540315106580167,632578958264631296,1788243425000,870575606247456768,RJ47GA4668,3352000,1788246777000,22.788667106722485,20.32,0.7999999999992724,8.632070873758517,2.3540121828439537,21.20000000001164,8.632070873758517,1788243425000-632578958264631296-870575606247456768,,,,,0.0
1152269234303139840,1788235058000-632578958264631296-1152269234303139840,1788235058000,1788237507000,1,20.292,8.5,2.387294117647059,632578958264631296,1788235058000,1152269234303139840,NL01AJ4202,2449000,1788237507000,22.44,20.292,0.650000000000091,8.5,2.387294117647059,21.0,8.5,1788235058000-632578958264631296-1152269234303139840,,,,,
787737136659955712,1788303517000-632578958264631296-787737136659955712,1788303517000,1788306309000,1,20.28,6.593,3.075989686030639,632578958264631296,1788303517000,787737136659955712,RJ47GA3339,2792000,1788306309000,17.40536559238842,20.28,0.75,6.592941512268341,3.076016973950455,21.900000000023283,6.592941512268342,1788303517000-632578958264631296-787737136659955712,,['900758004226326539'],,900758004226326539,
1332765289414131712,1788244387000-632578958264631296-1332765289414131712,1788244387000,1788246662000,1,20.203,9.087,2.2232860129855836,632578958264631296,1788244387000,1332765289414131712,RJ47GA5602,2275000,1788246662000,23.988834583345575,20.203,0.0,9.086679766418778,2.2233643662301485,21.29999999998836,9.086679766418778,1788244387000-632578958264631296-1332765289414131712,,,,,
873822835015942144,1788252633000-632578958264631296-873822835015942144,1788252633000,1788254613000,1,20.196,4.127,4.893627332202569,632578958264631296,1788252633000,873822835015942144,RJ14GN1589,1980000,1788254613000,10.894723849619115,20.196,0.5,4.1267893369769375,4.893877140526514,18.899999999965075,4.1267893369769375,1788252633000-632578958264631296-873822835015942144,,['1096406669316849665'],,,0.0
1050036019790872576,1788277401000-632578958264631296-1050036019790872576,1788277401000,1788280414000,1,20.181,8.575,2.3534693877551023,632578958264631296,1788277401000,1050036019790872576,RJ47GA5530,3013000,1788280414000,22.63748604675473,20.181,0.8000000000010914,8.574805320740428,2.353522820067638,21.20000000001164,8.574805320740428,1788277401000-632578958264631296-1050036019790872576,,,,,
1067774753596506112,1788222931000-632578958264631296-1067774753596506112,1788222931000,1788225637000,1,20.177,8.504,2.372648165569144,632578958264631296,1788222931000,1067774753596506112,RJ47GA6417,2706000,1788225637000,22.450371457412135,20.177,0.7000000000007276,8.503928582353081,2.3726680915301053,20.79999999998836,8.503928582353081,1788222931000-632578958264631296-1067774753596506112,,,,,
1525559056574447616,1788223918000-632578958264631296-1525559056574447616,1788223918000,1788225898000,1,20.177,6.84,2.9498538011695907,632578958264631296,1788223918000,1525559056574447616,NL01AK6560,1980000,1788225898000,18.057907175427218,20.177,0.5,6.840116354328491,2.949803622453264,21.25,6.840116354328492,1788223918000-632578958264631296-1525559056574447616,,,,,
1536014529144553472,1788242135000-632578958264631296-1536014529144553472,1788242135000,1788244872000,1,20.157,10.636,1.8951673561489284,632578958264631296,1788242135000,1536014529144553472,NL01AK8376,2737000,1788244872000,28.078803472634096,20.157,0.7000000000000455,10.635910406300793,1.8951833204667503,20.7599999999984,10.635910406300793,1788242135000-632578958264631296-1536014529144553472,,,,,
1142833661045899264,1788255259000-632578958264631296-1142833661045899264,1788255259000,1788257297000,1,20.138,8.012,2.5134797803295057,632578958264631296,1788255259000,1142833661045899264,RJ47GA6293,2038000,1788257297000,21.15199234237908,20.138,0.5,8.012118311507228,2.513442664853968,19.0,8.012118311507228,1788255259000-632578958264631296-1142833661045899264,,,,,
1405141042860130304,1788236815000-632578958264631296-1405141042860130304,1788236815000,1788240177000,1,20.127,8.474,2.375147510030682,632578958264631296,1788236815000,1405141042860130304,NL01AJ7418,3362000,1788240177000,22.37255027242287,20.127,0.900000000000091,8.474450860766238,2.375021146583198,21.210000000006403,8.474450860766238,1788236815000-632578958264631296-1405141042860130304,,,,,
964169792938311680,1788277325000-632578958264631296-964169792938311680,1788277325000,1788280193000,1,20.125,7.904,2.5461791497975708,632578958264631296,1788277325000,964169792938311680,RJ47GA2728,2868000,1788280193000,20.86780068401131,20.125,0.75,7.90446995606489,2.5460277680679426,20.125,7.904469956064889,1788277325000-632578958264631296-964169792938311680,,,,,
1536014603211767808,1788237478000-632578958264631296-1536014603211767808,1788237478000,1788240304000,1,20.082,9.034,2.222935576710206,632578958264631296,1788237478000,1536014603211767808,NL01AK9193,2826000,1788240304000,23.85042588327537,20.082,0.75,9.034252228513397,2.222873514270315,20.724999999998545,9.034252228513397,1788237478000-632578958264631296-1536014603211767808,,,,,
929711155667009536,1788246741000-632578958264631296-929711155667009536,1788246741000,1788248655000,1,20.035,4.273,4.688743271706062,632578958264631296,1788246741000,929711155667009536,RJ47GA3528,1914000,1788248655000,11.279542364156926,20.035,0.5,4.272553925817017,4.689232797961425,21.125,4.272553925817017,1788246741000-632578958264631296-929711155667009536,,,,,
1108703058243616768,1788261663000-632578958264631296-1108703058243616768,1788261663000,1788266814000,1,20.011,9.928,2.0156124093473005,632578958264631296,1788261663000,1108703058243616768,RJ47GA3358,5151000,1788266814000,26.210677990362072,20.011,1.3999999999996362,9.928287117561391,2.0155541195624838,19.125,9.928287117561391,1788261663000-632578958264631296-1108703058243616768,,,,,
1422205727123963904,1788256068000-632578958264631296-1422205727123963904,1788256068000,1788259441000,1,20.002,8.25,2.4244848484848482,632578958264631296,1788256068000,1422205727123963904,NL01AJ9006,3373000,1788259441000,21.780845537399493,20.002,0.8999999999996362,8.25032027931799,2.424390729429168,20.375,8.25032027931799,1788256068000-632578958264631296-1422205727123963904,,,,,
939547417898909696,1788249214000-632578958264631296-939547417898909696,1788249214000,1788251056000,1,19.964,7.786,2.5640893912150013,632578958264631296,1788249214000,939547417898909696,RJ14GN1565,1842000,1788251056000,20.554801930965834,19.964,0.5,7.785909822335542,2.5641190889122565,20.599999999976717,7.785909822335542,1788249214000-632578958264631296-939547417898909696,,,,,
1536014751404916736,1788222441000-632578958264631296-1536014751404916736,1788222441000,1788225451000,1,19.903,5.86,3.3964163822525593,632578958264631296,1788222441000,1536014751404916736,RJ47GA8945,3010000,1788225451000,15.471139597858048,19.903,0.44999999999998863,5.860280150703806,3.396254016560914,,5.860280150703806,1788222441000-632578958264631296-1536014751404916736,,,,,
1134877765846171648,1788258183000-632578958264631296-1134877765846171648,1788258183000,1788260001000,1,19.873,7.178,2.7685984954026193,632578958264631296,1788258183000,1134877765846171648,RJ47GA6215,1818000,1788260001000,18.949727743436878,19.873,0.4499999999998181,7.177927175544272,2.768626584525513,20.5,7.177927175544272,1788258183000-632578958264631296-1134877765846171648,,,,,
1079796452147855360,1788250422000-632578958264631296-1079796452147855360,1788250422000,1788252991000,1,19.864,4.286,4.634624358376109,632578958264631296,1788250422000,1079796452147855360,RJ47GA3909,2569000,1788252991000,11.313723319520026,19.864,0.6499999999996362,4.285501257393949,4.63516373160032,20.125,4.285501257393949,1788250422000-632578958264631296-1079796452147855360,,,,,
1045014601197944832,1788270165000-632578958264631296-1045014601197944832,1788270165000,1788273075000,1,19.854,14.02,1.416119828815977,632578958264631296,1788270165000,1045014601197944832,RJ47GA5632,2910000,1788273075000,37.01162475360066,19.854,0.7999999999992724,14.019554830909339,1.416164795491743,20.89999999999418,14.019554830909339,1788270165000-632578958264631296-1045014601197944832,,,,,
1045646397224779776,1788254893000-632578958264631296-1045646397224779776,1788254893000,1788258213000,1,19.853,9.951,1.9950758717716812,632578958264631296,1788254893000,1045646397224779776,RJ47GA5630,3320000,1788258213000,26.271599327487536,19.853,0.0,9.951363381624066,1.9950030200545228,21.0,9.951363381624066,1788254893000-632578958264631296-1045646397224779776,,,,,
1074385452921782272,1788246852000-632578958264631296-1074385452921782272,1788246852000,1788250250000,1,19.852,4.86,4.08477366255144,632578958264631296,1788246852000,1074385452921782272,RJ47GA5841,3398000,1788250250000,12.830798249271819,19.852,0.8500000000003638,4.860150851996901,4.084646877132089,20.079999999987194,4.860150851996901,1788246852000-632578958264631296-1074385452921782272,,,,,
1045014601197944832,1788234856000-632578958264631296-1045014601197944832,1788234856000,1788237401000,1,19.836,10.455,1.897274031563845,632578958264631296,1788234856000,1045014601197944832,RJ47GA5632,2545000,1788237401000,27.600695891035517,19.836,0.7000000000007276,10.454809049634665,1.8973086840541722,21.39999999999418,10.454809049634665,1788234856000-632578958264631296-1045014601197944832,,,,,
935951856658546688,1788230451000-632578958264631296-935951856658546688,1788230451000,1788232990000,1,19.801,11.565,1.7121487246000864,632578958264631296,1788230451000,935951856658546688,RJ47GA4709,2539000,1788232990000,30.53060960303393,19.801,0.6499999999996362,11.564624849634065,1.7122042658069063,20.299999999995634,11.564624849634065,1788230451000-632578958264631296-935951856658546688,,,,,
919290820798971904,1788240195000-632578958264631296-919290820798971904,1788240195000,1788242412000,1,19.789,4.451,4.4459671983823865,632578958264631296,1788240195000,919290820798971904,RJ47GA2137,2217000,1788242412000,11.750804861234451,19.789,0.6000000000003638,4.451062447437292,4.44590482243033,17.0,3.944538740925187,1788240195000-632578958264631296-919290820798971904,,,,,
938815406225752064,1788231652000-632578958264631296-938815406225752064,1788231652000,1788235108000,1,19.765,4.315,4.580533024333719,632578958264631296,1788231652000,938815406225752064,RJ47GA3910,3456000,1788235108000,11.392846093453699,19.765,0.8999999999996362,4.3154720050960975,4.58003202816742,,4.3154720050960975,1788231652000-632578958264631296-938815406225752064,,,,,
1428064485414797312,1788226386000-632578958264631296-1428064485414797312,1788226386000,1788228367000,1,19.748,8.809,2.241798160971734,632578958264631296,1788226386000,1428064485414797312,NL01AJ9496,1981000,1788228367000,23.256365982142867,19.748,0.5,8.809229538690479,2.241739747303214,20.625,8.809229538690479,1788226386000-632578958264631296-1428064485414797312,,,,,
1079796452147855360,1788283515000-632578958264631296-1079796452147855360,1788283515000,1788286301000,1,19.731,4.784,4.124372909698997,632578958264631296,1788283515000,1079796452147855360,RJ47GA3909,2786000,1788286301000,12.630137061503055,19.731,0.75,4.784142826326915,4.124249780215847,20.25,4.784142826326915,1788283515000-632578958264631296-1079796452147855360,,,,,
1083729038846984192,1788235303000-632578958264631296-1083729038846984192,1788235303000,1788237216000,1,19.725,9.817,2.0092696343078336,632578958264631296,1788235303000,1083729038846984192,RJ47GA6358,1913000,1788237216000,25.917877515306447,19.725,0.5,9.817377846706988,2.0091923024656015,20.79999999998836,9.817377846706988,1788235303000-632578958264631296-1083729038846984192,,,,,
873109579045535744,1788261728000-632578958264631296-873109579045535744,1788261728000,1788263721000,1,19.717,3.559,5.540039336892385,632578958264631296,1788261728000,873109579045535744,RJ14GN1568,1993000,1788263721000,9.395438110094565,19.717,0.5,3.5588780720055166,5.540229139934816,19.900000000023283,3.5588780720055166,1788261728000-632578958264631296-873109579045535744,,,,,0.0
947104127047958528,1788250145000-632578958264631296-947104127047958528,1788250145000,1788252255000,1,19.64,5.864,3.34924965893588,632578958264631296,1788250145000,947104127047958528,RJ47GA1393,2110000,1788252255000,15.48081369849908,19.64,0.0,5.863944582764803,3.3492813110351562,,0.001,1788250145000-632578958264631296-947104127047958528,,,,,
871730443827806208,1788306562000-632578958264631296-871730443827806208,1788306562000,1788308819000,1,19.625,5.093,3.8533280973885726,632578958264631296,1788306562000,871730443827806208,RJ47GA4670,2257000,1788308819000,13.446401076173744,19.625,0.5999999999985448,5.093333740974903,3.8530756078520048,19.599999999976717,5.093333740974903,1788306562000-632578958264631296-871730443827806208,,,,,0.3679999999999987
780059706918961152,1788236252000-632578958264631296-780059706918961152,1788236252000,1788238766000,1,19.574,6.237,3.138367805034472,632578958264631296,1788236252000,780059706918961152,RJ47GA3183,2514000,1788238766000,16.46692823857755,19.574,0.6499999999996362,6.237472817643011,3.138129908098988,21.900000000023283,6.237472817643011,1788236252000-632578958264631296-780059706918961152,,['900758004217937931'],,900758004217937931,
1464260641047969792,1788257457000-632578958264631296-1464260641047969792,1788257457000,1788259568000,1,19.557,5.952,3.2857862903225805,632578958264631296,1788257457000,1464260641047969792,NL01AK1966,2111000,1788259568000,15.713542046590023,19.557,0.5499999999997272,5.952099260071978,3.28573149496897,20.125,5.952099260071978,1788257457000-632578958264631296-1464260641047969792,,,,,
1061979678694178816,1788262300000-632578958264631296-1061979678694178816,1788262300000,1788265210000,1,19.546,5.251,3.7223386021710145,632578958264631296,1788262300000,1061979678694178816,RJ47GA3541,2910000,1788265210000,13.863098932508223,19.546,0.7999999999992724,5.2511738380712965,3.722215375596678,20.375,5.2511738380712965,1788262300000-632578958264631296-1061979678694178816,,,,,
1397607641592627200,1788235105000-632578958264631296-1397607641592627200,1788235105000,1788238030000,1,19.469,4.753,4.096149800126236,632578958264631296,1788235105000,1397607641592627200,NL01AJ6923,2925000,1788238030000,12.548537796714122,19.469,0.75,4.753234013906864,4.095948136161234,19.625,4.753234013906864,1788235105000-632578958264631296-1397607641592627200,,,,,
942723675356921856,1788224137000-632578958264631296-942723675356921856,1788224137000,1788227745000,1,19.414,12.219,1.5888370570423114,632578958264631296,1788224137000,942723675356921856,RJ14GN1566,3608000,1788227745000,32.25913131722102,19.414,1.0,12.219367923189779,1.5887892174157658,20.0,12.219367923189779,1788224137000-632578958264631296-942723675356921856,,,,,
932612842287267840,1788264043000-632578958264631296-932612842287267840,1788264043000,1788266328000,1,19.382,4.698,4.125585355470413,632578958264631296,1788264043000,932612842287267840,RJ47GA4652,2285000,1788266328000,12.40366175819019,19.382,0.0,4.698356726587193,4.125272117019255,19.875,4.698356726587193,1788264043000-632578958264631296-932612842287267840,,,,,
929721011920699392,1788260167000-632578958264631296-929721011920699392,1788260167000,1788262227000,1,19.374,3.79,5.111873350923482,632578958264631296,1788260167000,929721011920699392,RJ47GA3431,2060000,1788262227000,10.004370848221985,19.374,0.5499999999992724,3.789534412205297,5.112501403233178,20.75,3.143852523632237,1788260167000-632578958264631296-929721011920699392,,,,,
1065321017443876864,1788264221000-632578958264631296-1065321017443876864,1788264221000,1788267921000,1,19.37,4.839,4.002893159743748,632578958264631296,1788264221000,1065321017443876864,RJ47GA2745,3700000,1788267921000,12.774756155191081,19.37,1.0,4.8389227860572275,4.002957033291029,,4.8389227860572275,1788264221000-632578958264631296-1065321017443876864,,,,,
942721856836730880,1788241534000-632578958264631296-942721856836730880,1788241534000,1788244221000,1,19.365,6.016,3.218916223404255,632578958264631296,1788241534000,942721856836730880,RJ47GA4500,2687000,1788244221000,15.880942402117237,19.365,0.75,6.015508485650468,3.2191792341734224,20.0,6.015508485650468,1788241534000-632578958264631296-942721856836730880,,,,,
947091862986948608,1788223161000-632578958264631296-947091862986948608,1788223161000,1788227747000,1,19.33,12.897,1.4987981701170814,632578958264631296,1788223161000,947091862986948608,RJ47GA3376,4586000,1788227747000,34.047695898460454,19.33,1.25,12.896854506992595,1.4988150784766465,19.875,12.896854506992595,1788223161000-632578958264631296-947091862986948608,,,,,
860146891080335360,1788305072000-632578958264631296-860146891080335360,1788305072000,1788311804000,1,19.272,12.718,1.5153325994653246,632578958264631296,1788305072000,860146891080335360,RJ47GA3610,6732000,1788311804000,33.576451256749436,19.272,1.8500000000003638,12.718352748768725,1.5152905710895412,16.0,12.718352748768725,1788305072000-632578958264631296-860146891080335360,,,,,
1540361293100220416,1788246611000-632578958264631296-1540361293100220416,1788246611000,1788249353000,1,19.248,4.779,4.0276208411801635,632578958264631296,1788246611000,1540361293100220416,NL01AK8392,2742000,1788249353000,12.617062633244974,19.248,0.7000000000000455,4.779190391380672,4.02746039051175,19.775000000001455,4.779190391380672,1788246611000-632578958264631296-1540361293100220416,,,,,
1103352309556969472,1788225655000-632578958264631296-1103352309556969472,1788225655000,1788227703000,1,19.215,3.613,5.318295045668419,632578958264631296,1788225655000,1103352309556969472,RJ47GA5608,2048000,1788227703000,9.53850485907277,19.215,0.0,3.613070022376049,5.318191975522167,20.0,2.2545492521614956,1788225655000-632578958264631296-1103352309556969472,,,,,
1571542304466927616,1788254571000-632578958264631296-1571542304466927616,1788254571000,1788256545000,1,19.212,4.505,4.264594894561598,632578958264631296,1788254571000,1571542304466927616,NL01AL0746,1974000,1788256545000,11.893266000381029,19.212,0.5,4.505025000144329,4.264571228657887,19.049999999999272,4.505025000144329,1788254571000-632578958264631296-1571542304466927616,,,,,
1050036019790872576,1788265848000-632578958264631296-1050036019790872576,1788265848000,1788267701000,1,19.205,6.648,2.8888387484957883,632578958264631296,1788265848000,1050036019790872576,RJ47GA5530,1853000,1788267701000,17.550856538226476,19.205,0.4500000000007276,6.64805171902518,2.8888162745545056,19.600000000034925,6.64805171902518,1788265848000-632578958264631296-1050036019790872576,,,,,
1422205318414204928,1788247367000-632578958264631296-1422205318414204928,1788247367000,1788249383000,1,19.189,6.964,2.755456634118323,632578958264631296,1788247367000,1422205318414204928,NL01AJ9002,2016000,1788249383000,18.383768290206547,19.189,0.5499999999997272,6.963548594775207,2.7556352538987987,19.5,6.963548594775207,1788247367000-632578958264631296-1422205318414204928,,,,,
908732861828300800,1788270997000-632578958264631296-908732861828300800,1788270997000,1788276914000,1,19.158,9.412,2.035486612834679,632578958264631296,1788270997000,908732861828300800,RJ47GA2126,5917000,1788276914000,24.848355867152318,19.158,1.5999999999985448,9.412256010284969,2.0354312482645662,20.125,9.41225601028497,1788270997000-632578958264631296-908732861828300800,,,,,
1364616390270517248,1788227905000-632578958264631296-1364616390270517248,1788227905000,1788229642000,1,19.097,7.45,2.5633557046979867,632578958264631296,1788227905000,1364616390270517248,NL01AJ4204,1737000,1788229642000,19.667582294168604,19.097,0.4499999999998181,7.449841778094167,2.563410145991776,19.625,7.449841778094167,1788227905000-632578958264631296-1364616390270517248,,,,,
931892603408875520,1788272900000-632578958264631296-931892603408875520,1788272900000,1788274900000,1,19.083,5.714,3.3396919845992294,632578958264631296,1788272900000,931892603408875520,RJ14GN0974,2000000,1788274900000,15.084738608661818,19.083,0.0,5.713916139644628,3.33974099962672,19.5,5.713916139644628,1788272900000-632578958264631296-931892603408875520,,,,,
1070370579279773696,1788233782000-632578958264631296-1070370579279773696,1788233782000,1788235407000,1,19.082,3.703,5.1531190926276,632578958264631296,1788233782000,1070370579279773696,RJ47GA3736,1625000,1788235407000,9.776161709528397,19.082,0.3999999999996362,3.7030915566395444,5.152991684957528,19.125,3.7030915566395444,1788233782000-632578958264631296-1070370579279773696,,,,,
1188192864341852160,1788225203000-632578958264631296-1188192864341852160,1788225203000,1788227143000,1,19.07,3.825,4.98562091503268,632578958264631296,1788225203000,1188192864341852160,RJ47GA6479,1940000,1788227143000,10.096791544195128,19.07,0.5,3.8245422515890635,4.986217629593864,20.20000000001164,3.824542251589064,1788225203000-632578958264631296-1188192864341852160,,,,,
1081223436249858048,1788226009000-632578958264631296-1081223436249858048,1788226009000,1788227724000,1,19.0,5.289,3.592361505010399,632578958264631296,1788226009000,1081223436249858048,RJ47GA5875,1715000,1788227724000,13.96304920859968,19.0,0.25,5.289033791136242,3.5923385537527897,19.0,5.289033791136242,1788226009000-632578958264631296-1081223436249858048,,,,,
1428031634325635072,1788256054000-632578958264631296-1428031634325635072,1788256054000,1788257843000,1,18.957,3.321,5.708220415537489,632578958264631296,1788256054000,1428031634325635072,NL01AJ9500,1789000,1788257843000,8.766659924099171,18.957,0.5,3.320704516704231,5.708728345036447,19.375,2.7908900807134276,1788256054000-632578958264631296-1428031634325635072,,,,,
1462138501628690432,1788278972000-632578958264631296-1462138501628690432,1788278972000,1788281116000,1,18.859,5.442,3.465453877251011,632578958264631296,1788278972000,1462138501628690432,RJ47GA5314,2144000,1788281116000,14.366852536221336,18.859,0.6000000000003638,5.441989597053536,3.4654605018375735,19.29999999998836,5.441989597053536,1788278972000-632578958264631296-1462138501628690432,,,,,
970288452387995648,1788253030000-632578958264631296-970288452387995648,1788253030000,1788255084000,1,18.85,8.262,2.281529895908981,632578958264631296,1788253030000,970288452387995648,RJ47GA3399,2054000,1788255084000,21.81111094630475,18.85,0.5499999999992724,8.26178444935786,2.2815894212133676,12.375,8.26178444935786,1788253030000-632578958264631296-970288452387995648,,,,,
1585283247909109760,1788281421000-632578958264631296-1585283247909109760,1788281421000,1788284903000,1,18.839,9.516,1.9797183690626312,632578958264631296,1788281421000,1585283247909109760,RJ47GA5321,3482000,1788284903000,25.121157082776964,18.839,0.9499999999998181,9.515589804082182,1.9798037103194674,19.599999999976717,9.515589804082182,1788281421000-632578958264631296-1585283247909109760,,,,,
1138167953473142784,1788235819000-632578958264631296-1138167953473142784,1788235819000,1788238918000,1,18.821,7.679,2.4509701784086473,632578958264631296,1788235819000,1138167953473142784,RJ47GA6240,3099000,1788238918000,20.272870678346806,18.821,0.8500000000003638,7.679117681191972,2.450932617701277,20.0,7.679117681191972,1788235819000-632578958264631296-1138167953473142784,,,,,
1060630916881186816,1788256297000-632578958264631296-1060630916881186816,1788256297000,1788259119000,1,18.8,8.978,2.094007574069949,632578958264631296,1788256297000,1060630916881186816,RJ47GA5617,2822000,1788259119000,23.70292704710676,18.800000000017462,0.75,8.978381457237408,2.0939186076642935,18.800000000017462,8.978381457237408,1788256297000-632578958264631296-1060630916881186816,,,,,
1466797477431607296,1788286468000-632578958264631296-1466797477431607296,1788286468000,1788288995000,1,18.749,6.813,2.75194481138999,632578958264631296,1788286468000,1466797477431607296,NL01AK2192,2527000,1788288995000,17.98673985992395,18.749,0.7000000000000455,6.813159037849982,2.751880573437574,18.75,6.813159037849982,1788286468000-632578958264631296-1466797477431607296,,,,,
1076923321632686080,1788276065000-632578958264631296-1076923321632686080,1788276065000,1788280373000,1,18.714,4.496,4.162366548042704,632578958264631296,1788276065000,1076923321632686080,RJ47GA2652,4308000,1788280373000,11.87012122724429,18.714,1.1499999999996362,4.496258040622837,4.162127669480391,,4.496258040622837,1788276065000-632578958264631296-1076923321632686080,,,,,
1499777554695847936,1788249450000-632578958264631296-1499777554695847936,1788249450000,1788251827000,1,18.7,7.56,2.4735449735449735,632578958264631296,1788249450000,1499777554695847936,NL01AK3108,2377000,1788251827000,19.957171591634832,18.7,0.650000000000091,7.559534693801073,2.4736972257478054,19.75,7.559534693801073,1788249450000-632578958264631296-1499777554695847936,,,,,
1127222273418199040,1788270507000-632578958264631296-1127222273418199040,1788270507000,1788272268000,1,18.667,7.314,2.5522286026797922,632578958264631296,1788270507000,1127222273418199040,RJ47GA3844,1761000,1788272268000,19.308012973953932,18.667,0.4500000000007276,7.313641278012852,2.5523537852641174,17.625,7.313641278012853,1788270507000-632578958264631296-1127222273418199040,,,,,
1126869078934290432,1788260300000-632578958264631296-1126869078934290432,1788260300000,1788262145000,1,18.626,3.846,4.842953718148726,632578958264631296,1788260300000,1126869078934290432,RJ47GA4863,1845000,1788262145000,10.152504930275455,18.626,0.5,3.845645806922521,4.843399765644424,19.20000000001164,3.204859338269264,1788260300000-632578958264631296-1126869078934290432,,,,,
929707161364201472,1788279036000-632578958264631296-929707161364201472,1788279036000,1788282550000,1,18.625,5.242,3.5530331934376194,632578958264631296,1788279036000,929707161364201472,RJ47GA3515,3514000,1788282550000,13.838436161624891,18.625,0.9499999999989086,5.241831879403367,3.5531471494121867,20.125,5.241831879403367,1788279036000-632578958264631296-929707161364201472,,,,,
870575606247456768,1788223728000-632578958264631296-870575606247456768,1788223728000,1788225364000,1,18.611,8.23,2.2613608748481164,632578958264631296,1788223728000,870575606247456768,RJ47GA4668,1636000,1788225364000,21.7275170699882,18.611,0.3999999999996362,8.230120102268257,2.261327874774358,18.599999999976717,8.230120102268257,1788223728000-632578958264631296-870575606247456768,,,,,0.0
1050037424450699264,1788242093000-632578958264631296-1050037424450699264,1788242093000,1788244005000,1,18.61,6.276,2.9652644996813255,632578958264631296,1788242093000,1050037424450699264,RJ47GA5931,1912000,1788244005000,16.568376007035344,18.61,0.5,6.275900002664903,2.965311746856663,19.175000000017462,6.275900002664903,1788242093000-632578958264631296-1050037424450699264,,,,,
1125482414773108736,1788227844000-632578958264631296-1125482414773108736,1788227844000,1788232868000,1,18.565,11.91,1.5587741393786734,632578958264631296,1788227844000,1125482414773108736,RJ47GA3886,5024000,1788232868000,31.44317549778163,18.565,1.3999999999996362,11.910293749159708,1.558735694601134,19.125,11.910293749159708,1788227844000-632578958264631296-1125482414773108736,,,,,
947104127047958528,1788255673000-632578958264631296-947104127047958528,1788255673000,1788257392000,1,18.558,5.596,3.3162973552537527,632578958264631296,1788255673000,947104127047958528,RJ47GA1393,1719000,1788257392000,14.773600658524073,18.558,0.0,5.596060855501542,3.3162612915039067,,0.001,1788255673000-632578958264631296-947104127047958528,,,,,
997896292355014656,1788233012000-632578958264631296-997896292355014656,1788233012000,1788239746000,1,18.519,11.012,1.6817108608790408,632578958264631296,1788233012000,997896292355014656,RJ47GA5837,6734000,1788239746000,29.072055022908227,18.519,1.8500000000003638,11.012142054131903,1.681689167190812,19.39999999999418,11.012142054131903,1788233012000-632578958264631296-997896292355014656,,,,,
965194336809517056,1788303001000-632578958264631296-965194336809517056,1788303001000,1788305053000,1,18.488,9.971,1.8541771136295255,632578958264631296,1788303001000,965194336809517056,RJ14GN1584,2052000,1788305053000,26.322681477275143,18.488,0.0,9.970712680786038,1.8542305441843805,,9.970712680786038,1788303001000-632578958264631296-965194336809517056,,,,,
1083726561296777216,1788242352000-632578958264631296-1083726561296777216,1788242352000,1788244359000,1,18.486,7.906,2.338224133569441,632578958264631296,1788242352000,1083726561296777216,RJ47GA6360,2007000,1788244359000,20.87085349511499,18.486,0.5500000000001819,7.905626323907192,2.338334654661957,19.39999999999418,7.905626323907192,1788242352000-632578958264631296-1083726561296777216,,,,,
780059706918961152,1788239136000-632578958264631296-780059706918961152,1788239136000,1788240624000,1,18.423,4.584,4.018979057591623,632578958264631296,1788239136000,780059706918961152,RJ47GA3183,1488000,1788240624000,12.101318173998115,18.423,0.3999999999996362,4.5838326416659525,4.019125792800395,20.600000000034925,4.5838326416659525,1788239136000-632578958264631296-780059706918961152,,['900758004217937931'],,900758004217937931,
870309644059279360,1788221666000-632578958264631296-870309644059279360,1788221666000,1788223434000,1,18.371,6.714,2.7362228179922545,632578958264631296,1788221666000,870309644059279360,RJ47GA4518,1768000,1788223434000,17.72519146388994,18.371,0.5,6.714087675715885,2.7361870871072895,18.400000000023283,6.714087675715885,1788221666000-632578958264631296-870309644059279360,,,,,0.0
1070334753032372224,1788279819000-632578958264631296-1070334753032372224,1788279819000,1788284132000,1,18.347,9.665,1.8982928091050184,632578958264631296,1788279819000,1070334753032372224,RJ47GA4000,4313000,1788284132000,25.51668144386575,18.347,0.0,9.665409637827935,1.898212355966223,18.875,9.665409637827935,1788279819000-632578958264631296-1070334753032372224,,['1096406669480427549'],,,
925753337108758528,1788246970000-632578958264631296-925753337108758528,1788246970000,1788249035000,1,18.32,5.483,3.3412365493343064,632578958264631296,1788246970000,925753337108758528,RJ47GA2620,2065000,1788249035000,14.47529296812272,18.32,0.5500000000010914,5.483065518228303,3.341196624241614,22.5,5.483065518228303,1788246970000-632578958264631296-925753337108758528,,,,,
1073994678560358400,1788223145000-632578958264631296-1073994678560358400,1788223145000,1788225106000,1,18.313,7.45,2.4581208053691275,632578958264631296,1788223145000,1073994678560358400,RJ47GA5628,1961000,1788225106000,19.668245828852026,18.313,0.5,7.450093116989403,2.45809008188616,19.399999999965075,7.450093116989403,1788223145000-632578958264631296-1073994678560358400,,,,,
1131239476161413120,1788247010000-632578958264631296-1131239476161413120,1788247010000,1788248713000,1,18.288,7.297,2.506235439221598,632578958264631296,1788247010000,1131239476161413120,RJ47GA6182,1703000,1788248713000,19.263626494338016,18.288,0.4499999999998181,7.296828217552278,2.506294441194165,19.5,7.296828217552278,1788247010000-632578958264631296-1131239476161413120,,,,,
1428031634325635072,1788230198000-632578958264631296-1428031634325635072,1788230198000,1788232501000,1,18.26,3.62,5.044198895027624,632578958264631296,1788230198000,1428031634325635072,NL01AJ9500,2303000,1788232501000,9.556605512192661,18.26,0.5,3.619926330376008,5.044301550220583,17.0,3.619926330376008,1788230198000-632578958264631296-1428031634325635072,,,,,
934473019407990784,1788252394000-632578958264631296-934473019407990784,1788252394000,1788257932000,1,18.222,7.961,2.2889084285893735,632578958264631296,1788252394000,934473019407990784,RJ47GA4712,5538000,1788257932000,21.017415810879104,18.222,1.4500000000007276,7.961142352605721,2.288867500784715,18.20000000001164,7.961142352605721,1788252394000-632578958264631296-934473019407990784,,,,,
1136692610564358144,1788267544000-632578958264631296-1136692610564358144,1788267544000,1788269414000,1,18.185,5.424,3.352691740412979,632578958264631296,1788267544000,1136692610564358144,RJ47GA5938,1870000,1788269414000,14.31840875099238,18.185,0.5,5.423639678406204,3.3529144777818023,16.39999999999418,5.423639678406204,1788267544000-632578958264631296-1136692610564358144,,,,,
1046442314819436544,1788268627000-632578958264631296-1046442314819436544,1788268627000,1788271165000,1,18.174,5.659,3.2115214702244215,632578958264631296,1788268627000,1046442314819436544,RJ47GA3600,2538000,1788271165000,14.940739804045409,18.174,0.6999999999999886,5.659371137895988,3.211310860725179,,5.659371137895988,1788268627000-632578958264631296-1046442314819436544,,,,,
1396881382210273280,1788268560000-632578958264631296-1396881382210273280,1788268560000,1788270940000,1,18.14,5.863,3.093979191540167,632578958264631296,1788268560000,1396881382210273280,NL01AJ6927,2380000,1788270940000,15.47752446773518,18.14,0.599999999999909,5.862698662020901,3.0941382195732796,19.375,5.862698662020901,1788268560000-632578958264631296-1396881382210273280,,,,,
1070378226594873344,1788257343000-632578958264631296-1070378226594873344,1788257343000,1788259179000,1,18.1,5.701,3.174881599719348,632578958264631296,1788257343000,1070378226594873344,RJ47GA3436,1836000,1788259179000,15.049780160177091,18.1,0.4499999999989086,5.700674303097383,3.1750629903844207,18.5,5.700674303097383,1788257343000-632578958264631296-1070378226594873344,,,,,
1079787761596104704,1788227049000-632578958264631296-1079787761596104704,1788227049000,1788228581000,1,18.088,5.435,3.3280588776448945,632578958264631296,1788227049000,1079787761596104704,RJ47GA5703,1532000,1788228581000,14.349259150345954,18.088,0.3500000000003638,5.435325435737104,3.3278596127974116,18.400000000023283,5.435325435737104,1788227049000-632578958264631296-1079787761596104704,,,,,
1536014674678513664,1788258501000-632578958264631296-1536014674678513664,1788258501000,1788260325000,1,18.077,5.645,3.202302922940656,632578958264631296,1788258501000,1536014674678513664,NL01AL0108,1824000,1788260325000,14.903759521735166,18.077,0.4500000000000455,5.645363455202714,3.2020967548759693,18.63000000000102,5.645363455202714,1788258501000-632578958264631296-1536014674678513664,,,,,
1061980520671346688,1788263182000-632578958264631296-1061980520671346688,1788263182000,1788265429000,1,18.058,7.063,2.5567039501628206,632578958264631296,1788263182000,1061980520671346688,RJ47GA3390,2247000,1788265429000,18.64562830130501,18.058,0.6000000000003638,7.0627379929185645,2.5567987964590793,19.125,7.0627379929185645,1788263182000-632578958264631296-1061980520671346688,,,,,
966384365741277184,1788272395000-632578958264631296-966384365741277184,1788272395000,1788274639000,1,18.044,4.492,4.016918967052538,632578958264631296,1788272395000,966384365741277184,RJ47GA4707,2244000,1788274639000,11.859610311260504,18.044,0.5499999999992724,4.492276633053221,4.0166716063824,17.900000000023283,4.492276633053221,1788272395000-632578958264631296-966384365741277184,,,,,
1385305035948163072,1788251483000-632578958264631296-1385305035948163072,1788251483000,1788254807000,1,18.039,4.948,3.6457154405820535,632578958264631296,1788251483000,1385305035948163072,NL01AJ5689,3324000,1788254807000,13.061762904006427,18.039,0.900000000000091,4.947637463638798,3.6459825790738125,18.5,4.947637463638798,1788251483000-632578958264631296-1385305035948163072,,,,,
927189698663677952,1788244714000-632578958264631296-927189698663677952,1788244714000,1788246677000,1,18.02,8.646,2.0842007864908627,632578958264631296,1788244714000,927189698663677952,RJ47GA3520,1963000,1788246677000,22.82440124597234,18.02,0.5499999999992724,8.64560653256528,2.0842956398864936,17.25,8.64560653256528,1788244714000-632578958264631296-927189698663677952,,,,,
869905949161160704,1788253928000-632578958264631296-869905949161160704,1788253928000,1788255477000,1,17.965,5.011,3.585112751945719,632578958264631296,1788253928000,869905949161160704,RJ47GA4504,1549000,1788255477000,13.230180668983563,17.965,0.3999999999996362,5.011432071584682,3.584803653602996,18.400000000023283,5.011432071584682,1788253928000-632578958264631296-869905949161160704,,,,,0.0
943856131652976640,1788248318000-632578958264631296-943856131652976640,1788248318000,1788250211000,1,17.917,7.106,2.521390374331551,632578958264631296,1788248318000,943856131652976640,RJ47GA3743,1893000,1788250211000,18.76023576059286,17.917,0.4500000000007276,7.106149909315477,2.5213371837980145,18.5,7.106149909315477,1788248318000-632578958264631296-943856131652976640,,,,,
1536014577374855168,1788244526000-632578958264631296-1536014577374855168,1788244526000,1788245952000,1,17.871,6.275,2.8479681274900392,632578958264631296,1788244526000,1536014577374855168,NL01AK9194,1426000,1788245952000,16.565590344032493,17.871,0.34999999999990905,6.274844827285035,2.8480385558366588,18.24499999999898,6.274844827285035,1788244526000-632578958264631296-1536014577374855168,,,,,
1350071704793120768,1788227212000-632578958264631296-1350071704793120768,1788227212000,1788229890000,1,17.844,10.656,1.6745495495495495,632578958264631296,1788227212000,1350071704793120768,RJ47GA3451,2678000,1788229890000,28.13184000000707,17.844,0.6999999999989086,10.656000000002678,1.674549549549129,18.125,10.656000000002678,1788227212000-632578958264631296-1350071704793120768,,,,,
931938734016823296,1788254492000-632578958264631296-931938734016823296,1788254492000,1788256236000,1,17.803,6.476,2.749073502161828,632578958264631296,1788254492000,931938734016823296,RJ14GN0975,1744000,1788256236000,17.09772767082979,17.803,0.4500000000007276,6.476411996526436,2.7488986200304235,18.5,6.476411996526436,1788254492000-632578958264631296-931938734016823296,,,,,
951558414842986496,1788240751000-632578958264631296-951558414842986496,1788240751000,1788242497000,1,17.799,7.332,2.4275777414075286,632578958264631296,1788240751000,951558414842986496,RJ47GA3895,1746000,1788242497000,19.35578943710448,17.799,0.4500000000007276,7.331738423145636,2.4276643509007583,17.875,7.3317384231456355,1788240751000-632578958264631296-951558414842986496,,,,,
942721856836730880,1788231389000-632578958264631296-942721856836730880,1788231389000,1788233863000,1,17.785,8.162,2.179000245037981,632578958264631296,1788231389000,942721856836730880,RJ47GA4500,2474000,1788233863000,21.547956927100067,17.785,0.6499999999996362,8.162104896628813,2.1789722412592027,18.5,8.162104896628813,1788231389000-632578958264631296-942721856836730880,,,,,
1505916014645215232,1788250736000-632578958264631296-1505916014645215232,1788250736000,1788252144000,1,17.752,6.018,2.9498172150216018,632578958264631296,1788250736000,1505916014645215232,RJ47GA8530,1408000,1788252144000,15.887092124004536,17.752,0.3500000000001364,6.017837925759293,2.949896660395712,18.784999999996217,6.017837925759293,1788250736000-632578958264631296-1505916014645215232,,,,,
1135598313102376960,1788270167000-632578958264631296-1135598313102376960,1788270167000,1788273167000,1,17.741,8.125,2.183507692307692,632578958264631296,1788270167000,1135598313102376960,RJ47GA6228,3000000,1788273167000,21.45,17.741,0.75,8.125,2.183507692307692,18.79999999998836,8.125,1788270167000-632578958264631296-1135598313102376960,,,,,
1083726740557135872,1788267005000-632578958264631296-1083726740557135872,1788267005000,1788268759000,1,17.725,3.708,4.780204962243797,632578958264631296,1788267005000,1083726740557135872,RJ47GA6380,1754000,1788268759000,9.789473014967122,17.725,0.5,3.708133717790576,4.780032584844626,18.5,3.708133717790576,1788267005000-632578958264631296-1083726740557135872,,,,,
1536014596580573184,1788250356000-632578958264631296-1536014596580573184,1788250356000,1788251862000,1,17.66,5.902,2.992206031853609,632578958264631296,1788250356000,1536014596580573184,NL01AK9192,1506000,1788251862000,15.581809618160602,17.66,0.35000000000002274,5.902200612939621,2.992104328220105,17.154999999998836,5.902200612939621,1788250356000-632578958264631296-1536014596580573184,,,,,
1050037591694376960,1788241309000-632578958264631296-1050037591694376960,1788241309000,1788243390000,1,17.652,7.144,2.4708846584546476,632578958264631296,1788241309000,1050037591694376960,RJ47GA3487,2081000,1788243390000,18.860290145869573,17.652,0.5500000000010914,7.144049297677868,2.4708676080577554,18.125,7.144049297677868,1788241309000-632578958264631296-1050037591694376960,,,,,
1050036019790872576,1788243742000-632578958264631296-1050036019790872576,1788243742000,1788245778000,1,17.624,7.477,2.3570950916142834,632578958264631296,1788243742000,1050036019790872576,RJ47GA5530,2036000,1788245778000,19.73839138716045,17.624,0.5,7.476663404227443,2.3572012068959887,18.5,7.476663404227442,1788243742000-632578958264631296-1050036019790872576,,,,,
1464286677953413120,1788227350000-632578958264631296-1464286677953413120,1788227350000,1788229350000,1,17.609,10.131,1.7381304905734873,632578958264631296,1788227350000,1464286677953413120,NL01AK1958,2000000,1788229350000,26.745369298577756,17.609,0.5499999999997272,10.130821704006726,1.7381610805602932,17.625,10.130821704006726,1788227350000-632578958264631296-1464286677953413120,,,,,
780451764301201408,1788305682000-632578958264631296-780451764301201408,1788305682000,1788308068000,1,17.573,7.054,2.491210660618089,632578958264631296,1788305682000,780451764301201408,RJ47GA3344,2386000,1788308068000,18.62301834347029,17.573,0.6000000000003638,7.054173614950867,2.4911493477783364,19.79999999998836,7.054173614950866,1788305682000-632578958264631296-780451764301201408,,['900758004230520833'],,900758004230520833,
1471144582421938176,1788273091000-632578958264631296-1471144582421938176,1788273091000,1788276576000,1,17.503,4.45,3.933258426966292,632578958264631296,1788273091000,1471144582421938176,NL01AK2624,3485000,1788276576000,11.747274405920413,17.503,0.9500000000000455,4.449725153757732,3.9335013726002734,18.375,4.449725153757732,1788273091000-632578958264631296-1471144582421938176,,,,,
1525559056574447616,1788238684000-632578958264631296-1525559056574447616,1788238684000,1788240276000,1,17.478,6.283,2.7817921375139267,632578958264631296,1788238684000,1525559056574447616,NL01AK6560,1592000,1788240276000,16.587342184149794,17.478,0.4499999999998181,6.283084160662801,2.781754875961466,17.5,6.283084160662801,1788238684000-632578958264631296-1525559056574447616,,,,,
1067765446171688960,1788264360000-632578958264631296-1067765446171688960,1788264360000,1788267174000,1,17.47,4.376,3.9922303473491767,632578958264631296,1788264360000,1067765446171688960,RJ47GA6211,2814000,1788267174000,11.553821976711653,17.47,0.75,4.3764477184513835,3.991821935024006,18.10000000000582,4.3764477184513835,1788264360000-632578958264631296-1067765446171688960,,,,,
1076924285072703488,1788264012000-632578958264631296-1076924285072703488,1788264012000,1788267314000,1,17.45,3.637,4.797910365686005,632578958264631296,1788264012000,1076924285072703488,RJ47GA3476,3302000,1788267314000,9.601874491079997,17.45,0.8999999999996362,3.637073670863635,4.7978131814570695,17.75,3.1537324209616617,1788264012000-632578958264631296-1076924285072703488,,,,,
1083726655622479872,1788224636000-632578958264631296-1083726655622479872,1788224636000,1788226644000,1,17.441,7.047,2.4749538810841494,632578958264631296,1788224636000,1083726655622479872,RJ47GA6356,2008000,1788226644000,18.605141204648174,17.441,0.5499999999992724,7.047401971457641,2.4748127140522125,18.10000000000582,7.047401971457642,1788224636000-632578958264631296-1083726655622479872,,,,,
947583099720433664,1788306230000-632578958264631296-947583099720433664,1788306230000,1788308552000,1,17.417,5.854,2.97523061154766,632578958264631296,1788306230000,947583099720433664,RJ47GA2689,2322000,1788308552000,15.454837498025073,17.417,0.6000000000003638,5.854105112888285,2.975177190046532,19.25,5.854105112888285,1788306230000-632578958264631296-947583099720433664,,,,,
792451319469178880,1788232058000-632578958264631296-792451319469178880,1788232058000,1788233854000,1,17.395,5.274,3.2982555934774362,632578958264631296,1788232058000,792451319469178880,RJ47GA3115,1796000,1788233854000,13.924554484039737,17.395,0.3999999999996362,5.274452456075657,3.2979726606432194,19.199999999953434,5.274452456075657,1788232058000-632578958264631296-792451319469178880,,['900758004209549321'],,900758004209549321,
1464283595349688320,1788264798000-632578958264631296-1464283595349688320,1788264798000,1788266758000,1,17.359,7.609,2.2813773163359183,632578958264631296,1788264798000,1464283595349688320,NL01AK1961,1960000,1788266758000,20.08738542222222,17.359,0.5,7.608858114478113,2.2814198581215948,17.625,7.608858114478114,1788264798000-632578958264631296-1464283595349688320,,,,,
1067764685513687040,1788229579000-632578958264631296-1067764685513687040,1788229579000,1788232294000,1,17.344,9.403,1.8445177071147507,632578958264631296,1788229579000,1067764685513687040,RJ47GA6297,2715000,1788232294000,24.823310546361892,17.344,0.75,9.4027691463492,1.8445629930980632,18.5,9.4027691463492,1788229579000-632578958264631296-1067764685513687040,,,,,
847126508215468032,1788224621000-632578958264631296-847126508215468032,1788224621000,1788226406000,1,17.328,4.399,3.9390770629688565,632578958264631296,1788224621000,847126508215468032,RJ47GA3488,1785000,1788226406000,11.612429386620883,17.328,0.4500000000007276,4.398647494932153,3.939392738327916,17.75,4.398647494932153,1788224621000-632578958264631296-847126508215468032,,,,,
951558414842986496,1788237845000-632578958264631296-951558414842986496,1788237845000,1788239565000,1,17.308,9.156,1.8903451288772388,632578958264631296,1788237845000,951558414842986496,RJ47GA3895,1720000,1788239565000,24.17211781285716,17.308,0.4500000000007276,9.156105232142863,1.890323402928965,16.875,9.156105232142863,1788237845000-632578958264631296-951558414842986496,,,,,
947104127047958528,1788263220000-632578958264631296-947104127047958528,1788263220000,1788264863000,1,17.291,5.276,3.277293404094011,632578958264631296,1788263220000,947104127047958528,RJ47GA1393,1643000,1788264863000,13.927356112485773,17.291,0.0,5.275513678971883,3.2775955200195312,,0.001,1788263220000-632578958264631296-947104127047958528,,,,,
1134877765846171648,1788232040000-632578958264631296-1134877765846171648,1788232040000,1788233678000,1,17.268,6.171,2.7982498784637824,632578958264631296,1788232040000,1134877765846171648,RJ47GA6215,1638000,1788233678000,16.290732824381696,17.268,0.3999999999996362,6.170732130447612,2.7983713496160814,17.29999999998836,6.170732130447612,1788232040000-632578958264631296-1134877765846171648,,,,,
1138783076164304896,1788263699000-632578958264631296-1138783076164304896,1788263699000,1788267164000,1,17.242,5.362,3.215591197314435,632578958264631296,1788263699000,1138783076164304896,RJ47GA6237,3465000,1788267164000,14.154793576191615,17.242,0.8999999999996362,5.361664233405914,3.2157925691380504,17.89999999999418,5.361664233405914,1788263699000-632578958264631296-1138783076164304896,,,,,
1345798361172672512,1788303296000-632578958264631296-1345798361172672512,1788303296000,1788307425000,1,17.169,9.369,1.8325328210054437,632578958264631296,1788303296000,1345798361172672512,RJ47GA4005,4129000,1788307425000,24.7339042304062,17.169,1.1000000000003638,9.368903117578105,1.8325517709524834,12.125,9.368903117578105,1788303296000-632578958264631296-1345798361172672512,,,,,
1067793936933715968,1788267465000-632578958264631296-1067793936933715968,1788267465000,1788269253000,1,17.125,6.068,2.822181938035597,632578958264631296,1788267465000,1067793936933715968,RJ47GA3357,1788000,1788269253000,16.02065305710975,17.125,0.5,6.068429188299148,2.8219823398482755,17.125,6.068429188299148,1788267465000-632578958264631296-1067793936933715968,,,,,
1135630948969218048,1788235746000-632578958264631296-1135630948969218048,1788235746000,1788238814000,1,17.107,10.492,1.6304803659931375,632578958264631296,1788235746000,1135630948969218048,RJ47GA6252,3068000,1788238814000,27.69937140614382,17.107,0.7999999999992724,10.49218613869084,1.6304514401356704,18.10000000000582,10.49218613869084,1788235746000-632578958264631296-1135630948969218048,,,,,
1050037109068398592,1788230257000-632578958264631296-1050037109068398592,1788230257000,1788232936000,1,17.106,5.023,3.4055345411108906,632578958264631296,1788230257000,1050037109068398592,RJ47GA6246,2679000,1788232936000,13.26120523123032,17.106,0.6999999999998181,5.0231837997084545,3.4054099316439173,17.300000000017462,5.0231837997084545,1788230257000-632578958264631296-1050037109068398592,,,,,
944574346884546560,1788283638000-632578958264631296-944574346884546560,1788283638000,1788286428000,1,17.065,10.298,1.6571178869683434,632578958264631296,1788283638000,944574346884546560,RJ47GA3355,2790000,1788286428000,27.18734408133333,17.065,0.6999999999989086,10.298236394444443,1.6570798480802018,17.125,10.298236394444443,1788283638000-632578958264631296-944574346884546560,,,,,
1067775012183736320,1788226980000-632578958264631296-1067775012183736320,1788226980000,1788228490000,1,16.982,4.736,3.5857263513513513,632578958264631296,1788226980000,1067775012183736320,RJ47GA3615,1510000,1788228490000,12.502931758224694,16.982,0.3999999999996362,4.7359589993275355,3.5857573941014467,21.0,4.7359589993275355,1788226980000-632578958264631296-1067775012183736320,,,,,
943858330336493568,1788253932000-632578958264631296-943858330336493568,1788253932000,1788255892000,1,16.98,7.063,2.4040775874274387,632578958264631296,1788253932000,943858330336493568,RJ47GA3486,1960000,1788255892000,18.646228730359752,16.98,0.4500000000007276,7.062965428166573,2.40408935491671,16.0,7.062965428166573,1788253932000-632578958264631296-943858330336493568,,,,,
1536014647272931328,1788264076000-632578958264631296-1536014647272931328,1788264076000,1788266728000,1,16.966,3.94,4.306091370558376,632578958264631296,1788264076000,1536014647272931328,Rj47GA8896,2652000,1788266728000,10.401152198378766,16.966,0.7000000000000455,3.9398303781737747,4.306276761047828,13.585000000000946,3.9398303781737747,1788264076000-632578958264631296-1536014647272931328,,,,,
938500415001985024,1788235305000-632578958264631296-938500415001985024,1788235305000,1788238839000,1,16.89,5.172,3.2656612529002325,632578958264631296,1788235305000,938500415001985024,RJ47GA1435,3534000,1788238839000,13.655348171132042,16.89,0.0,5.172480367853046,3.2653579711914062,,0.001,1788235305000-632578958264631296-938500415001985024,,,,,
1083726930487803904,1788223090000-632578958264631296-1083726930487803904,1788223090000,1788225545000,1,16.846,4.643,3.6282575920740903,632578958264631296,1788223090000,1083726930487803904,RJ47GA6332,2455000,1788225545000,12.257619160365287,16.846,0.0,4.6430375607444265,3.6282282405871924,17.700000000000728,4.6430375607444265,1788223090000-632578958264631296-1083726930487803904,,,,,
1111626569580806144,1788263946000-632578958264631296-1111626569580806144,1788263946000,1788266027000,1,16.828,13.328,1.2626050420168067,632578958264631296,1788263946000,1111626569580806144,NL01AH6173,2081000,1788266027000,35.18492168742658,16.828,0.5,13.327621851297947,1.2626408662968749,17.625,13.327621851297947,1788263946000-632578958264631296-1111626569580806144,,,,,
1422205425331208192,1788236454000-632578958264631296-1422205425331208192,1788236454000,1788238084000,1,16.823,6.809,2.470700543398443,632578958264631296,1788236454000,1422205425331208192,NL01AJ9003,1630000,1788238084000,17.976217068632476,16.823,0.40000000000009095,6.809173132057756,2.4706377226328553,16.625,6.809173132057756,1788236454000-632578958264631296-1422205425331208192,,,,,
871764525957775360,1788258780000-632578958264631296-871764525957775360,1788258780000,1788260470000,1,16.786,6.729,2.4945757170456235,632578958264631296,1788258780000,871764525957775360,RJ47GA4671,1690000,1788260470000,17.764176164890557,16.786,0.3999999999996362,6.72885460791309,2.494629617982795,17.5,6.72885460791309,1788258780000-632578958264631296-871764525957775360,,,,,0.0
927153603469115392,1788246710000-632578958264631296-927153603469115392,1788246710000,1788248063000,1,16.783,5.045,3.326660059464817,632578958264631296,1788246710000,927153603469115392,RJ47GA3885,1353000,1788248063000,13.319883303476729,16.783,0.3499999999985448,5.045410342226034,3.326389502859612,16.625,5.045410342226034,1788246710000-632578958264631296-927153603469115392,,,,,
1074385452921782272,1788232197000-632578958264631296-1074385452921782272,1788232197000,1788233801000,1,16.748,2.909,5.757304915778619,632578958264631296,1788232197000,1074385452921782272,RJ47GA5841,1604000,1788233801000,7.679922807901167,16.748,0.4000000000005457,2.9090616696595326,5.757182865758956,17.0,2.9090616696595326,1788232197000-632578958264631296-1074385452921782272,,,,,
798605218047590400,1788238616000-632578958264631296-798605218047590400,1788238616000,1788240882000,1,16.732,5.734,2.9180327868852456,632578958264631296,1788238616000,798605218047590400,RJ47GA3110,2266000,1788240882000,15.138392145907238,16.732,0.6000000000003638,5.734239449207287,2.917910936264279,19.0,5.734239449207287,1788238616000-632578958264631296-798605218047590400,,['900758004205355021'],,900758004205355021,
939141093658722304,1788251163000-632578958264631296-939141093658722304,1788251163000,1788253344000,1,16.707,11.99,1.3934111759799834,632578958264631296,1788251163000,939141093658722304,RJ47GA3768,2181000,1788253344000,31.654797116083188,16.707,0.5500000000010914,11.990453453061813,1.3933584801777283,19.5,11.990453453061813,1788251163000-632578958264631296-939141093658722304,,,,,
1464260641047969792,1788232187000-632578958264631296-1464260641047969792,1788232187000,1788234496000,1,16.688,5.927,2.81558967437152,632578958264631296,1788232187000,1464260641047969792,NL01AK1966,2309000,1788234496000,15.64819024885176,16.688,0.6000000000003638,5.927344791231727,2.815425892667223,17.125,5.927344791231727,1788232187000-632578958264631296-1464260641047969792,,,,,
1105914583932993536,1788271379000-632578958264631296-1105914583932993536,1788271379000,1788272880000,1,16.681,3.519,4.74026712134129,632578958264631296,1788271379000,1105914583932993536,RJ47GA3805,1501000,1788272880000,9.291300708600737,16.681,0.4000000000014552,3.519432086591188,4.739685150781442,16.375,2.463507203140831,1788271379000-632578958264631296-1105914583932993536,,,,,
946026878085365760,1788228805000-632578958264631296-946026878085365760,1788228805000,1788230660000,1,16.672,6.837,2.4384964165569696,632578958264631296,1788228805000,946026878085365760,RJ47GA4715,1855000,1788230660000,18.04975222759796,16.672,0.5,6.837027358938621,2.4384866587089626,17.0,6.837027358938621,1788228805000-632578958264631296-946026878085365760,,,,,
1471144582421938176,1788270662000-632578958264631296-1471144582421938176,1788270662000,1788273087000,1,16.625,4.251,3.910844507174782,632578958264631296,1788270662000,1471144582421938176,NL01AK2624,2425000,1788273087000,11.223469864577448,16.625,0.650000000000091,4.2513143426429725,3.9105553389083223,17.375,4.2513143426429725,1788270662000-632578958264631296-1471144582421938176,,,,,
1385305035948163072,1788267458000-632578958264631296-1385305035948163072,1788267458000,1788270550000,1,16.563,8.622,1.9210160055671537,632578958264631296,1788267458000,1385305035948163072,NL01AJ5689,3092000,1788270550000,22.762068850042734,16.563,0.8000000000001819,8.621995776531339,1.9210169465732858,16.75,8.621995776531339,1788267458000-632578958264631296-1385305035948163072,,,,,
1477689128190476288,1788268326000-632578958264631296-1477689128190476288,1788268326000,1788269939000,1,16.56,3.611,4.585987261146496,632578958264631296,1788268326000,1477689128190476288,RJ47FA0016,1613000,1788269939000,9.532000414349904,16.56,0.39999999999997726,3.6106062175567817,4.5864874212745885,17.24500000000262,3.6106062175567817,1788268326000-632578958264631296-1477689128190476288,,,,,
784445514740400128,1788227875000-632578958264631296-784445514740400128,1788227875000,1788230003000,1,16.557,6.633,2.4961555857078244,632578958264631296,1788227875000,784445514740400128,RJ47GA3182,2128000,1788230003000,17.510792518641306,16.557,0.5500000000001819,6.632875954030797,2.4962022680279907,18.5,6.632875954030797,1788227875000-632578958264631296-784445514740400128,,,,,
1067775149379420160,1788250894000-632578958264631296-1067775149379420160,1788250894000,1788252466000,1,16.52,4.23,3.9054373522458623,632578958264631296,1788250894000,1067775149379420160,RJ14GN1580,1572000,1788252466000,11.166298191363126,16.52,0.3999999999996362,4.229658405819365,3.9057527618001013,17.099999999976717,4.229658405819365,1788250894000-632578958264631296-1067775149379420160,,,,,
871764525957775360,1788225284000-632578958264631296-871764525957775360,1788225284000,1788227189000,1,16.494,5.805,2.841343669250646,632578958264631296,1788225284000,871764525957775360,RJ47GA4671,1905000,1788227189000,15.326494651383506,16.494,0.5,5.805490398251328,2.8411036568018715,16.599999999976717,5.805490398251328,1788225284000-632578958264631296-871764525957775360,,,,,1.179860016485909
1401196266230120448,1788239149000-632578958264631296-1401196266230120448,1788239149000,1788241890000,1,16.45,7.996,2.0572786393196596,632578958264631296,1788239149000,1401196266230120448,NL01AJ4828,2741000,1788241890000,21.10900449320314,16.45,0.599999999999909,7.99583503530422,2.057321083710192,16.40000000000873,7.99583503530422,1788239149000-632578958264631296-1401196266230120448,,,,,
800734942576246784,1788270908000-632578958264631296-800734942576246784,1788270908000,1788275748000,1,16.425,6.287,2.6125337999045652,632578958264631296,1788270908000,800734942576246784,RJ47GA3337,4840000,1788275748000,16.59717832072887,16.425,1.300000000000182,6.2868099699730555,2.6126127683910885,18.20000000001164,6.2868099699730555,1788270908000-632578958264631296-800734942576246784,,['900758004217937929'],,900758004217937929,
1067767656859303936,1788230192000-632578958264631296-1067767656859303936,1788230192000,1788231761000,1,16.382,3.55,4.614647887323945,632578958264631296,1788230192000,1067767656859303936,RJ47GA6229,1569000,1788231761000,9.372454255505243,16.382,0.40447416666630287,3.5501720664792584,4.61442422880821,17.199999999982538,3.5498553547183933,1788230192000-632578958264631296-1067767656859303936,,,,,
1396881382210273280,1788266004000-632578958264631296-1396881382210273280,1788266004000,1788267633000,1,16.322,5.893,2.7697267945019513,632578958264631296,1788266004000,1396881382210273280,NL01AJ6927,1629000,1788267633000,15.557181261556764,16.322,0.40000000000009095,5.892871689983623,2.7697871018884106,17.375,5.892871689983623,1788266004000-632578958264631296-1396881382210273280,,,,,
1536014654021566464,1788281043000-632578958264631296-1536014654021566464,1788281043000,1788286038000,1,16.317,5.797,2.814731757805762,632578958264631296,1788281043000,1536014654021566464,Rj47GA8899,4995000,1788286038000,15.304403413507085,16.317,1.3500000000000227,5.79712250511632,2.8146722767371632,16.69499999999971,5.79712250511632,1788281043000-632578958264631296-1536014654021566464,,,,,
1127222273418199040,1788243652000-632578958264631296-1127222273418199040,1788243652000,1788245825000,1,16.313,7.16,2.2783519553072624,632578958264631296,1788243652000,1127222273418199040,RJ47GA3844,2173000,1788245825000,18.903287198935377,16.313,0.5499999999992724,7.160336060202794,2.2782450240943,16.0,7.160336060202794,1788243652000-632578958264631296-1127222273418199040,,,,,
1132636252537880576,1788262734000-632578958264631296-1132636252537880576,1788262734000,1788264369000,1,16.297,4.254,3.8309826046074287,632578958264631296,1788262734000,1132636252537880576,RK47GA5327,1635000,1788264369000,11.230047350817149,16.297,0.0,4.253805814703465,3.831157488117748,16.70000000001164,4.253805814703465,1788262734000-632578958264631296-1132636252537880576,,,,,
1079787761596104704,1788222883000-632578958264631296-1079787761596104704,1788222883000,1788224479000,1,16.292,4.971,3.2774089720378194,632578958264631296,1788222883000,1079787761596104704,RJ47GA5703,1596000,1788224479000,13.123913655008527,16.292,0.4000000000005457,4.971179414775957,3.2772906871103658,16.29999999998836,4.971179414775957,1788222883000-632578958264631296-1079787761596104704,,,,,
796706773456125952,1788229615000-632578958264631296-796706773456125952,1788229615000,1788230923000,1,16.28,19.912,0.8175974286862194,632578958264631296,1788229615000,796706773456125952,RJ47GA3118,1308000,1788230923000,52.56724934527184,16.28,0.34685083333333333,19.91183687320903,0.81760412681486,,19.845590239845805,1788229615000-632578958264631296-796706773456125952,,['900758004213743618'],,900758004213743618,
1082007973238145024,1788281454000-632578958264631296-1082007973238145024,1788281454000,1788287457000,1,16.233,9.461,1.7157805728781312,632578958264631296,1788281454000,1082007973238145024,RJ47GA5734,6003000,1788287457000,24.975802237257806,16.233,1.6499999999996362,9.460531150476442,1.7158656043516638,17.29999999998836,9.460531150476442,1788281454000-632578958264631296-1082007973238145024,,,,,
1083729038846984192,1788260510000-632578958264631296-1083729038846984192,1788260510000,1788263855000,1,16.224,13.417,1.2092121934858762,632578958264631296,1788260510000,1083729038846984192,RJ47GA6358,3345000,1788263855000,35.419774755505706,16.224,0.8499999999994543,13.416581346782463,1.2092499259426326,17.20000000001164,13.416581346782465,1788260510000-632578958264631296-1083729038846984192,,,,,
791672232936996864,1788270969000-632578958264631296-791672232936996864,1788270969000,1788275903000,1,16.221,4.343,3.734975823163712,632578958264631296,1788270969000,791672232936996864,RJ47GA3334,4934000,1788275903000,11.4649099148758,16.221,1.2999999999992724,4.3427689071499245,3.735174573368107,18.20000000001164,4.3427689071499245,1788270969000-632578958264631296-791672232936996864,,['900758004226326529'],,900758004226326529,
796706773456125952,1788241579000-632578958264631296-796706773456125952,1788241579000,1788243297000,1,16.21,12.631,1.2833504868973162,632578958264631296,1788241579000,796706773456125952,RJ47GA3118,1718000,1788243297000,33.34630159940607,16.21,0.4500000000007276,12.631174848259873,1.2833327219940402,,12.631174848259873,1788241579000-632578958264631296-796706773456125952,,['900758004213743618'],,900758004213743618,
870568761881526272,1788273726000-632578958264631296-870568761881526272,1788273726000,1788277158000,1,16.145,5.468,2.952633504023409,632578958264631296,1788273726000,870568761881526272,RJ47GA4522,3432000,1788277158000,14.43465207913824,16.145,0.8999999999996362,5.467671242097818,2.9528110387641995,16.899999999965075,5.467671242097818,1788273726000-632578958264631296-870568761881526272,,,,,0.0
1067771070980816896,1788245113000-632578958264631296-1067771070980816896,1788245113000,1788247623000,1,16.137,12.691,1.2715310062248837,632578958264631296,1788245113000,1067771070980816896,RJ47GA3902,2510000,1788247623000,33.5050604476734,16.137,0.6499999999996362,12.691310775633864,1.2714998698937812,15.875,12.691310775633864,1788245113000-632578958264631296-1067771070980816896,,,,,
1065304732634972160,1788231768000-632578958264631296-1065304732634972160,1788231768000,1788233331000,1,16.125,4.679,3.4462491985466976,632578958264631296,1788231768000,1065304732634972160,RJ47GA4006,1563000,1788233331000,12.353582626641833,16.125,0.0,4.679387358576451,3.44596391885486,16.125,4.679387358576451,1788231768000-632578958264631296-1065304732634972160,,,,,
883046842797916160,1788306187000-632578958264631296-883046842797916160,1788306187000,1788308305000,1,16.102,5.095,3.160353287536801,632578958264631296,1788306187000,883046842797916160,RJ47GA2006,2118000,1788308305000,13.450023264769483,16.102,0.5,5.094705782109652,3.160535797090204,16.375,5.094705782109652,1788306187000-632578958264631296-883046842797916160,,['900758004175994901'],,900758004175994901,
947102733284933632,1788249176000-632578958264631296-947102733284933632,1788249176000,1788250804000,1,16.095,7.212,2.2316971713810316,632578958264631296,1788249176000,947102733284933632,RJ47GA3510,1628000,1788250804000,19.0391482039529,16.095,0.4000000000014552,7.211798562103371,2.2317595065087037,17.5,7.211798562103372,1788249176000-632578958264631296-947102733284933632,,,,,
1067775063052255232,1788275934000-632578958264631296-1067775063052255232,1788275934000,1788278474000,1,16.017,11.809,1.3563383859767975,632578958264631296,1788275934000,1067775063052255232,RJ47GA3725,2540000,1788278474000,31.176009243002387,16.017,0.6500000000000341,11.809094410228177,1.3563275424512857,16.75,11.809094410228177,1788275934000-632578958264631296-1067775063052255232,,,,,
952583803866447872,1788239079000-632578958264631296-952583803866447872,1788239079000,1788242339000,1,16.009,3.724,4.298872180451128,632578958264631296,1788239079000,952583803866447872,RJ47GA3767,3260000,1788242339000,9.830111368834539,16.009,0.8499999999985448,3.723527033649446,4.299418227752064,16.125,3.723527033649446,1788239079000-632578958264631296-952583803866447872,,,,,
1211337321434054656,1788277494000-632578958264631296-1211337321434054656,1788277494000,1788279399000,1,15.935,3.496,4.558066361556064,632578958264631296,1788277494000,1211337321434054656,RJ47GA3107,1905000,1788279399000,9.22978462613701,15.935,0.5,3.4961305402034126,4.557896170282265,,3.4961305402034126,1788277494000-632578958264631296-1211337321434054656,,,,,
935951856658546688,1788274781000-632578958264631296-935951856658546688,1788274781000,1788276037000,1,15.935,4.579,3.4800174710635514,632578958264631296,1788274781000,935951856658546688,RJ47GA4709,1256000,1788276037000,12.089092078779345,15.935,0.25,4.579201544992176,3.4798643046027418,13.30000000000291,4.579201544992176,1788274781000-632578958264631296-935951856658546688,,,,,
1464286808345935872,1788285640000-632578958264631296-1464286808345935872,1788285640000,1788288405000,1,15.929,7.283,2.1871481532335575,632578958264631296,1788285640000,1464286808345935872,NL01AK1960,2765000,1788288405000,19.2258545199832,15.929,0.75,7.282520651508788,2.1872921152238463,16.25,7.282520651508788,1788285640000-632578958264631296-1464286808345935872,,,,,
1176582451024101376,1788285618000-632578958264631296-1176582451024101376,1788285618000,1788288458000,1,15.923,8.466,1.8808173871958425,632578958264631296,1788285618000,1176582451024101376,RJ47GA6342,2840000,1788288458000,22.349110923961362,15.923,0.0,8.465572319682334,1.88091240600228,16.89999999999418,8.465572319682334,1788285618000-632578958264631296-1176582451024101376,,,,,
946026878085365760,1788232921000-632578958264631296-946026878085365760,1788232921000,1788234482000,1,15.906,6.189,2.570043625787688,632578958264631296,1788232921000,946026878085365760,RJ47GA4715,1561000,1788234482000,16.33805615609811,15.906,0.0,6.188657634885647,2.570185804161698,16.300000000017462,6.188657634885648,1788232921000-632578958264631296-946026878085365760,,,,,
1082303861131051008,1788254435000-632578958264631296-1082303861131051008,1788254435000,1788256505000,1,15.894,7.109,2.2357574905049935,632578958264631296,1788254435000,1082303861131051008,RJ47GA5902,2070000,1788256505000,18.76786583003802,15.894,0.5,7.109040087135614,2.2357448833016833,16.89999999999418,7.109040087135613,1788254435000-632578958264631296-1082303861131051008,,,,,
927189698663677952,1788260974000-632578958264631296-927189698663677952,1788260974000,1788262788000,1,15.86,8.649,1.8337380043935716,632578958264631296,1788260974000,927189698663677952,RJ47GA3520,1814000,1788262788000,22.833303712062023,15.86,0.4500000000007276,8.648978678811371,1.8337425248664896,14.625,8.648978678811371,1788260974000-632578958264631296-927189698663677952,,,,,
942469459329679360,1788281471000-632578958264631296-942469459329679360,1788281471000,1788283190000,1,15.85,7.031,2.2543023751955626,632578958264631296,1788281471000,942469459329679360,RJ47GA3438,1719000,1788283190000,18.562712876243193,15.85,0.3999999999996362,7.031330634940603,2.25419637091691,16.5,7.031330634940604,1788281471000-632578958264631296-942469459329679360,,,,,
1500136074981146624,1788271031000-632578958264631296-1500136074981146624,1788271031000,1788273344000,1,15.827,6.815,2.3223771093176815,632578958264631296,1788271031000,1500136074981146624,NL01AK3122,2313000,1788273344000,17.99088064353401,15.827,0.599999999999909,6.814727516490155,2.3224699684179755,16.375,6.814727516490155,1788271031000-632578958264631296-1500136074981146624,,,,,
1050037048276156416,1788232761000-632578958264631296-1050037048276156416,1788232761000,1788234141000,1,15.824,3.888,4.0699588477366255,632578958264631296,1788232761000,1050037048276156416,RJ47GA6245,1380000,1788234141000,10.265553391955851,15.824,0.3500000000003638,3.8884671939226707,4.069469847844289,15.0,3.8884671939226707,1788232761000-632578958264631296-1050037048276156416,,,,,
1134877765846171648,1788238151000-632578958264631296-1134877765846171648,1788238151000,1788240217000,1,15.82,6.038,2.620072871811858,632578958264631296,1788238151000,1134877765846171648,RJ47GA6215,2066000,1788240217000,15.941165004066589,15.82,0.5563888888881613,6.03832007729795,2.619933987845042,15.599999999976717,5.998142731652168,1788238151000-632578958264631296-1134877765846171648,,,,,
1536014633725329408,1788226042000-632578958264631296-1536014633725329408,1788226042000,1788227619000,1,15.798,3.446,4.584445734184562,632578958264631296,1788226042000,1536014633725329408,Rj47GA8901,1577000,1788227619000,9.0981140507695,15.798,0.39999999999997726,3.446255322261174,4.584106086961235,16.125,3.446255322261174,1788226042000-632578958264631296-1536014633725329408,,,,,
1294704486559776768,1788242170000-632578958264631296-1294704486559776768,1788242170000,1788243610000,1,15.732,5.37,2.929608938547486,632578958264631296,1788242170000,1294704486559776768,NL01AH7659,1440000,1788243610000,14.176310689655171,15.732,0.3999999999996362,5.369814655172413,2.92971005709598,15.625,5.369814655172413,1788242170000-632578958264631296-1294704486559776768,,,,,
1067776270814674944,1788278817000-632578958264631296-1067776270814674944,1788278817000,1788280847000,1,15.712,8.157,1.926198357239181,632578958264631296,1788278817000,1067776270814674944,RJ47GA6416,2030000,1788280847000,21.535537485597857,15.712,0.0,8.15740056272646,1.9261037727867265,15.800000000017462,8.15740056272646,1788278817000-632578958264631296-1067776270814674944,,,,,
1157003119578578944,1788221477000-632578958264631296-1157003119578578944,1788221477000,1788223722000,1,15.633,5.278,2.9619173929518756,632578958264631296,1788221477000,1157003119578578944,RJ47GA6242,2245000,1788223722000,13.932666919773435,15.633,0.5999999999994543,5.2775253483990285,2.9621837827349085,15.89999999999418,5.2775253483990285,1788221477000-632578958264631296-1157003119578578944,,,,,
931938734016823296,1788225572000-632578958264631296-931938734016823296,1788225572000,1788227279000,1,15.6,4.64,3.3620689655172415,632578958264631296,1788225572000,931938734016823296,RJ14GN0975,1707000,1788227279000,12.249481359532103,15.599999999976717,0.3718991666652115,4.639955060428827,3.3621015283141467,15.599999999976717,4.643126823612468,1788225572000-632578958264631296-931938734016823296,,,,,
1126869078934290432,1788280126000-632578958264631296-1126869078934290432,1788280126000,1788282203000,1,15.58,6.357,2.4508415919458866,632578958264631296,1788280126000,1126869078934290432,RJ47GA4863,2077000,1788282203000,16.782904501454848,15.58,0.0,6.357160796005624,2.450779601137246,16.0,6.357160796005624,1788280126000-632578958264631296-1126869078934290432,,,,,
1083040452048846848,1788286647000-632578958264631296-1083040452048846848,1788286647000,1788289415000,1,15.578,4.42,3.5244343891402714,632578958264631296,1788286647000,1083040452048846848,RJ47GA5867,2768000,1788289415000,11.66760879002961,15.578,0.75,4.419548784102124,3.5247942179158063,16.25,4.419548784102124,1788286647000-632578958264631296-1083040452048846848,,,,,
926866983197081600,1788241267000-632578958264631296-926866983197081600,1788241267000,1788244910000,1,15.578,4.469,3.4857910046990375,632578958264631296,1788241267000,926866983197081600,RJ47GA3435,3643000,1788244910000,11.79778569552407,15.578,0.9500000000007276,4.468858218001541,3.4859015972465626,15.875,4.468858218001541,1788241267000-632578958264631296-926866983197081600,,,,,
1060533930890887168,1788237894000-632578958264631296-1060533930890887168,1788237894000,1788240303000,1,15.558,3.842,4.049453409682457,632578958264631296,1788237894000,1060533930890887168,RJ47GA5615,2409000,1788240303000,10.14263509229774,15.558,0.6499999999996362,3.8419072319309615,4.049551189235892,16.5,3.8419072319309615,1788237894000-632578958264631296-1060533930890887168,,,,,
1073994678560358400,1788250075000-632578958264631296-1073994678560358400,1788250075000,1788251464000,1,15.537,5.309,2.926539838010925,632578958264631296,1788250075000,1073994678560358400,RJ47GA5628,1389000,1788251464000,14.016644227024486,15.537,0.3500000000003638,5.309334934478971,2.926355219954628,16.29999999998836,5.309334934478971,1788250075000-632578958264631296-1073994678560358400,,,,,
877447567619653632,1788270462000-632578958264631296-877447567619653632,1788270462000,1788271950000,1,15.534,4.934,3.1483583299554114,632578958264631296,1788270462000,877447567619653632,RJ14GN1570,1488000,1788271950000,13.026756775514079,15.534,0.3999999999996362,4.934377566482605,3.1481174252891986,15.299999999988358,4.934377566482605,1788270462000-632578958264631296-877447567619653632,,,,,1.486301667794584
1067775201233600512,1788251234000-632578958264631296-1067775201233600512,1788251234000,1788253158000,1,15.501,6.684,2.3191202872531416,632578958264631296,1788251234000,1067775201233600512,RJ47GA3826,1924000,1788253158000,17.646254947559527,15.501,0.5,6.684187480136184,2.3190552398575424,16.875,6.684187480136184,1788251234000-632578958264631296-1067775201233600512,,,,,
1112389405491855360,1788246614000-632578958264631296-1112389405491855360,1788246614000,1788248375000,1,15.486,3.144,4.925572519083969,632578958264631296,1788246614000,1112389405491855360,RJ47GA3734,1761000,1788248375000,8.300383461185588,15.486,0.4500000000007276,3.1440846443884802,4.925439913851939,16.25,3.1440846443884802,1788246614000-632578958264631296-1112389405491855360,,,,,
1181299462874595328,1788222523000-632578958264631296-1181299462874595328,1788222523000,1788224545000,1,15.471,5.594,2.7656417590275293,632578958264631296,1788222523000,1181299462874595328,RJ47GA5941,2022000,1788224545000,14.769391440006169,15.471,0.5,5.594466454547791,2.765411165782125,14.60000000000582,5.594466454547791,1788222523000-632578958264631296-1181299462874595328,,,,,
1088485622458351616,1788222491000-632578958264631296-1088485622458351616,1788222491000,1788224374000,1,15.464,5.159,2.9974801318084903,632578958264631296,1788222491000,1088485622458351616,RJ47GA5708,1883000,1788224374000,13.620955529577625,15.464,0.4499999999998181,5.159452852112737,2.997217038947777,16.0,5.159452852112737,1788222491000-632578958264631296-1088485622458351616,,,,,
1211337321434054656,1788279664000-632578958264631296-1211337321434054656,1788279664000,1788281352000,1,15.436,3.402,4.537330981775426,632578958264631296,1788279664000,1211337321434054656,RJ47GA3107,1688000,1788281352000,8.981447734346983,15.436,0.40000000000009095,3.4020635357374935,4.537246244183917,14.5,3.4020635357374935,1788279664000-632578958264631296-1211337321434054656,,,,,
939140658449350656,1788273225000-632578958264631296-939140658449350656,1788273225000,1788274811000,1,15.388,6.679,2.30393771522683,632578958264631296,1788273225000,939140658449350656,RJ47GA2643,1586000,1788274811000,17.631950025019634,15.388,0.3999999999978172,6.678768948871073,2.3040174196475336,15.375,6.678768948871073,1788273225000-632578958264631296-939140658449350656,,,,,
931938734016823296,1788249684000-632578958264631296-931938734016823296,1788249684000,1788251337000,1,15.348,4.896,3.134803921568628,632578958264631296,1788249684000,931938734016823296,RJ14GN0975,1653000,1788251337000,12.925409277041636,15.348,0.3999999999996362,4.895988362515771,3.134811372818201,15.899999999965075,4.895988362515771,1788249684000-632578958264631296-931938734016823296,,,,,
1499777554695847936,1788252032000-632578958264631296-1499777554695847936,1788252032000,1788253616000,1,15.34,6.953,2.206241909966921,632578958264631296,1788252032000,1499777554695847936,NL01AK3108,1584000,1788253616000,18.355364770860216,15.34,0.3999999999998636,6.9527896859319,2.2063086463033064,16.125,6.952789685931899,1788252032000-632578958264631296-1499777554695847936,,,,,
1067764685513687040,1788247299000-632578958264631296-1067764685513687040,1788247299000,1788248869000,1,15.279,5.725,2.66882096069869,632578958264631296,1788247299000,1067764685513687040,RJ47GA6297,1570000,1788248869000,15.1146372746505,15.279,0.4000000000005457,5.725241391913068,2.6687084358716584,16.39999999999418,5.725241391913068,1788247299000-632578958264631296-1067764685513687040,,,,,
1385589008028925952,1788236690000-632578958264631296-1385589008028925952,1788236690000,1788238477000,1,15.276,7.124,2.1443009545199327,632578958264631296,1788236690000,1385589008028925952,NL01AJ5695,1787000,1788238477000,18.80859037614101,15.276,0.4499999999998181,7.124466051568564,2.1441606836819367,15.875,7.1244660515685645,1788236690000-632578958264631296-1385589008028925952,,,,,
943856131652976640,1788281374000-632578958264631296-943856131652976640,1788281374000,1788282884000,1,15.271,4.802,3.1801332778009166,632578958264631296,1788281374000,943856131652976640,RJ47GA3743,1510000,1788282884000,12.677003335819517,15.271,0.3500000000003638,4.801895202961938,3.1802026813455733,14.625,4.801895202961938,1788281374000-632578958264631296-943856131652976640,,,,,
1134877765846171648,1788235969000-632578958264631296-1134877765846171648,1788235969000,1788237459000,1,15.252,6.007,2.53903778924588,632578958264631296,1788235969000,1134877765846171648,RJ47GA6215,1490000,1788237459000,15.859610252241351,15.252,0.3500000000003638,6.007428125848996,2.5388568419775344,15.0,6.007428125848996,1788235969000-632578958264631296-1134877765846171648,,,,,
786545248472924160,1788256035000-632578958264631296-786545248472924160,1788256035000,1788257884000,1,15.228,7.324,2.079191698525396,632578958264631296,1788256035000,786545248472924160,RJ47GA3116,1849000,1788257884000,19.334850800226768,15.228,0.4499999999989086,7.323807121298018,2.0792464558106905,16.29999999998836,7.323807121298018,1788256035000-632578958264631296-786545248472924160,,['900758004209549323'],,900758004209549323,
1083729116835872768,1788243669000-632578958264631296-1083729116835872768,1788243669000,1788245160000,1,15.161,4.576,3.3131555944055946,632578958264631296,1788243669000,1083729116835872768,RJ47GA6361,1491000,1788245160000,12.079496687092353,15.161,0.0,4.575566926928921,3.313469181441069,14.89999999999418,4.575566926928921,1788243669000-632578958264631296-1083729116835872768,,,,,
1134878026966761472,1788273112000-632578958264631296-1134878026966761472,1788273112000,1788274962000,1,15.058,3.582,4.203796761585706,632578958264631296,1788273112000,1134878026966761472,RJ47GA6213,1850000,1788274962000,9.456793584734228,15.058,0.4499999999998181,3.5821187820962983,4.203657364814653,15.699999999982538,3.5821187820962983,1788273112000-632578958264631296-1134878026966761472,,,,,
1083726930487803904,1788253559000-632578958264631296-1083726930487803904,1788253559000,1788255390000,1,15.037,4.757,3.1610258566323317,632578958264631296,1788253559000,1083726930487803904,RJ47GA6332,1831000,1788255390000,12.557863891467921,15.037,0.5,4.756766625556031,3.161180941527121,15.200000000000728,4.756766625556031,1788253559000-632578958264631296-1083726930487803904,,,,,
1464260641047969792,1788248105000-632578958264631296-1464260641047969792,1788248105000,1788249761000,1,15.009,5.317,2.822832424299417,632578958264631296,1788248105000,1464260641047969792,NL01AK1966,1656000,1788249761000,14.036734782423299,15.009,0.4499999999998181,5.316944993342158,2.822861628020257,15.125,5.316944993342158,1788248105000-632578958264631296-1464260641047969792,,,,,
796706773456125952,1788243322000-632578958264631296-796706773456125952,1788243322000,1788244820000,1,14.939,8.131,1.8372893862993482,632578958264631296,1788243322000,796706773456125952,RJ47GA3118,1498000,1788244820000,21.46542396223671,14.939,0.24277777777886916,8.130842409938147,1.8373249962070837,,8.113225785189634,1788243322000-632578958264631296-796706773456125952,,['900758004213743618'],,900758004213743618,
1050036904705130496,1788267345000-632578958264631296-1050036904705130496,1788267345000,1788269698000,1,14.914,3.392,4.396816037735849,632578958264631296,1788267345000,1050036904705130496,RJ47GA6244,2353000,1788269698000,8.955581290907247,14.914,0.6000000000003638,3.3922656404951694,4.396471733216919,15.300000000017462,3.3922656404951694,1788267345000-632578958264631296-1050036904705130496,,,,,
1536014529144553472,1788254242000-632578958264631296-1536014529144553472,1788254242000,1788255704000,1,14.89,4.126,3.6088221037324284,632578958264631296,1788254242000,1536014529144553472,NL01AK8376,1462000,1788255704000,10.893463528496223,14.89,0.35000000000002274,4.1263119426122055,3.608549282528002,15.305000000000291,4.1263119426122055,1788254242000-632578958264631296-1536014529144553472,,,,,
883046842797916160,1788251069000-632578958264631296-883046842797916160,1788251069000,1788252916000,1,14.865,5.254,2.829272934906738,632578958264631296,1788251069000,883046842797916160,RJ47GA2006,1847000,1788252916000,13.869310705647573,14.865,0.5,5.253526782442262,2.829527784969158,15.375,5.253526782442262,1788251069000-632578958264631296-883046842797916160,,['900758004175994901'],,900758004175994901,
871764433825693696,1788228378000-632578958264631296-871764433825693696,1788228378000,1788230164000,1,14.831,4.957,2.9919306031874116,632578958264631296,1788228378000,871764433825693696,RJ47GA4669,1786000,1788230164000,13.087022066126474,14.831,0.3999999999996362,4.95720532807821,2.991806677039465,15.5,4.95720532807821,1788228378000-632578958264631296-871764433825693696,,,,,0.18399999999999608
1464286677953413120,1788229898000-632578958264631296-1464286677953413120,1788229898000,1788233922000,1,14.77,11.363,1.2998327906362757,632578958264631296,1788229898000,1464286677953413120,NL01AK1958,4024000,1788233922000,29.997952319324067,14.77,1.099999999999909,11.362860727016692,1.2998487225036903,15.25,11.362860727016692,1788229898000-632578958264631296-1464286677953413120,,,,,
943858330336493568,1788256863000-632578958264631296-943858330336493568,1788256863000,1788258678000,1,14.745,5.826,2.530895983522142,632578958264631296,1788256863000,943858330336493568,RJ47GA3486,1815000,1788258678000,15.379701941005784,14.745,0.3999999999996362,5.825644674623403,2.531050351256307,13.375,5.825644674623403,1788256863000-632578958264631296-943858330336493568,,,,,
947452563299500032,1788248922000-632578958264631296-947452563299500032,1788248922000,1788250673000,1,14.729,6.302,2.337194541415424,632578958264631296,1788248922000,947452563299500032,RJ47GA2721,1751000,1788250673000,16.63711257382754,14.729,0.4500000000007276,6.301936580995281,2.337218061574623,,6.301936580995281,1788248922000-632578958264631296-947452563299500032,,,,,
780122893064339456,1788227196000-632578958264631296-780122893064339456,1788227196000,1788228913000,1,14.715,8.5,1.7311764705882353,632578958264631296,1788227196000,780122893064339456,RJ47GA3065,1717000,1788228913000,22.44,14.715,0.4500000000007276,8.5,1.7311764705882353,15.700000000011642,8.5,1788227196000-632578958264631296-780122893064339456,,['900758004201160710'],,900758004201160710,
1061980520671346688,1788229787000-632578958264631296-1061980520671346688,1788229787000,1788232485000,1,14.7,6.531,2.2508038585209005,632578958264631296,1788229787000,1061980520671346688,RJ47GA3390,2698000,1788232485000,17.241536504490888,14.7,0.75,6.530885039579881,2.250843478473726,15.5,6.530885039579881,1788229787000-632578958264631296-1061980520671346688,,,,,
931938734016823296,1788231416000-632578958264631296-931938734016823296,1788231416000,1788233074000,1,14.669,2.851,5.145212206243423,632578958264631296,1788231416000,931938734016823296,RJ14GN0975,1658000,1788233074000,7.526257079491885,14.669,0.3999999999996362,2.850854954352987,5.145473984076889,15.200000000011642,2.850854954352987,1788231416000-632578958264631296-931938734016823296,,,,,
996808469547843584,1788265300000-632578958264631296-996808469547843584,1788265300000,1788267708000,1,14.653,4.278,3.4251986909770924,632578958264631296,1788265300000,996808469547843584,RJ47GA3893,2408000,1788267708000,11.292718097973426,14.653,0.6500000000014552,4.277544734080843,3.4255632403453125,14.75,4.277544734080843,1788265300000-632578958264631296-996808469547843584,,,,,
1406229042385911808,1788244141000-632578958264631296-1406229042385911808,1788244141000,1788246681000,1,14.64,7.032,2.0819112627986347,632578958264631296,1788244141000,1406229042385911808,NL01AJ7422,2540000,1788246681000,18.564613769957084,14.64,0.7000000000002728,7.032050670438289,2.0818962612918046,15.464999999996508,7.032050670438288,1788244141000-632578958264631296-1406229042385911808,,,,,
860146891080335360,1788252692000-632578958264631296-860146891080335360,1788252692000,1788254529000,1,14.536,6.368,2.2826633165829144,632578958264631296,1788252692000,860146891080335360,RJ47GA3610,1837000,1788254529000,16.812320850980147,14.536,0.4500000000007276,6.368303352643994,2.282554582448548,13.375,6.368303352643995,1788252692000-632578958264631296-860146891080335360,,,,,
1406229042385911808,1788266741000-632578958264631296-1406229042385911808,1788266741000,1788268706000,1,14.475,4.315,3.3545770567786786,632578958264631296,1788266741000,1406229042385911808,NL01AJ7422,1965000,1788268706000,11.39099572679967,14.475,0.5,4.314771108636238,3.3547550114599445,15.30000000000291,4.314771108636238,1788266741000-632578958264631296-1406229042385911808,,,,,
1135630948969218048,1788274951000-632578958264631296-1135630948969218048,1788274951000,1788277579000,1,14.441,6.381,2.2631249020529696,632578958264631296,1788274951000,1135630948969218048,RJ47GA6252,2628000,1788277579000,16.844640282220173,14.441,0.7000000000007276,6.380545561447034,2.263286087518345,15.299999999988358,6.380545561447035,1788274951000-632578958264631296-1135630948969218048,,,,,
1093088075828953088,1788287503000-632578958264631296-1093088075828953088,1788287503000,1788289334000,1,14.44,3.045,4.7422003284072245,632578958264631296,1788287503000,1093088075828953088,RJ47GA5975,1831000,1788289334000,8.039675904389531,14.44,0.5,3.0453317819657313,4.741683676475843,15.324999999982538,3.0453317819657313,1788287503000-632578958264631296-1093088075828953088,,,,,
869954569466019840,1788260954000-632578958264631296-869954569466019840,1788260954000,1788266776000,1,14.391,9.067,1.5871842946950478,632578958264631296,1788260954000,869954569466019840,RJ47GA1979,5822000,1788266776000,23.936543025569136,14.391,1.5499999999992724,9.066872358170126,1.5872066387956063,15.75,9.066872358170126,1788260954000-632578958264631296-869954569466019840,,['900758004175994893'],,900758004175994893,
871764525957775360,1788255469000-632578958264631296-871764525957775360,1788255469000,1788257066000,1,14.382,5.667,2.5378507146638434,632578958264631296,1788255469000,871764525957775360,RJ47GA4671,1597000,1788257066000,14.960737248053075,14.382,0.3999999999996362,5.666945927292831,2.5378749302572676,14.5,5.666945927292831,1788255469000-632578958264631296-871764525957775360,,,,,0.5520000000000013
1132636093246603264,1788229444000-632578958264631296-1132636093246603264,1788229444000,1788230999000,1,14.24,4.726,3.013118916631401,632578958264631296,1788229444000,1132636093246603264,NL01AJ4206,1555000,1788230999000,12.476660441736044,14.24,0.40000000000009095,4.726007743081834,3.0131139799432662,14.625,4.726007743081834,1788229444000-632578958264631296-1132636093246603264,,,,,
1079026604165824512,1788227790000-632578958264631296-1079026604165824512,1788227790000,1788229069000,1,14.239,2.273,6.264408271007479,632578958264631296,1788227790000,1079026604165824512,RJ47GA5876,1279000,1788229069000,6.000214581101596,14.239,0.3000000000001819,2.272808553447574,6.264935943857291,13.825000000011642,1.8910016282258062,1788227790000-632578958264631296-1079026604165824512,,,,,
1061978679036346368,1788239171000-632578958264631296-1061978679036346368,1788239171000,1788240635000,1,14.198,2.757,5.149800507798331,632578958264631296,1788239171000,1061978679036346368,RJ47GA3347,1464000,1788240635000,7.277718977185632,14.198,0.3499999999985448,2.7567117337824363,5.150339016593212,13.25,2.7567117337824363,1788239171000-632578958264631296-1061978679036346368,,,,,
873822835015942144,1788255926000-632578958264631296-873822835015942144,1788255926000,1788258369000,1,14.173,3.681,3.8503124151045913,632578958264631296,1788255926000,873822835015942144,RJ14GN1589,2443000,1788258369000,9.716803704113177,14.173,0.6000000000003638,3.6806074636792334,3.8507230504369763,13.299999999988358,3.6806074636792334,1788255926000-632578958264631296-873822835015942144,,['1096406669316849665'],,,0.0
871764525957775360,1788303991000-632578958264631296-871764525957775360,1788303991000,1788306742000,1,14.142,7.907,1.788541798406475,632578958264631296,1788303991000,871764525957775360,RJ47GA4671,2751000,1788306742000,20.874121183144744,14.142,0.7000000000007276,7.906864084524524,1.7885725426441832,14.799999999988358,7.906864084524524,1788303991000-632578958264631296-871764525957775360,,,,,0.0
1070334753032372224,1788264202000-632578958264631296-1070334753032372224,1788264202000,1788266272000,1,14.13,5.497,2.5704929961797345,632578958264631296,1788264202000,1070334753032372224,RJ47GA4000,2070000,1788266272000,14.512309381018149,14.13,0.5500000000010914,5.497086886749298,2.57045236706378,13.875,5.497086886749298,1788264202000-632578958264631296-1070334753032372224,,['1096406669480427549'],,,
931855689733636096,1788238034000-632578958264631296-931855689733636096,1788238034000,1788239674000,1,14.117,2.836,4.977785613540198,632578958264631296,1788238034000,931855689733636096,RJ47GA4526,1640000,1788239674000,7.4875090454304845,14.117,0.0,2.836177668723668,4.977473786525126,14.5,2.836177668723668,1788238034000-632578958264631296-931855689733636096,,,,,
1471165126924042240,1788235727000-632578958264631296-1471165126924042240,1788235727000,1788239181000,1,14.097,4.168,3.3821976967370437,632578958264631296,1788235727000,1471165126924042240,NL01AK2621,3454000,1788239181000,11.004238229109367,14.097,0.900000000000091,4.168272056480821,3.381976946078175,14.875,4.168272056480821,1788235727000-632578958264631296-1471165126924042240,,,,,
942721856836730880,1788255894000-632578958264631296-942721856836730880,1788255894000,1788260041000,1,14.068,8.415,1.6717765894236483,632578958264631296,1788255894000,942721856836730880,RJ47GA4500,4147000,1788260041000,22.216169719028226,14.068,0.0,8.415215802662207,1.6717337178149962,14.699999999953434,8.415215802662207,1788255894000-632578958264631296-942721856836730880,,,,,
1540361729291059200,1788273301000-632578958264631296-1540361729291059200,1788273301000,1788275808000,1,14.023,5.59,2.5085867620751343,632578958264631296,1788273301000,1540361729291059200,NL01AK8391,2507000,1788275808000,14.75690872898056,14.023,0.6499999999999773,5.589738154916879,2.508704274039206,14.595000000001164,5.58973815491688,1788273301000-632578958264631296-1540361729291059200,,,,,
876044057397166080,1788221079000-632578958264631296-876044057397166080,1788221079000,1788222444000,1,13.999,4.815,2.9073727933541016,632578958264631296,1788221079000,876044057397166080,RJ14GN1573,1365000,1788222444000,12.711908865742302,13.999,0.3999999999996362,4.815116994599356,2.90730215188983,14.299999999988358,4.815116994599356,1788221079000-632578958264631296-876044057397166080,,,,,0.0
916722872880201728,1788235226000-632578958264631296-916722872880201728,1788235226000,1788236501000,1,13.976,2.828,4.942008486562942,632578958264631296,1788235226000,916722872880201728,RJ47GA2142,1275000,1788236501000,7.466998746033226,13.976,0.3499999999985448,2.8284086159216764,4.941294522059616,14.375,2.8284086159216764,1788235226000-632578958264631296-916722872880201728,,,,,
1501933902321680384,1788307064000-632578958264631296-1501933902321680384,1788307064000,1788309906000,1,13.929,9.118,1.5276376398332967,632578958264631296,1788307064000,1501933902321680384,NL01AK3119,2842000,1788309906000,24.071742756827764,13.929,0.7999999999999545,9.118084377586273,1.527623503270022,14.875,9.118084377586273,1788307064000-632578958264631296-1501933902321680384,,,,,
1083726655622479872,1788236715000-632578958264631296-1083726655622479872,1788236715000,1788238284000,1,13.912,8.119,1.7135115161965762,632578958264631296,1788236715000,1083726655622479872,RJ47GA6356,1569000,1788238284000,21.434395208523842,13.912,0.3999999999996362,8.119089094137818,1.7134927131228066,14.700000000011642,8.119089094137818,1788236715000-632578958264631296-1083726655622479872,,,,,
1050037336936546304,1788265607000-632578958264631296-1050037336936546304,1788265607000,1788268379000,1,13.855,7.036,1.9691586128482095,632578958264631296,1788265607000,1050037336936546304,Rj47GA5922,2772000,1788268379000,18.5739035348938,13.855,0.7000000000007276,7.035569520793107,1.9692790980250525,14.099999999976717,7.035569520793107,1788265607000-632578958264631296-1050037336936546304,,,,,
1176134230934028288,1788267114000-632578958264631296-1176134230934028288,1788267114000,1788268655000,1,13.75,3.051,4.50671910848902,632578958264631296,1788267114000,1176134230934028288,RJ47GA6323,1541000,1788268655000,8.055934160853099,13.75,0.3499999999994543,3.0514902124443553,4.505995118033083,14.5,3.051490212444355,1788267114000-632578958264631296-1176134230934028288,,,,,
1176582451024101376,1788252858000-632578958264631296-1176582451024101376,1788252858000,1788254430000,1,13.727,6.65,2.0642105263157893,632578958264631296,1788252858000,1176582451024101376,RJ47GA6342,1572000,1788254430000,17.555388754309387,13.727,0.0,6.649768467541435,2.064282398252457,14.200000000011642,6.649768467541435,1788252858000-632578958264631296-1176582451024101376,,,,,
1068875501654769664,1788225120000-632578958264631296-1068875501654769664,1788225120000,1788227849000,1,13.65,7.925,1.7223974763406942,632578958264631296,1788225120000,1068875501654769664,RJ47GA3881,2729000,1788227849000,20.92210552541493,13.65,0.75,7.925039971748079,1.7223887890358651,13.875,7.925039971748079,1788225120000-632578958264631296-1068875501654769664,,,,,
1050037336936546304,1788235017000-632578958264631296-1050037336936546304,1788235017000,1788236945000,1,13.644,5.128,2.6606864274570983,632578958264631296,1788235017000,1050037336936546304,Rj47GA5922,1928000,1788236945000,13.537961820566753,13.644,0.5,5.12801584112377,2.660678208242432,14.065000000002328,5.12801584112377,1788235017000-632578958264631296-1050037336936546304,,,,,
780067386190462976,1788263392000-632578958264631296-780067386190462976,1788263392000,1788266038000,1,13.627,3.816,3.5710167714884697,632578958264631296,1788263392000,780067386190462976,RJ47GA2450,2646000,1788266038000,10.074842773216211,13.627,0.7000000000007276,3.8162283231879583,3.5708031191950353,,3.8162283231879583,1788263392000-632578958264631296-780067386190462976,,,,,
1081533146517733376,1788273798000-632578958264631296-1081533146517733376,1788273798000,1788276905000,1,13.602,5.459,2.4916651401355563,632578958264631296,1788273798000,1081533146517733376,RJ47GA5872,3107000,1788276905000,14.41150811425409,13.602,0.7999999999992724,5.45890458873261,2.4917086897021528,14.100000000034925,5.45890458873261,1788273798000-632578958264631296-1081533146517733376,,,,,
939140658449350656,1788221339000-632578958264631296-939140658449350656,1788221339000,1788223577000,1,13.574,8.324,1.630706391158097,632578958264631296,1788221339000,939140658449350656,RJ47GA2643,2238000,1788223577000,21.975803844779627,13.574,0.6000000000021828,8.324168123022586,1.6306734558204896,,8.324168123022586,1788221339000-632578958264631296-939140658449350656,,,,,
939547417898909696,1788285224000-632578958264631296-939547417898909696,1788285224000,1788286717000,1,13.552,5.476,2.474799123447772,632578958264631296,1788285224000,939547417898909696,RJ14GN1565,1493000,1788286717000,14.45588985258483,13.552,0.3500000000003638,5.475715853251829,2.4749275461311524,13.5,5.475715853251829,1788285224000-632578958264631296-939547417898909696,,,,,
1067764685513687040,1788227367000-632578958264631296-1067764685513687040,1788227367000,1788229342000,1,13.537,7.731,1.7510024576380805,632578958264631296,1788227367000,1067764685513687040,RJ47GA6297,1975000,1788229342000,20.409894246044068,13.537,0.5,7.731020547743965,1.7509978037699452,14.39999999999418,7.731020547743965,1788227367000-632578958264631296-1067764685513687040,,,,,
1479447378401427456,1788305613000-632578958264631296-1479447378401427456,1788305613000,1788307204000,1,13.526,5.137,2.6330543118551684,632578958264631296,1788305613000,1479447378401427456,NL01AK3096,1591000,1788307204000,13.561571198787865,13.526,0.40000000000009095,5.136958787419646,2.6330754362143263,13.75,5.136958787419646,1788305613000-632578958264631296-1479447378401427456,,,,,
870275474985582592,1788305630000-632578958264631296-870275474985582592,1788305630000,1788307105000,1,13.523,4.465,3.0286674132138858,632578958264631296,1788305630000,870275474985582592,RJ47GA4502,1475000,1788307105000,11.78808523080993,13.523,0.3000000000010914,4.465183799549216,3.0285427447276008,14.200000000011642,4.465183799549216,1788305630000-632578958264631296-870275474985582592,,,,,0.7359999999999974
1050037336936546304,1788269862000-632578958264631296-1050037336936546304,1788269862000,1788273239000,1,13.481,7.509,1.7953122919163669,632578958264631296,1788269862000,1050037336936546304,Rj47GA5922,3377000,1788273239000,19.823823709484433,13.481,0.9000000000005457,7.509024132380467,1.795306522170722,13.99000000001979,7.509024132380467,1788269862000-632578958264631296-1050037336936546304,,,,,
1389243594644127744,1788221267000-632578958264631296-1389243594644127744,1788221267000,1788222847000,1,13.475,5.854,2.3018448923812778,632578958264631296,1788221267000,1389243594644127744,NL01AJ6142,1580000,1788222847000,15.454455756048784,13.475,0.45000000000027285,5.853960513654842,2.301860418868296,13.875,5.853960513654842,1788221267000-632578958264631296-1389243594644127744,,,,,
970288452387995648,1788248360000-632578958264631296-970288452387995648,1788248360000,1788250182000,1,13.457,4.673,2.8797346458377917,632578958264631296,1788248360000,970288452387995648,RJ47GA3399,1822000,1788250182000,12.336320217841418,13.457,0.4500000000007276,4.6728485673641735,2.8798279691718593,8.625,4.6728485673641735,1788248360000-632578958264631296-970288452387995648,,,,,
1074385452921782272,1788256272000-632578958264631296-1074385452921782272,1788256272000,1788257433000,1,13.409,2.397,5.5940759282436385,632578958264631296,1788256272000,1074385452921782272,RJ47GA5841,1161000,1788257433000,6.326925298390548,13.409,0.25,2.3965626130267226,5.595096880471316,12.770000000018626,2.3965626130267226,1788256272000-632578958264631296-1074385452921782272,,,,,
1181299462874595328,1788247825000-632578958264631296-1181299462874595328,1788247825000,1788250045000,1,13.394,3.669,3.6505859907331697,632578958264631296,1788247825000,1181299462874595328,RJ47GA5941,2220000,1788250045000,9.687387423727397,13.394,0.5500000000001819,3.6694649332300746,3.6501234495269665,13.10000000000582,3.6694649332300746,1788247825000-632578958264631296-1181299462874595328,,,,,
1479447378401427456,1788236893000-632578958264631296-1479447378401427456,1788236893000,1788238141000,1,13.342,3.648,3.65734649122807,632578958264631296,1788236893000,1479447378401427456,NL01AK3096,1248000,1788238141000,9.630458891038012,13.342,0.2999999999999545,3.6479010950901563,3.6574456522293017,12.25,3.6479010950901563,1788236893000-632578958264631296-1479447378401427456,,,,,
1083726561296777216,1788248378000-632578958264631296-1083726561296777216,1788248378000,1788249897000,1,13.298,5.257,2.5295796081415256,632578958264631296,1788248378000,1083726561296777216,RJ47GA6360,1519000,1788249897000,13.878984782436376,13.298,0.3499999999994543,5.257191205468324,2.5294876066459104,14.0,5.257191205468324,1788248378000-632578958264631296-1083726561296777216,,,,,
789852612550721536,1788277818000-632578958264631296-789852612550721536,1788277818000,1788279669000,1,13.288,2.627,5.058241339931481,632578958264631296,1788277818000,789852612550721536,RJ47GA3341,1851000,1788279669000,6.936015770364374,13.288,0.4500000000007276,2.6272787008955962,5.0577047632861865,14.899999999965075,2.6272787008955962,1788277818000-632578958264631296-789852612550721536,,['900758004226326543'],,900758004226326543,
1061351650800697344,1788230610000-632578958264631296-1061351650800697344,1788230610000,1788233070000,1,13.28,7.137,1.8607257951520246,632578958264631296,1788230610000,1061351650800697344,RJ47GA3508,2460000,1788233070000,18.840818168001814,13.28,0.5999999999985448,7.136673548485535,1.8608109099817425,13.625,7.136673548485535,1788230610000-632578958264631296-1061351650800697344,,,,,
1083729038846984192,1788225054000-632578958264631296-1083729038846984192,1788225054000,1788226310000,1,13.276,5.615,2.364381121994657,632578958264631296,1788225054000,1083729038846984192,RJ47GA6358,1256000,1788226310000,14.824193526881729,13.276,0.3499999999994543,5.615224820788534,2.3642864575697757,13.5,5.615224820788534,1788225054000-632578958264631296-1083729038846984192,,,,,
1132636252537880576,1788240085000-632578958264631296-1132636252537880576,1788240085000,1788241595000,1,13.247,3.925,3.375031847133758,632578958264631296,1788240085000,1132636252537880576,RK47GA5327,1510000,1788241595000,10.36076881005602,13.247,0.3500000000003638,3.9245336401727346,3.375432908613556,13.699999999982538,3.9245336401727346,1788240085000-632578958264631296-1132636252537880576,,,,,
870568761881526272,1788277214000-632578958264631296-870568761881526272,1788277214000,1788280266000,1,13.241,4.224,3.134706439393939,632578958264631296,1788277214000,870568761881526272,RJ47GA4522,3052000,1788280266000,11.152439057637297,13.241,0.8000000000010914,4.2244087339535215,3.134403139917777,13.5,4.2244087339535215,1788277214000-632578958264631296-870568761881526272,,,,,0.0
1332765289414131712,1788241988000-632578958264631296-1332765289414131712,1788241988000,1788244290000,1,13.183,5.438,2.424236851783744,632578958264631296,1788241988000,1332765289414131712,RJ47GA5602,2302000,1788244290000,14.357434102916661,13.183,0.0,5.438422008680553,2.4240487367397963,13.900000000023283,5.438422008680553,1788241988000-632578958264631296-1332765289414131712,,,,,
964170762879500288,1788306657000-632578958264631296-964170762879500288,1788306657000,1788310235000,1,13.18,9.269,1.4219441147912395,632578958264631296,1788306657000,964170762879500288,RJ47GA4713,3578000,1788310235000,24.469329419791197,13.18,0.9500000000007276,9.268685386284544,1.4219923808724022,13.900000000023283,9.268685386284544,1788306657000-632578958264631296-964170762879500288,,,,,
1134877765846171648,1788261584000-632578958264631296-1134877765846171648,1788261584000,1788262953000,1,13.147,5.701,2.3060866514646556,632578958264631296,1788261584000,1134877765846171648,RJ47GA6215,1369000,1788262953000,15.049522195111807,13.147,0.3500000000003638,5.700576589057502,2.306257936300027,12.799999999988358,5.700576589057501,1788261584000-632578958264631296-1134877765846171648,,,,,
1396881703661731840,1788266774000-632578958264631296-1396881703661731840,1788266774000,1788268156000,1,13.085,4.243,3.083902898892293,632578958264631296,1788266774000,1396881703661731840,NL01AJ6921,1382000,1788268156000,11.20150038660714,13.085,0.25,4.242992570684523,3.083908298686697,10.875,4.242992570684523,1788266774000-632578958264631296-1396881703661731840,,,,,
784445389880164352,1788236367000-632578958264631296-784445389880164352,1788236367000,1788238495000,1,13.084,3.679,3.556401195977168,632578958264631296,1788236367000,784445389880164352,RJ47GA3188,2128000,1788238495000,9.712676610555556,13.084,0.5499999999992724,3.6790441706649832,3.556358497765761,14.299999999988358,3.6790441706649832,1788236367000-632578958264631296-784445389880164352,,['900758004171800596'],,900758004171800596,
935951856658546688,1788276045000-632578958264631296-935951856658546688,1788276045000,1788277134000,1,13.069,3.966,3.295259707513868,632578958264631296,1788276045000,935951856658546688,RJ47GA4709,1089000,1788277134000,10.469162903822975,13.069,0.2000000000007276,3.9655920090238537,3.2955987328653578,9.599999999998545,3.9655920090238537,1788276045000-632578958264631296-935951856658546688,,,,,
1536014603211767808,1788240786000-632578958264631296-1536014603211767808,1788240786000,1788242112000,1,13.057,7.346,1.777429893819766,632578958264631296,1788240786000,1536014603211767808,NL01AK9193,1326000,1788242112000,19.393651538141047,13.057,0.2999999999999545,7.346080128083729,1.7774105063302652,13.494999999998981,7.346080128083729,1788240786000-632578958264631296-1536014603211767808,,,,,
1545824482457812992,1788232976000-632578958264631296-1545824482457812992,1788232976000,1788234262000,1,13.057,5.643,2.313840155945419,632578958264631296,1788232976000,1545824482457812992,NL01AK8869,1286000,1788234262000,14.898693095506447,13.057,0.2999999999999545,5.643444354358502,2.3136579684560754,13.81499999999869,5.643444354358502,1788232976000-632578958264631296-1545824482457812992,,,,,
1428064485414797312,1788261832000-632578958264631296-1428064485414797312,1788261832000,1788263173000,1,13.052,6.199,2.1055008872398773,632578958264631296,1788261832000,1428064485414797312,NL01AJ9496,1341000,1788263173000,16.364811119378032,13.052,0.34999999999990905,6.198792090673496,2.1055715063645417,12.625,6.198792090673496,1788261832000-632578958264631296-1428064485414797312,,,,,
1083726561296777216,1788226201000-632578958264631296-1083726561296777216,1788226201000,1788228125000,1,13.046,5.912,2.206698240866035,632578958264631296,1788226201000,1083726561296777216,RJ47GA6360,1924000,1788228125000,15.6070604370518,13.046,0.5,5.9117653170650755,2.2067858415050803,13.699999999982538,5.9117653170650755,1788226201000-632578958264631296-1083726561296777216,,,,,
1068875501654769664,1788222165000-632578958264631296-1068875501654769664,1788222165000,1788224439000,1,13.038,6.699,1.9462606359158083,632578958264631296,1788222165000,1068875501654769664,RJ47GA3881,2274000,1788224439000,17.685842133179968,13.038,0.5999999999994543,6.699182626204532,1.9462075789665056,13.125,6.699182626204532,1788222165000-632578958264631296-1068875501654769664,,,,,
1312806942439112704,1788246254000-632578958264631296-1312806942439112704,1788246254000,1788247557000,1,13.022,4.324,3.011563367252544,632578958264631296,1788246254000,1312806942439112704,NL01AH8912,1303000,1788247557000,11.416189255253057,13.022,0.3499999999994543,4.324314111838279,3.011344611704053,12.5,4.324314111838279,1788246254000-632578958264631296-1312806942439112704,,,,,
1067775012183736320,1788244704000-632578958264631296-1067775012183736320,1788244704000,1788246030000,1,13.012,5.668,2.2956951305575157,632578958264631296,1788244704000,1067775012183736320,RJ47GA3615,1326000,1788246030000,14.962619891498662,13.012,0.3500000000003638,5.667659049810099,2.2958332330234263,15.125,5.667659049810099,1788244704000-632578958264631296-1067775012183736320,,,,,
1181865650805538816,1788257998000-632578958264631296-1181865650805538816,1788257998000,1788259272000,1,12.996,3.554,3.656724817107485,632578958264631296,1788257998000,1181865650805538816,RJ47GA6367,1274000,1788259272000,9.38359768043259,12.996,0.3000000000001819,3.5543930607699203,3.6563204400317293,13.60000000000582,3.5543930607699203,1788257998000-632578958264631296-1181865650805538816,,,,,
1478819140813717504,1788274720000-632578958264631296-1478819140813717504,1788274720000,1788279107000,1,12.971,4.323,3.0004626416840154,632578958264631296,1788274720000,1478819140813717504,NL01AK3097,4387000,1788279107000,11.412519476089848,12.971,1.150000000000091,4.322924043973427,3.0005153613750917,13.0,4.322924043973427,1788274720000-632578958264631296-1478819140813717504,,,,,
1398705978894974976,1788258909000-632578958264631296-1398705978894974976,1788258909000,1788261001000,1,12.952,5.882,2.2019721183270997,632578958264631296,1788258909000,1398705978894974976,NL01AH7651,2092000,1788261001000,15.527746915931747,12.952,0.5500000000001819,5.881722316640813,2.20207607614451,13.569999999977881,5.881722316640813,1788258909000-632578958264631296-1398705978894974976,,,,,
1083727986517082112,1788287618000-632578958264631296-1083727986517082112,1788287618000,1788295879000,1,12.945,11.669,1.1093495586596966,632578958264631296,1788287618000,1083727986517082112,RJ47GA6315,8261000,1788295879000,30.805782871984913,12.945,2.25,11.668857148479134,1.109363139447396,13.700000000011642,11.668857148479134,1788287618000-632578958264631296-1083727986517082112,"{'confidence': None, 'count': None, 'error_code': 'SPEED_FILTER_FAILED', 'flags': {'alta-status': 'present', 'alta_partial': False, 'gps_dup_rows_count': 0}, 'load_class': None, 'mean': None, 'std': None, 'timestamp': 1788295884495}",,,,
1082360641819246592,1788265025000-632578958264631296-1082360641819246592,1788265025000,1788266921000,1,12.872,3.778,3.4070937003705666,632578958264631296,1788265025000,1082360641819246592,RJ47GA5736,1896000,1788266921000,9.973406731307472,12.872,0.5,3.7778055800407087,3.4072690421144687,13.099999999976717,3.7778055800407087,1788265025000-632578958264631296-1082360641819246592,,,,,
874363612666265600,1788274238000-632578958264631296-874363612666265600,1788274238000,1788278632000,1,12.841,5.284,2.4301665404996213,632578958264631296,1788274238000,874363612666265600,RJ47GA1973,4394000,1788278632000,13.949703943827991,12.841,0.0,5.2839787666015114,2.430176305999603,13.5,5.2839787666015114,1788274238000-632578958264631296-874363612666265600,,['900758004175994887'],,900758004175994887,
1067776159577538560,1788301743000-632578958264631296-1067776159577538560,1788301743000,1788304068000,1,12.804,6.182,2.071174377224199,632578958264631296,1788301743000,1067776159577538560,RJ14GP9561,2325000,1788304068000,16.32122931741419,12.804,0.5999999999994543,6.18228383235386,2.0710792883679314,13.10000000000582,6.1822838323538605,1788301743000-632578958264631296-1067776159577538560,,,,,
1067764685513687040,1788250707000-632578958264631296-1067764685513687040,1788250707000,1788251967000,1,12.783,4.617,2.7686809616634176,632578958264631296,1788250707000,1067764685513687040,RJ47GA6297,1260000,1788251967000,12.188179315154482,12.783,0.2999999999992724,4.616734589073667,2.7688401300463035,13.60000000000582,4.616734589073667,1788250707000-632578958264631296-1067764685513687040,,,,,
1079444806125486080,1788265856000-632578958264631296-1079444806125486080,1788265856000,1788267741000,1,12.767,8.218,1.5535410075444147,632578958264631296,1788265856000,1079444806125486080,RJ47GA6401,1885000,1788267741000,21.695097062392755,12.767,0.4499999999998181,8.217839796360892,1.553571293231296,13.39999999999418,8.217839796360892,1788265856000-632578958264631296-1079444806125486080,,,,,
873821465244336128,1788265087000-632578958264631296-873821465244336128,1788265087000,1788266834000,1,12.764,3.409,3.744206512173658,632578958264631296,1788265087000,873821465244336128,RJ14GN1590,1747000,1788266834000,9.00011828995338,12.764,0.3999999999996362,3.4091357158914315,3.744057457290881,13.100000000034925,3.4091357158914315,1788265087000-632578958264631296-873821465244336128,,,,,0.18399999999999936
1079796452147855360,1788230828000-632578958264631296-1079796452147855360,1788230828000,1788232264000,1,12.744,2.877,4.429614181438999,632578958264631296,1788230828000,1079796452147855360,RJ47GA3909,1436000,1788232264000,7.59428475050776,12.744,0.3500000000003638,2.8766230115559694,4.430194693154023,12.625,2.8766230115559694,1788230828000-632578958264631296-1079796452147855360,,,,,
798991075485155328,1788274195000-632578958264631296-798991075485155328,1788274195000,1788278842000,1,12.697,6.735,1.8852264291017073,632578958264631296,1788274195000,798991075485155328,RJ47GA3120,4647000,1788278842000,17.78054281408107,12.697,1.25,6.73505409624283,1.885211286882322,14.600000000034925,6.73505409624283,1788274195000-632578958264631296-798991075485155328,,['900758004213743622'],,900758004213743622,
1161991673035620352,1788228806000-632578958264631296-1161991673035620352,1788228806000,1788230144000,1,12.652,5.14,2.46147859922179,632578958264631296,1788228806000,1161991673035620352,RJ47GA6310,1338000,1788230144000,13.570023026388885,12.652,0.3000000000001819,5.140160237268517,2.4614018660872095,13.39999999999418,5.140160237268517,1788228806000-632578958264631296-1161991673035620352,,,,,
1350071704793120768,1788230319000-632578958264631296-1350071704793120768,1788230319000,1788232084000,1,12.621,6.81,1.8533039647577094,632578958264631296,1788230319000,1350071704793120768,RJ47GA3451,1765000,1788232084000,17.979705724171893,12.621,0.4499999999989086,6.810494592489353,1.8531693739127995,12.75,6.810494592489353,1788230319000-632578958264631296-1350071704793120768,,,,,
1045015172411817984,1788264673000-632578958264631296-1045015172411817984,1788264673000,1788265611000,1,12.596,4.233,2.975667375383889,632578958264631296,1788264673000,1045015172411817984,RJ47GA3393,938000,1788265611000,11.175038820363035,12.596,0.25,4.232969250137513,2.9756889917380818,12.875,4.232969250137513,1788264673000-632578958264631296-1045015172411817984,,,,,
1525559056574447616,1788289752000-632578958264631296-1525559056574447616,1788289752000,1788291375000,1,12.556,4.827,2.601201574476901,632578958264631296,1788289752000,1525559056574447616,NL01AK6560,1623000,1788291375000,12.742726379033744,12.556,0.40000000000009095,4.826790295088539,2.6013145863776708,13.25,4.826790295088539,1788289752000-632578958264631296-1525559056574447616,,,,,
1050036904705130496,1788252225000-632578958264631296-1050036904705130496,1788252225000,1788253775000,1,12.548,2.497,5.025230276331598,632578958264631296,1788252225000,1050036904705130496,RJ47GA6244,1550000,1788253775000,6.591078264710955,12.548,0.4000000000005457,2.4966205548147555,5.025994028528311,12.799999999988358,2.4966205548147555,1788252225000-632578958264631296-1050036904705130496,,,,,
1071858322266652672,1788252276000-632578958264631296-1071858322266652672,1788252276000,1788253816000,1,12.544,2.979,4.2108089963074855,632578958264631296,1788252276000,1071858322266652672,RJ47GA5753,1540000,1788253816000,7.8644295442639605,12.544,0.3999999999996362,2.97895058494847,4.210878845516999,12.900000000023283,2.97895058494847,1788252276000-632578958264631296-1071858322266652672,,,,,
1464283595349688320,1788279195000-632578958264631296-1464283595349688320,1788279195000,1788280276000,1,12.508,4.76,2.627731092436975,632578958264631296,1788279195000,1464283595349688320,NL01AK1961,1081000,1788280276000,12.565858155776352,12.508,0.2999999999999545,4.759794755975891,2.6278444011259703,11.75,4.759794755975891,1788279195000-632578958264631296-1464283595349688320,,,,,
1396881232180019200,1788262836000-632578958264631296-1396881232180019200,1788262836000,1788265516000,1,12.456,3.389,3.6754204780171142,632578958264631296,1788262836000,1396881232180019200,NL01AJ6926,2680000,1788265516000,8.94585233403774,12.456,0.6999999999998181,3.38858042955975,3.675875564688398,12.5,3.38858042955975,1788262836000-632578958264631296-1396881232180019200,,,,,
876422423786815488,1788268753000-632578958264631296-876422423786815488,1788268753000,1788269928000,1,12.443,2.038,6.105495583905791,632578958264631296,1788268753000,876422423786815488,RJ14GN1576,1175000,1788269928000,5.380657890007832,12.443,0.2000000000007276,2.03812798863933,6.105112176152903,12.5,2.03812798863933,1788268753000-632578958264631296-876422423786815488,,,,,0.0
1101157025884143616,1788262802000-632578958264631296-1101157025884143616,1788262802000,1788265632000,1,12.442,5.621,2.2134851449919943,632578958264631296,1788262802000,1101157025884143616,RJ47GA5517,2830000,1788265632000,14.838492066385674,12.442,0.75,5.620640934236998,2.2136265499922034,12.900000000023283,5.620640934236998,1788262802000-632578958264631296-1101157025884143616,,,,,
1142833661045899264,1788262591000-632578958264631296-1142833661045899264,1788262591000,1788263759000,1,12.433,4.013,3.0981809120358834,632578958264631296,1788262591000,1142833661045899264,RJ47GA6293,1168000,1788263759000,10.59401559154264,12.433,0.3000000000001819,4.012884693766151,3.0982699351701153,12.0,4.012884693766151,1788262591000-632578958264631296-1142833661045899264,,,,,
947583099720433664,1788220834000-632578958264631296-947583099720433664,1788220834000,1788223817000,1,12.427,4.897,2.5376761282417806,632578958264631296,1788220834000,947583099720433664,RJ47GA2689,2983000,1788223817000,12.92775293619313,12.427,0.7999999999992724,4.896876112194367,2.537740329810236,13.5,4.896876112194367,1788220834000-632578958264631296-947583099720433664,,,,,
1488160320575766528,1788271353000-632578958264631296-1488160320575766528,1788271353000,1788272796000,1,12.412,3.868,3.208893485005171,632578958264631296,1788271353000,1488160320575766528,NL01AK3103,1443000,1788272796000,10.211424707623255,12.412,0.34999999999990905,3.8679639044027483,3.2089234301984875,13.125,3.8679639044027483,1788271353000-632578958264631296-1488160320575766528,,,,,
1385588586753032192,1788246545000-632578958264631296-1385588586753032192,1788246545000,1788250363000,1,12.378,6.575,1.8825855513307985,632578958264631296,1788246545000,1385588586753032192,NL01AJ5698,3818000,1788250363000,17.358283196246568,12.378,1.050000000000182,6.575107271305518,1.8825548373969405,13.0,6.575107271305518,1788246545000-632578958264631296-1385588586753032192,,,,,
1428031634325635072,1788238552000-632578958264631296-1428031634325635072,1788238552000,1788239975000,1,12.349,3.087,4.000323939099449,632578958264631296,1788238552000,1428031634325635072,NL01AJ9500,1423000,1788239975000,8.149674920523301,12.349,0.3000000000001819,3.086998075955796,4.000326432395493,11.125,3.086998075955796,1788238552000-632578958264631296-1428031634325635072,,,,,
1065304732634972160,1788233819000-632578958264631296-1065304732634972160,1788233819000,1788236040000,1,12.313,4.92,2.5026422764227645,632578958264631296,1788233819000,1065304732634972160,RJ47GA4006,2221000,1788236040000,12.989996970379677,12.313,0.0,4.920453397871089,2.50241166908062,13.125,4.920453397871089,1788233819000-632578958264631296-1065304732634972160,,,,,
1063501597117513728,1788274907000-632578958264631296-1063501597117513728,1788274907000,1788276332000,1,12.306,2.518,4.887212073073869,632578958264631296,1788274907000,1063501597117513728,RJ47GA3366,1425000,1788276332000,6.648729685939948,12.306,0.3500000000003638,2.518458214371192,4.886322881903585,12.625,2.1551113595032163,1788274907000-632578958264631296-1063501597117513728,,,,,
1067763772824748032,1788260155000-632578958264631296-1067763772824748032,1788260155000,1788261806000,1,12.302,6.148,2.0009759271307743,632578958264631296,1788260155000,1067763772824748032,RJ47GA6232,1651000,1788261806000,16.23149930090723,12.302,0.4499999999998181,6.148295189737587,2.000879856994156,12.89999999999418,6.148295189737587,1788260155000-632578958264631296-1067763772824748032,,,,,
796706773456125952,1788231594000-632578958264631296-796706773456125952,1788231594000,1788232471000,1,12.295,5.877,2.092053768929726,632578958264631296,1788231594000,796706773456125952,RJ47GA3118,877000,1788232471000,15.515740532685472,12.295,0.24043111111111112,5.877174444199042,2.091991673334719,,5.877174444199042,1788231594000-632578958264631296-796706773456125952,,['900758004213743618'],,900758004213743618,
1176582451024101376,1788254620000-632578958264631296-1176582451024101376,1788254620000,1788255959000,1,12.285,4.29,2.8636363636363638,632578958264631296,1788254620000,1176582451024101376,RJ47GA6342,1339000,1788255959000,11.324730938365594,12.285,0.0,4.289670809986967,2.8638561195415653,12.89999999999418,4.289670809986967,1788254620000-632578958264631296-1176582451024101376,,,,,
635414442816888832,1788235885000-632578958264631296-635414442816888832,1788235885000,1788236936000,1,12.232,3.757,3.255789193505456,632578958264631296,1788235885000,635414442816888832,RJ47GA2707,1051000,1788236936000,9.91874983350575,12.232,0.28847222222222224,3.7571022096612685,3.2557006217573217,,3.7571022096612685,1788235885000-632578958264631296-635414442816888832,,['900758004201160704'],,900758004201160704,
1362453820235317248,1788278253000-632578958264631296-1362453820235317248,1788278253000,1788281029000,1,12.171,6.522,1.8661453541858324,632578958264631296,1788278253000,1362453820235317248,NL01AJ4179,2776000,1788281029000,17.21851049983331,12.171,0.75,6.522163068118678,1.866098696534236,13.125,6.522163068118678,1788278253000-632578958264631296-1362453820235317248,,,,,
1187437506908389376,1788251887000-632578958264631296-1187437506908389376,1788251887000,1788255307000,1,12.169,4.955,2.4559031281533805,632578958264631296,1788251887000,1187437506908389376,RJ47GA6475,3420000,1788255307000,13.081180602222211,12.169,0.9000000000005457,4.954992652356898,2.4559067699548813,12.799999999988358,4.954992652356898,1788251887000-632578958264631296-1187437506908389376,,,,,
1389244082743672832,1788226350000-632578958264631296-1389244082743672832,1788226350000,1788227672000,1,12.166,2.17,5.606451612903226,632578958264631296,1788226350000,1389244082743672832,NL01AJ6141,1322000,1788227672000,5.728221635127993,12.166,0.29999999999972715,2.169780922396967,5.60701768294661,12.5,2.169780922396967,1788226350000-632578958264631296-1389244082743672832,,,,,
1067775012183736320,1788247378000-632578958264631296-1067775012183736320,1788247378000,1788248701000,1,12.164,5.286,2.301172909572456,632578958264631296,1788247378000,1067775012183736320,RJ47GA3615,1323000,1788248701000,13.95590172580645,12.164,0.3500000000003638,5.286326411290322,2.3010308205752525,14.0,5.286326411290322,1788247378000-632578958264631296-1067775012183736320,,,,,
787647951882158080,1788278341000-632578958264631296-787647951882158080,1788278341000,1788281096000,1,12.163,6.356,1.9136249213341725,632578958264631296,1788278341000,787647951882158080,RJ47GA2574,2755000,1788281096000,16.780255957075266,12.163,0.75,6.3561575594982065,1.913577485476968,,6.3561575594982065,1788278341000-632578958264631296-787647951882158080,,['900758004192772101'],,900758004192772101,
862287863801184256,1788229407000-632578958264631296-862287863801184256,1788229407000,1788230857000,1,12.143,2.91,4.172852233676976,632578958264631296,1788229407000,862287863801184256,RJ47GA3737,1450000,1788230857000,7.682252760093,12.143,0.3500000000003638,2.9099442273079545,4.172932211568098,12.375,2.9099442273079545,1788229407000-632578958264631296-862287863801184256,,,,,
1056588446363025408,1788232733000-632578958264631296-1056588446363025408,1788232733000,1788234127000,1,12.137,5.962,2.035726266353573,632578958264631296,1788232733000,1056588446363025408,RJ47GA3530,1394000,1788234127000,15.738765139543862,12.137,0.3500000000003638,5.9616534619484325,2.035844598728705,12.125,5.9616534619484325,1788232733000-632578958264631296-1056588446363025408,,,,,
1536014609964597248,1788272972000-632578958264631296-1536014609964597248,1788272972000,1788274793000,1,12.131,7.22,1.6801939058171746,632578958264631296,1788272972000,1536014609964597248,NL01AK9197,1821000,1788274793000,19.061059343917663,12.131,0.5,7.220098236332447,1.6801710451743266,12.415000000000873,7.220098236332447,1788272972000-632578958264631296-1536014609964597248,,,,,
1083039951072788480,1788264162000-632578958264631296-1083039951072788480,1788264162000,1788265545000,1,12.108,5.113,2.3680813612360647,632578958264631296,1788264162000,1083039951072788480,RJ47GA5903,1383000,1788265545000,13.499440870845731,12.108,0.3500000000003638,5.113424572290049,2.36788473728819,12.700000000011642,5.11342457229005,1788264162000-632578958264631296-1083039951072788480,,,,,
869905949161160704,1788226783000-632578958264631296-869905949161160704,1788226783000,1788227825000,1,12.055,3.992,3.0197895791583167,632578958264631296,1788226783000,869905949161160704,RJ47GA4504,1042000,1788227825000,10.53833489936508,12.055,0.2999999999992724,3.9917935224867724,3.0199457792822115,12.299999999988358,3.9917935224867724,1788226783000-632578958264631296-869905949161160704,,,,,0.18399999999999608
1373358446576926720,1788243392000-632578958264631296-1373358446576926720,1788243392000,1788244852000,1,12.05,0.908,13.27092511013216,632578958264631296,1788243392000,1373358446576926720,HR26EQ4539,1460000,1788244852000,2.39798520824343,12.05,0.39666666666744277,0.9083277303952386,13.26613687634166,12.046999999991385,0.9083277303952386,1788243392000-632578958264631296-1373358446576926720,,,,,
1062738070563979264,1788277576000-632578958264631296-1062738070563979264,1788277576000,1788278857000,1,12.0,2.573,4.663816556548776,632578958264631296,1788277576000,1062738070563979264,RJ47GA3845,1281000,1788278857000,6.793519351320236,12.0,0.3000000000010914,2.5733027845909984,4.663267794157882,12.0,2.279619846536679,1788277576000-632578958264631296-1062738070563979264,,,,,
1083726517403385856,1788261882000-632578958264631296-1083726517403385856,1788261882000,1788262954000,1,11.993,3.657,3.2794640415641236,632578958264631296,1788261882000,1083726517403385856,RJ47GA6316,1072000,1788262954000,9.653927368193385,11.993,0.3000000000001819,3.656790669770221,3.279651772015048,12.699999999982538,3.656790669770221,1788261882000-632578958264631296-1083726517403385856,,,,,
1088472759995990016,1788237915000-632578958264631296-1088472759995990016,1788237915000,1788239026000,1,11.984,3.012,3.9787516600265604,632578958264631296,1788237915000,1088472759995990016,RJ47GA5727,1111000,1788239026000,7.950528386353105,11.984,0.3000000000001819,3.0115637827095094,3.9793279720006374,12.399999999965075,3.0115637827095094,1788237915000-632578958264631296-1088472759995990016,,,,,
947581389623001088,1788252988000-632578958264631296-947581389623001088,1788252988000,1788254837000,1,11.949,2.893,4.130314552367785,632578958264631296,1788252988000,947581389623001088,RJ47GA3601,1849000,1788254837000,7.638820804951621,11.949,0.4499999999989086,2.893492729148341,4.129611206424915,12.875,2.893492729148341,1788252988000-632578958264631296-947581389623001088,,,,,
1050036019790872576,1788267768000-632578958264631296-1050036019790872576,1788267768000,1788268944000,1,11.946,5.013,2.3830041891083185,632578958264631296,1788267768000,1050036019790872576,RJ47GA5530,1176000,1788268944000,13.233806652727926,11.946,0.3000000000010914,5.012805550275729,2.3830966272655263,11.700000000011642,5.012805550275728,1788267768000-632578958264631296-1050036019790872576,,,,,
927189698663677952,1788263957000-632578958264631296-927189698663677952,1788263957000,1788266862000,1,11.943,6.322,1.8891173679215438,632578958264631296,1788263957000,927189698663677952,RJ47GA3520,2905000,1788266862000,16.690321226134195,11.943,0.7999999999992724,6.322091373535679,1.8890900644039226,11.375,6.322091373535679,1788263957000-632578958264631296-927189698663677952,,,,,
1067765247101632512,1788247965000-632578958264631296-1067765247101632512,1788247965000,1788249123000,1,11.846,2.561,4.625536899648575,632578958264631296,1788247965000,1067765247101632512,RJ47GA6282,1158000,1788249123000,6.761002463503648,11.846,0.3000000000001819,2.5609857816301695,4.625562580226255,11.700000000011642,2.5609857816301695,1788247965000-632578958264631296-1067765247101632512,,,,,
1536014695108968448,1788241072000-632578958264631296-1536014695108968448,1788241072000,1788242313000,1,11.83,4.233,2.794708244743681,632578958264631296,1788241072000,1536014695108968448,RJ47GA8898,1241000,1788242313000,11.1757635029835,11.83,0.3000000000000682,4.2332437511301135,2.794547324812526,11.475000000002183,4.2332437511301135,1788241072000-632578958264631296-1536014695108968448,,,,,
786545248472924160,1788245681000-632578958264631296-786545248472924160,1788245681000,1788247148000,1,11.794,4.5,2.620888888888889,632578958264631296,1788245681000,786545248472924160,RJ47GA3116,1467000,1788247148000,11.88,11.794,0.3500000000003638,4.5,2.620888888888889,13.099999999976717,4.5,1788245681000-632578958264631296-786545248472924160,,['900758004209549323'],,900758004209549323,
786545248472924160,1788234806000-632578958264631296-786545248472924160,1788234806000,1788236561000,1,11.771,5.311,2.2163434381472418,632578958264631296,1788234806000,786545248472924160,RJ47GA3116,1755000,1788236561000,14.020268175980954,11.771,0.4499999999989086,5.310707642417028,2.2164654491586253,12.400000000023283,5.310707642417028,1788234806000-632578958264631296-786545248472924160,,['900758004209549323'],,900758004209549323,
635414442816888832,1788249650000-632578958264631296-635414442816888832,1788249650000,1788250608000,1,11.736,2.951,3.9769569637411046,632578958264631296,1788249650000,635414442816888832,RJ47GA2707,958000,1788250608000,7.79175085498996,11.736,0.26281722222222226,2.951420778405288,3.976389976606859,,2.951420778405288,1788249650000-632578958264631296-635414442816888832,,['900758004201160704'],,900758004201160704,
946026878085365760,1788244554000-632578958264631296-946026878085365760,1788244554000,1788245915000,1,11.717,4.761,2.4610375971434575,632578958264631296,1788244554000,946026878085365760,RJ47GA4715,1361000,1788245915000,12.570121636050306,11.717,0.3500000000003638,4.761409710625116,2.460825829344919,11.60000000000582,4.761409710625116,1788244554000-632578958264631296-946026878085365760,,,,,
1536014535985463296,1788269737000-632578958264631296-1536014535985463296,1788269737000,1788271063000,1,11.716,2.627,4.459840121811953,632578958264631296,1788269737000,1536014535985463296,NL01AK8375,1326000,1788271063000,6.93412319032875,11.716,0.3000000000000682,2.6265618145184657,4.460584150443047,11.875,2.321761641985405,1788269737000-632578958264631296-1536014535985463296,,,,,
965194336809517056,1788270170000-632578958264631296-965194336809517056,1788270170000,1788271626000,1,11.699,9.191,1.2728756392122729,632578958264631296,1788270170000,965194336809517056,RJ14GN1584,1456000,1788271626000,24.2638050285474,11.699,0.0,9.190835238086136,1.2728984577506315,,9.190835238086136,1788270170000-632578958264631296-965194336809517056,,,,,
1464286463544786944,1788248371000-632578958264631296-1464286463544786944,1788248371000,1788250381000,1,11.693,3.855,3.0332036316472113,632578958264631296,1788248371000,1464286463544786944,NL01AK1962,2010000,1788250381000,10.177872492584346,11.693,0.5,3.855254732039525,3.03300321579895,12.125,3.855254732039525,1788248371000-632578958264631296-1464286463544786944,,,,,
1083726789898928128,1788267581000-632578958264631296-1083726789898928128,1788267581000,1788269898000,1,11.65,6.454,1.8050821196157423,632578958264631296,1788267581000,1083726789898928128,RJ47GA6312,2317000,1788269898000,17.039040062968073,11.65,0.5500000000001819,6.4541818420333605,1.8050312626967635,12.299999999988358,6.4541818420333605,1788267581000-632578958264631296-1083726789898928128,,,,,
1187437506908389376,1788233718000-632578958264631296-1187437506908389376,1788233718000,1788236420000,1,11.59,3.955,2.9304677623261695,632578958264631296,1788233718000,1187437506908389376,RJ47GA6475,2702000,1788236420000,10.440540640163661,11.59,0.6999999999998181,3.954750242486235,2.9306528325069925,12.10000000000582,3.954750242486235,1788233718000-632578958264631296-1187437506908389376,,,,,
1047650330055016448,1788237742000-632578958264631296-1047650330055016448,1788237742000,1788239154000,1,11.567,3.913,2.956043956043956,632578958264631296,1788237742000,1047650330055016448,RJ47GA3445,1412000,1788239154000,10.330536731457473,11.567,0.3500000000003638,3.9130820952490426,2.9559819391583284,12.125,3.913082095249043,1788237742000-632578958264631296-1047650330055016448,,,,,
1131240847388442624,1788227240000-632578958264631296-1131240847388442624,1788227240000,1788228498000,1,11.554,4.968,2.325684380032206,632578958264631296,1788227240000,1131240847388442624,RJ47GA6175,1258000,1788228498000,13.115866696796715,11.554,0.3000000000001819,4.96813132454421,2.3256229043140273,10.799999999988358,4.96813132454421,1788227240000-632578958264631296-1131240847388442624,,,,,
1462138501628690432,1788256553000-632578958264631296-1462138501628690432,1788256553000,1788258597000,1,11.522,4.559,2.5273086203114716,632578958264631296,1788256553000,1462138501628690432,RJ47GA5314,2044000,1788258597000,12.03625859852656,11.522,0.5500000000001819,4.5591888630782424,2.5272039272838227,11.700000000011642,4.5591888630782424,1788256553000-632578958264631296-1462138501628690432,,,,,
1067775012183736320,1788232064000-632578958264631296-1067775012183736320,1788232064000,1788233215000,1,11.514,4.543,2.534448602245212,632578958264631296,1788232064000,1067775012183736320,RJ47GA3615,1151000,1788233215000,11.993557725815533,11.514,0.3000000000010914,4.543014290081641,2.5344406301202906,14.125,4.543014290081641,1788232064000-632578958264631296-1067775012183736320,,,,,
1134878026966761472,1788233630000-632578958264631296-1134878026966761472,1788233630000,1788234849000,1,11.495,2.285,5.030634573304157,632578958264631296,1788233630000,1134878026966761472,RJ47GA6213,1219000,1788234849000,6.033612657908771,11.495,0.25,2.2854593401169585,5.029623497660537,11.199999999982538,2.2854593401169585,1788233630000-632578958264631296-1134878026966761472,,,,,
1131240847388442624,1788228502000-632578958264631296-1131240847388442624,1788228502000,1788230464000,1,11.492,3.049,3.7691046244670385,632578958264631296,1788228502000,1131240847388442624,RJ47GA6175,1962000,1788230464000,8.048598091554183,11.492,0.5,3.0487113983159784,3.769461421093468,11.5,3.0487113983159784,1788228502000-632578958264631296-1131240847388442624,,,,,
939138676678459392,1788229184000-632578958264631296-939138676678459392,1788229184000,1788230467000,1,11.474,4.442,2.5830706888788835,632578958264631296,1788229184000,939138676678459392,RJ47GA3873,1283000,1788230467000,11.72722845082437,11.474,0.3499999999985448,4.442131988948625,2.582993938168797,11.625,4.442131988948625,1788229184000-632578958264631296-939138676678459392,,,,,
1126869078934290432,1788282439000-632578958264631296-1126869078934290432,1788282439000,1788284170000,1,11.447,5.552,2.061779538904899,632578958264631296,1788282439000,1126869078934290432,RJ47GA4863,1731000,1788284170000,14.656510092424703,11.447,0.0,5.55170836834269,2.0618878443388384,11.700000000011642,5.55170836834269,1788282439000-632578958264631296-1126869078934290432,,,,,
939139369715892224,1788236498000-632578958264631296-939139369715892224,1788236498000,1788238230000,1,11.435,5.778,1.9790584977500867,632578958264631296,1788236498000,939139369715892224,RJ47GA3427,1732000,1788238230000,15.25495664681751,11.435,0.4500000000007276,5.778392669249056,1.97892401131785,11.75,5.778392669249056,1788236498000-632578958264631296-939139369715892224,,,,,
1291421127226163200,1788246752000-901025643674730496-1291421127226163200,1788246752000,1788248400000,1,11.433,3.082,3.709604153147307,901025643674730496,1788246752000,1291421127226163200,NL01AG9585,1648000,1788248400000,8.135860229859334,11.433,0.3999999999996362,3.0817652385830807,3.7098867418131465,11.39999999999418,3.0817652385830807,1788246752000-901025643674730496-1291421127226163200,,,,,
1079796452147855360,1788242787000-632578958264631296-1079796452147855360,1788242787000,1788243834000,1,11.431,3.098,3.6897998708844413,632578958264631296,1788242787000,1079796452147855360,RJ47GA3909,1047000,1788243834000,8.179452975977123,11.431,0.3000000000010914,3.0982776424155767,3.68946922106303,11.25,3.0982776424155767,1788242787000-632578958264631296-1079796452147855360,,,,,
1079796452147855360,1788247271000-632578958264631296-1079796452147855360,1788247271000,1788248477000,1,11.428,4.009,2.8505861810925417,632578958264631296,1788247271000,1079796452147855360,RJ47GA3909,1206000,1788248477000,10.582607635708227,11.428,0.2999999999992724,4.008563498374328,2.8508965879259796,10.625,4.008563498374328,1788247271000-632578958264631296-1079796452147855360,,,,,
1050036721544069120,1788305041000-632578958264631296-1050036721544069120,1788305041000,1788307156000,1,11.423,3.895,2.932734274711168,632578958264631296,1788305041000,1050036721544069120,RJ47GA5834,2115000,1788307156000,10.283572214541064,11.423,0.5500000000001819,3.895292505507978,2.932514049676058,12.099999999976717,3.895292505507978,1788305041000-632578958264631296-1050036721544069120,,,,,
1083726740557135872,1788232003000-632578958264631296-1083726740557135872,1788232003000,1788233445000,1,11.419,4.096,2.787841796875,632578958264631296,1788232003000,1083726740557135872,RJ47GA6380,1442000,1788233445000,10.81386276666667,11.419,0.3500000000003638,4.09616013888889,2.787732806534629,12.0,4.09616013888889,1788232003000-632578958264631296-1083726740557135872,,,,,
1067776159577538560,1788278692000-632578958264631296-1067776159577538560,1788278692000,1788282114000,1,11.417,6.802,1.6784769185533668,632578958264631296,1788278692000,1067776159577538560,RJ14GP9561,3422000,1788282114000,17.95629269823648,11.417,0.8999999999996362,6.801626022059272,1.6785692072707297,11.799999999988358,6.801626022059272,1788278692000-632578958264631296-1067776159577538560,,,,,
1536402078727929856,1788269760000-632578958264631296-1536402078727929856,1788269760000,1788271425000,1,11.375,2.49,4.568273092369478,632578958264631296,1788269760000,1536402078727929856,NL01AK8054,1665000,1788271425000,6.572498943849531,11.375,0.40000000000009095,2.4895829332763375,4.569038391113281,11.724999999998545,0.001,1788269760000-632578958264631296-1536402078727929856,,,,,
1152270135390633984,1788272529000-902855557075959808-1152270135390633984,1788272529000,1788273672000,1,11.368,2.993,3.79819579017708,902855557075959808,1788272529000,1152270135390633984,RJ47GA6196,1143000,1788273672000,7.901665845156697,11.368,0.3000000000001819,2.9930552443775365,3.7981256849016813,11.5,2.9930552443775365,1788272529000-902855557075959808-1152270135390633984,,,,,
1083726561296777216,1788240785000-632578958264631296-1083726561296777216,1788240785000,1788242351000,1,11.353,5.321,2.1336214997180982,632578958264631296,1788240785000,1083726561296777216,RJ47GA6360,1566000,1788242351000,14.046619242418606,11.353,0.4000000000005457,5.320689106976745,2.133746169291004,12.0,5.320689106976745,1788240785000-632578958264631296-1083726561296777216,,,,,
1079444806125486080,1788225511000-632578958264631296-1079444806125486080,1788225511000,1788226925000,1,11.306,2.543,4.445930003932363,632578958264631296,1788225511000,1079444806125486080,RJ47GA6401,1414000,1788226925000,6.7131159186818286,11.306,0.3499999999994543,2.5428469388946318,4.446197616957112,11.60000000000582,2.542846938894632,1788225511000-632578958264631296-1079444806125486080,,,,,
1061979678694178816,1788224428000-632578958264631296-1061979678694178816,1788224428000,1788227051000,1,11.277,6.308,1.787729866835764,632578958264631296,1788224428000,1061979678694178816,RJ47GA3541,2623000,1788227051000,16.653815595748473,11.277,0.0,6.308263483238058,1.7876551970228531,11.875,6.308263483238058,1788224428000-632578958264631296-1061979678694178816,,,,,
931892603408875520,1788222004000-632578958264631296-931892603408875520,1788222004000,1788223122000,1,11.275,4.43,2.5451467268623027,632578958264631296,1788222004000,931892603408875520,RJ14GN0974,1118000,1788223122000,11.694756563141928,11.275,0.0,4.429832031493154,2.545243232664865,11.5,4.429832031493154,1788222004000-632578958264631296-931892603408875520,,,,,
1585283247909109760,1788263195000-632578958264631296-1585283247909109760,1788263195000,1788265695000,1,11.262,7.621,1.4777588243012727,632578958264631296,1788263195000,1585283247909109760,RJ47GA5321,2500000,1788265695000,20.11873822348198,11.262,0.6999999999998181,7.620734175561356,1.4778103710946489,11.699999999953434,7.620734175561356,1788263195000-632578958264631296-1585283247909109760,,,,,
1061980520671346688,1788233082000-632578958264631296-1061980520671346688,1788233082000,1788234782000,1,11.25,5.341,2.1063471260063658,632578958264631296,1788233082000,1061980520671346688,RJ47GA3390,1700000,1788234782000,14.100318740156464,11.25,0.4499999999989086,5.341029825816842,2.106335363569975,11.25,5.341029825816842,1788233082000-632578958264631296-1061980520671346688,,,,,
925753337108758528,1788233730000-632578958264631296-925753337108758528,1788233730000,1788235180000,1,11.25,3.059,3.6776724419745013,632578958264631296,1788233730000,925753337108758528,RJ47GA2620,1450000,1788235180000,8.075574067272727,11.25,0.3500000000003638,3.058929570936639,3.677757117028121,11.25,3.058929570936639,1788233730000-632578958264631296-925753337108758528,,,,,
932335222958063616,1788261113000-632578958264631296-932335222958063616,1788261113000,1788264024000,1,11.234,3.861,2.9096089096089095,632578958264631296,1788261113000,932335222958063616,RJ47GA4718,2911000,1788264024000,10.194225849911907,11.234,0.7999999999992724,3.861449185572692,2.909270447471623,11.5,3.861449185572692,1788261113000-632578958264631296-932335222958063616,,,,,
951558414842986496,1788239569000-632578958264631296-951558414842986496,1788239569000,1788240746000,1,11.225,6.176,1.8175194300518134,632578958264631296,1788239569000,951558414842986496,RJ47GA3895,1177000,1788240746000,16.30407005538462,11.225,0.2999999999992724,6.175784111888113,1.8175829654395412,10.125,6.175784111888113,1788239569000-632578958264631296-951558414842986496,,,,,
931939397496995840,1788272613000-632578958264631296-931939397496995840,1788272613000,1788273525000,1,11.2,3.939,2.843361259202843,632578958264631296,1788272613000,931939397496995840,RJ47GA4498,912000,1788273525000,10.398868836854465,11.200000000011642,0.25129527777777777,3.938965468505479,2.8433861859319984,11.200000000011642,3.938965468505479,1788272613000-632578958264631296-931939397496995840,,,,,
946026878085365760,1788243551000-632578958264631296-946026878085365760,1788243551000,1788244550000,1,11.18,7.056,1.5844671201814058,632578958264631296,1788243551000,946026878085365760,RJ47GA4715,999000,1788244550000,18.627087382156862,11.18,0.1000000000003638,7.05571491748366,1.5845311397568793,10.299999999988358,7.055714917483661,1788243551000-632578958264631296-946026878085365760,,,,,
940246634145513472,1788228594000-632578958264631296-940246634145513472,1788228594000,1788230259000,1,11.102,7.214,1.5389520377044634,632578958264631296,1788228594000,940246634145513472,RJ14GN1596,1665000,1788230259000,19.04604140289407,11.102,0.4500000000007276,7.2144096223083585,1.5388646585398278,11.5,7.2144096223083585,1788228594000-632578958264631296-940246634145513472,,,,,
1500136074981146624,1788269880000-632578958264631296-1500136074981146624,1788269880000,1788270840000,1,11.062,3.178,3.4808055380742604,632578958264631296,1788269880000,1500136074981146624,NL01AK3122,960000,1788270840000,8.389589724020356,11.062,0.25,3.1778748954622555,3.480942568190972,11.0,3.1778748954622555,1788269880000-632578958264631296-1500136074981146624,,,,,
1475453057469775872,1788237975000-632578958264631296-1475453057469775872,1788237975000,1788238956000,1,11.049,4.733,2.3344601732516375,632578958264631296,1788237975000,1475453057469775872,NL01AK3037,981000,1788238956000,12.494346985309587,11.049,0.25,4.732707191405146,2.3346046043299666,11.5,4.732707191405146,1788237975000-632578958264631296-1475453057469775872,,,,,
1175796663680237568,1788259503000-632578958264631296-1175796663680237568,1788259503000,1788260550000,1,10.999,6.049,1.8183170772028434,632578958264631296,1788259503000,1175796663680237568,RJ47GA6336,1047000,1788260550000,15.970168650650878,10.999,0.25,6.049306307064726,1.8182250065854226,11.60000000000582,6.049306307064726,1788259503000-632578958264631296-1175796663680237568,,,,,
1120316662394912768,1788266136000-632578958264631296-1120316662394912768,1788266136000,1788267657000,1,10.994,2.614,4.2058148431522575,632578958264631296,1788266136000,1120316662394912768,RJ47GA6414,1521000,1788267657000,6.900266044294964,10.994,0.4000000000005457,2.6137371379905168,4.206237819481864,11.39999999999418,2.6137371379905168,1788266136000-632578958264631296-1120316662394912768,,,,,
803716121332023296,1788270984000-632578958264631296-803716121332023296,1788270984000,1788274321000,1,10.988,4.13,2.6605326876513318,632578958264631296,1788270984000,803716121332023296,RJ47GA2708,3337000,1788274321000,10.902824856638638,10.988,0.8999999999996362,4.129857900241908,2.660624231007167,12.0,4.129857900241908,1788270984000-632578958264631296-803716121332023296,,['900758004201160706'],,900758004201160706,
780122893064339456,1788226215000-632578958264631296-780122893064339456,1788226215000,1788227194000,1,10.948,4.527,2.418378617185774,632578958264631296,1788226215000,780122893064339456,RJ47GA3065,979000,1788227194000,11.95200482713135,10.948,0.25,4.527274555731572,2.4182319550599662,11.700000000011642,4.527274555731572,1788226215000-632578958264631296-780122893064339456,,['900758004201160710'],,900758004201160710,
1101157025884143616,1788229206000-632578958264631296-1101157025884143616,1788229206000,1788230397000,1,10.941,3.713,2.946673848639914,632578958264631296,1788229206000,1101157025884143616,RJ47GA5517,1191000,1788230397000,9.80141930580645,10.941,0.3500000000003638,3.7126588279569885,2.9469446310585568,11.399999999965075,3.7126588279569885,1788229206000-632578958264631296-1101157025884143616,,,,,
1067776159577538560,1788291691000-632578958264631296-1067776159577538560,1788291691000,1788293359000,1,10.934,2.952,3.703929539295393,632578958264631296,1788291691000,1067776159577538560,RJ14GP9561,1668000,1788293359000,7.793858110103232,10.934,0.4499999999998181,2.952218981099709,3.7036547999996454,11.300000000017462,2.952218981099709,1788291691000-632578958264631296-1067776159577538560,,,,,
1082303861131051008,1788270732000-632578958264631296-1082303861131051008,1788270732000,1788272531000,1,10.918,6.62,1.6492447129909364,632578958264631296,1788270732000,1082303861131051008,RJ47GA5902,1799000,1788272531000,17.477287368347472,10.918,0.4499999999998181,6.620184609222527,1.6491987224631501,11.5,6.620184609222527,1788270732000-632578958264631296-1082303861131051008,,,,,
780451764301201408,1788264715000-632578958264631296-780451764301201408,1788264715000,1788265895000,1,10.839,2.89,3.7505190311418684,632578958264631296,1788264715000,780451764301201408,RJ47GA3344,1180000,1788265895000,7.6295113816809135,10.839,0.25,2.8899664324548913,3.750562594179607,11.900000000023283,2.8899664324548913,1788264715000-632578958264631296-780451764301201408,,['900758004230520833'],,900758004230520833,
970288452387995648,1788256316000-632578958264631296-970288452387995648,1788256316000,1788257517000,1,10.838,3.853,2.812873085907085,632578958264631296,1788256316000,970288452387995648,RJ47GA3399,1201000,1788257517000,10.171275080229163,10.838,0.3000000000010914,3.8527557122080163,2.8130514389111725,7.25,3.8527557122080163,1788256316000-632578958264631296-970288452387995648,,,,,
1499777554695847936,1788264072000-632578958264631296-1499777554695847936,1788264072000,1788266211000,1,10.833,14.399,0.7523439127717203,632578958264631296,1788264072000,1499777554695847936,NL01AK3108,2139000,1788266211000,38.01311667387827,10.833,0.5499999999999545,14.398907831014496,0.752348728607477,11.5,14.398907831014496,1788264072000-632578958264631296-1499777554695847936,,,,,
947104127047958528,1788267475000-632578958264631296-947104127047958528,1788267475000,1788268688000,1,10.81,3.17,3.410094637223975,632578958264631296,1788267475000,947104127047958528,RJ47GA1393,1213000,1788268688000,8.369959599557848,10.81,0.0,3.170439242256761,3.4096221923828125,,0.001,1788267475000-632578958264631296-947104127047958528,,,,,
809467481230934016,1788261360000-632578958264631296-809467481230934016,1788261360000,1788262550000,1,10.752,3.593,2.9924853882549405,632578958264631296,1788261360000,809467481230934016,RJ47GA3181,1190000,1788262550000,9.486718620930931,10.752,0.25,3.593454023079898,2.992107295917095,11.799999999988358,3.593454023079898,1788261360000-632578958264631296-809467481230934016,,['900758004217937927'],,900758004217937927,
1536014609964597248,1788226906000-632578958264631296-1536014609964597248,1788226906000,1788228851000,1,10.746,3.628,2.961962513781698,632578958264631296,1788226906000,1536014609964597248,NL01AK9197,1945000,1788228851000,9.578004657415468,10.746,0.5499999999999545,3.628032067202829,2.9619363337890903,10.93500000000131,3.628032067202829,1788226906000-632578958264631296-1536014609964597248,,,,,
635414442816888832,1788237859000-632578958264631296-635414442816888832,1788237859000,1788238797000,1,10.699,3.53,3.0308781869688386,632578958264631296,1788237859000,635414442816888832,RJ47GA2707,938000,1788238797000,9.318227240686706,10.699,0.0,3.529631530563146,3.031194589961348,,3.5296315305631456,1788237859000-632578958264631296-635414442816888832,,['900758004201160704'],,900758004201160704,
927189698663677952,1788262793000-632578958264631296-927189698663677952,1788262793000,1788263952000,1,10.647,5.616,1.8958333333333335,632578958264631296,1788262793000,927189698663677952,RJ47GA3520,1159000,1788263952000,14.825429219145294,10.647,0.3000000000010914,5.615692886039883,1.8959370136617517,9.625,5.615692886039883,1788262793000-632578958264631296-927189698663677952,,,,,
952583803866447872,1788297656000-632578958264631296-952583803866447872,1788297656000,1788301559000,1,10.602,3.126,3.3915547024952017,632578958264631296,1788297656000,952583803866447872,RJ47GA3767,3903000,1788301559000,8.25319639885342,10.602,1.0499999999992724,3.126210757141447,3.3913260568824497,11.0,3.126210757141447,1788297656000-632578958264631296-952583803866447872,,,,,
1175796546902425600,1788265299000-632578958264631296-1175796546902425600,1788265299000,1788266391000,1,10.589,4.196,2.5235938989513826,632578958264631296,1788265299000,1175796546902425600,RJ47GA6338,1092000,1788266391000,11.07663164747549,10.589,0.25,4.195693805861928,2.5237780662654163,10.5,4.195693805861928,1788265299000-632578958264631296-1175796546902425600,,,,,
1076923321632686080,1788273814000-632578958264631296-1076923321632686080,1788273814000,1788276059000,1,10.588,3.69,2.8693766937669376,632578958264631296,1788273814000,1076923321632686080,RJ47GA2652,2245000,1788276059000,9.742100370621039,10.588,0.5500000000010914,3.6901895343261506,2.8692293177654973,,3.6901895343261506,1788273814000-632578958264631296-1076923321632686080,,,,,
1101157025884143616,1788250704000-632578958264631296-1101157025884143616,1788250704000,1788252238000,1,10.573,4.609,2.2939900195270124,632578958264631296,1788250704000,1101157025884143616,RJ47GA5517,1534000,1788252238000,12.166976238401693,10.573,0.3999999999996362,4.608703120606702,2.2941377917630206,11.0,4.608703120606702,1788250704000-632578958264631296-1101157025884143616,,,,,
940246634145513472,1788254255000-632578958264631296-940246634145513472,1788254255000,1788258117000,1,10.553,7.332,1.4393071467539553,632578958264631296,1788254255000,940246634145513472,RJ14GN1596,3862000,1788258117000,19.356051598704777,10.553,1.0499999999992724,7.331837726782112,1.4393390024783912,11.100000000034925,7.331837726782113,1788254255000-632578958264631296-940246634145513472,,,,,
1083726655622479872,1788250813000-632578958264631296-1083726655622479872,1788250813000,1788252386000,1,10.551,8.258,1.2776701380479536,632578958264631296,1788250813000,1083726655622479872,RJ47GA6356,1573000,1788252386000,21.799873426763114,10.551,0.4000000000005457,8.257527813167846,1.2777431985363554,11.0,8.257527813167846,1788250813000-632578958264631296-1083726655622479872,,,,,
946025653910634496,1788251271000-632578958264631296-946025653910634496,1788251271000,1788252876000,1,10.526,10.082,1.0440388811743702,632578958264631296,1788251271000,946025653910634496,RJ47GA3361,1605000,1788252876000,26.61668533981998,10.526,0.3999999999996362,10.08207778023484,1.0440308267245701,10.875,10.08207778023484,1788251271000-632578958264631296-946025653910634496,,,,,
1079444806125486080,1788253664000-632578958264631296-1079444806125486080,1788253664000,1788256331000,1,10.5,4.59,2.287581699346405,632578958264631296,1788253664000,1079444806125486080,RJ47GA6401,2667000,1788256331000,12.1167529617378,10.5,0.5,4.589679152173409,2.287741615887856,10.5,4.589679152173409,1788253664000-632578958264631296-1079444806125486080,,,,,
1132636490090676224,1788280502000-632578958264631296-1132636490090676224,1788280502000,1788281958000,1,10.486,2.416,4.34023178807947,632578958264631296,1788280502000,1132636490090676224,RJ47GA5322,1456000,1788281958000,6.377875559462384,10.486,0.3500000000003638,2.4158619543418123,4.340479794863466,10.800000000017462,2.4158619543418123,1788280502000-632578958264631296-1132636490090676224,,,,,
1131239476161413120,1788307055000-632578958264631296-1131239476161413120,1788307055000,1788308219000,1,10.483,5.671,1.8485275965438195,632578958264631296,1788307055000,1131239476161413120,RJ47GA6182,1164000,1788308219000,14.971342916538461,10.483,0.3000000000001819,5.670963225961538,1.8485395835418346,10.39999999999418,5.670963225961538,1788307055000-632578958264631296-1131239476161413120,,,,,
1050037336936546304,1788249533000-632578958264631296-1050037336936546304,1788249533000,1788250835000,1,10.469,5.399,1.9390627894054453,632578958264631296,1788249533000,1050037336936546304,Rj47GA5922,1302000,1788250835000,14.254172185919217,10.469,0.3499999999994543,5.399307646181521,1.938952303894713,10.164999999979045,5.399307646181521,1788249533000-632578958264631296-1050037336936546304,,,,,
997896292355014656,1788282470000-632578958264631296-997896292355014656,1788282470000,1788284558000,1,10.411,4.845,2.148813209494324,632578958264631296,1788282470000,997896292355014656,RJ47GA5837,2088000,1788284558000,12.791702959403759,10.411,0.5,4.845342030077181,2.14866152593033,10.940000000002328,4.845342030077181,1788282470000-632578958264631296-997896292355014656,,,,,
1083726930487803904,1788228632000-632578958264631296-1083726930487803904,1788228632000,1788229912000,1,10.395,2.056,5.055933852140077,632578958264631296,1788228632000,1083726930487803904,RJ47GA6332,1280000,1788229912000,5.429079148458649,10.395,0.3000000000001819,2.056469374416155,5.054779871424639,10.799999999999272,1.7740240660035174,1788228632000-632578958264631296-1083726930487803904,,,,,
1406586435233906688,1788278296000-632578958264631296-1406586435233906688,1788278296000,1788279679000,1,10.388,2.164,4.800369685767097,632578958264631296,1788278296000,1406586435233906688,NL01AJ7417,1383000,1788279679000,5.713672055629904,10.388,0.29999999999972715,2.16426971804163,4.799771448726699,10.864999999990687,2.16426971804163,1788278296000-632578958264631296-1406586435233906688,,,,,
869954569466019840,1788253253000-632578958264631296-869954569466019840,1788253253000,1788255842000,1,10.352,6.715,1.5416232315711096,632578958264631296,1788253253000,869954569466019840,RJ47GA1979,2589000,1788255842000,17.72678119808144,10.352,0.7000000000007276,6.714689847758121,1.5416944393129777,11.5,6.714689847758121,1788253253000-632578958264631296-869954569466019840,,['900758004175994893'],,900758004175994893,
1161991673035620352,1788227502000-632578958264631296-1161991673035620352,1788227502000,1788228572000,1,10.347,4.031,2.566856859340114,632578958264631296,1788227502000,1161991673035620352,RJ47GA6310,1070000,1788228572000,10.640904502981293,10.347,0.25,4.030645645068671,2.567082525019069,11.0,4.030645645068671,1788227502000-632578958264631296-1161991673035620352,,,,,
869905949161160704,1788250356000-632578958264631296-869905949161160704,1788250356000,1788251391000,1,10.336,3.557,2.905819510823728,632578958264631296,1788250356000,869905949161160704,RJ47GA4504,1035000,1788251391000,9.390835131351304,10.336,0.1999999999989086,3.5571345194512514,2.905709622023095,10.699999999953434,3.557134519451252,1788250356000-632578958264631296-869905949161160704,,,,,0.0
951558414842986496,1788267004000-632578958264631296-951558414842986496,1788267004000,1788268509000,1,10.327,4.671,2.210875615499893,632578958264631296,1788267004000,951558414842986496,RJ47GA3895,1505000,1788268509000,12.3302934481383,10.327,0.4000000000014552,4.670565700052387,2.211081197269994,10.5,4.670565700052387,1788267004000-632578958264631296-951558414842986496,,,,,
796706773456125952,1788228810000-632578958264631296-796706773456125952,1788228810000,1788229590000,1,10.281,6.97,1.475035868005739,632578958264631296,1788228810000,796706773456125952,RJ47GA3118,780000,1788229590000,18.400645921662523,10.281,0.19808333333333333,6.969941636993379,1.4750482192609737,,6.783307053764785,1788228810000-632578958264631296-796706773456125952,,['900758004213743618'],,900758004213743618,
927171595435245568,1788233024000-632578958264631296-927171595435245568,1788233024000,1788234196000,1,10.243,3.796,2.6983667017913597,632578958264631296,1788233024000,927171595435245568,RJ47GA3670,1172000,1788234196000,10.021699641100215,10.243,0.3211805555555555,3.7960983489015963,2.698296792801435,9.75,3.796098348901596,1788233024000-632578958264631296-927171595435245568,,,,,
927189698663677952,1788266866000-632578958264631296-927189698663677952,1788266866000,1788271158000,1,10.214,10.268,0.9947409427347097,632578958264631296,1788266866000,927189698663677952,RJ47GA3520,4292000,1788271158000,27.10700794100908,10.214,0.7000000000007276,10.267806038261014,0.9947597336704145,9.875,10.267806038261014,1788266866000-632578958264631296-927189698663677952,,,,,
970288452387995648,1788229187000-632578958264631296-970288452387995648,1788229187000,1788230364000,1,10.211,3.573,2.857822558074447,632578958264631296,1788229187000,970288452387995648,RJ47GA3399,1177000,1788230364000,9.432792537948716,10.211,0.2999999999992724,3.5730274764957257,2.857800581487416,6.875,3.5730274764957257,1788229187000-632578958264631296-970288452387995648,,,,,
1067775012183736320,1788261408000-632578958264631296-1067775012183736320,1788261408000,1788262813000,1,10.208,3.343,3.053544720311098,632578958264631296,1788261408000,1067775012183736320,RJ47GA3615,1405000,1788262813000,8.824993210263655,10.208,0.3500000000003638,3.3428004584332025,3.05372699535424,12.625,3.3428004584332025,1788261408000-632578958264631296-1067775012183736320,,,,,
1067775323560476672,1788235883000-632578958264631296-1067775323560476672,1788235883000,1788237540000,1,10.184,3.201,3.1815057794439237,632578958264631296,1788235883000,1067775323560476672,RJ14GP9558,1657000,1788237540000,8.449563036213172,10.184,0.3999999999996362,3.200592059171656,3.1819112875746236,10.300000000017462,3.200592059171656,1788235883000-632578958264631296-1067775323560476672,,,,,
1422205318414204928,1788236665000-632578958264631296-1422205318414204928,1788236665000,1788237836000,1,10.163,4.675,2.173903743315508,632578958264631296,1788236665000,1422205318414204928,NL01AJ9002,1171000,1788237836000,12.341942131232782,10.163,0.29999999999972715,4.674978080012417,2.1739139362922972,9.875,4.674978080012417,1788236665000-632578958264631296-1422205318414204928,,,,,
1396881703661731840,1788248193000-632578958264631296-1396881703661731840,1788248193000,1788249825000,1,10.137,7.724,1.3124029000517867,632578958264631296,1788248193000,1396881703661731840,NL01AJ6921,1632000,1788249825000,20.390469454008255,10.137,0.40000000000009095,7.723662671972823,1.3124602187488787,10.5,7.723662671972822,1788248193000-632578958264631296-1396881703661731840,,,,,
812260483275948032,1788234314000-632578958264631296-812260483275948032,1788234314000,1788235990000,1,10.133,4.637,2.185249083459133,632578958264631296,1788234314000,812260483275948032,RJ47GA3187,1676000,1788235990000,12.241596531070886,10.133,0.4500000000007276,4.636968382981396,2.1852639835091696,11.5,4.636968382981396,1788234314000-632578958264631296-812260483275948032,,['900758004222132228'],,900758004222132228,
794950170587430912,1788244206000-632578958264631296-794950170587430912,1788244206000,1788245236000,1,10.1,2.156,4.684601113172541,632578958264631296,1788244206000,794950170587430912,RJ47GA2696,1030000,1788245236000,5.691370245498975,10.099999999976717,0.1999999999989086,2.1558220626890057,4.684987770919627,10.099999999976717,2.1558220626890057,1788244206000-632578958264631296-794950170587430912,,['900758004192772105'],,900758004192772105,
1173302979768352768,1788256878000-632578958264631296-1173302979768352768,1788256878000,1788259356000,1,10.087,5.959,1.6927336801476758,632578958264631296,1788256878000,1173302979768352768,RJ47GA6351,2478000,1788259356000,15.732607851785113,10.087,0.6499999999996362,5.959321155979209,1.69264245641122,10.699999999982538,5.959321155979209,1788256878000-632578958264631296-1173302979768352768,,,,,
1064532839803912192,1788261633000-632578958264631296-1064532839803912192,1788261633000,1788262780000,1,10.066,3.504,2.8727168949771693,632578958264631296,1788261633000,1064532839803912192,RJ47GA3903,1147000,1788262780000,9.250833618413944,10.066,0.25,3.504103643338615,2.8726319266085945,10.25,3.504103643338615,1788261633000-632578958264631296-1064532839803912192,,,,,
1501933614227521536,1788268731000-632578958264631296-1501933614227521536,1788268731000,1788269866000,1,10.061,2.438,4.126743232157506,632578958264631296,1788268731000,1501933614227521536,NL01AK3126,1135000,1788269866000,6.435044355775576,10.061,0.25,2.4375168014301423,4.127561292745551,9.375,2.4375168014301423,1788268731000-632578958264631296-1501933614227521536,,,,,
1056588446363025408,1788221259000-632578958264631296-1056588446363025408,1788221259000,1788222033000,1,10.013,3.33,3.0069069069069068,632578958264631296,1788221259000,1056588446363025408,RJ47GA3530,774000,1788222033000,8.7905939751004,10.013,0.1499999999996362,3.329770445113788,3.0071142035311764,8.25,3.3297704451137884,1788221259000-632578958264631296-1056588446363025408,,,,,
1134877765846171648,1788229002000-632578958264631296-1134877765846171648,1788229002000,1788230857000,1,10.013,4.699,2.1308789104064694,632578958264631296,1788229002000,1134877765846171648,RJ47GA6215,1855000,1788230857000,12.406608475178208,10.013,0.5,4.6994729072644725,2.1306644803764794,10.5,4.6994729072644725,1788229002000-632578958264631296-1134877765846171648,,,,,
947582270531698688,1788255722000-632578958264631296-947582270531698688,1788255722000,1788258117000,1,9.987,4.394,2.272872098315885,632578958264631296,1788255722000,947582270531698688,RJ47GA3810,2395000,1788258117000,11.601281637404744,9.987,0.6000000000003638,4.394424862653312,2.272652352046348,10.375,4.394424862653312,1788255722000-632578958264631296-947582270531698688,,,,,
939547788868321280,1788228867000-632578958264631296-939547788868321280,1788228867000,1788231454000,1,9.973,2.969,3.3590434489727183,632578958264631296,1788228867000,939547788868321280,RJ14GH7603,2587000,1788231454000,7.839344830512711,9.973,0.0,2.9694487994366328,3.3585357666015625,,0.001,1788228867000-632578958264631296-939547788868321280,,,,,
873900831743672320,1788261311000-632578958264631296-873900831743672320,1788261311000,1788262896000,1,9.96,2.57,3.8754863813229576,632578958264631296,1788261311000,873900831743672320,RJ14GN1587,1585000,1788262896000,6.784707307226571,9.96,0.3999999999996362,2.569964889100974,3.8755393282762753,10.099999999976717,2.569964889100974,1788261311000-632578958264631296-873900831743672320,,,,,0.09199999999999478
860146891080335360,1788261575000-632578958264631296-860146891080335360,1788261575000,1788263094000,1,9.955,5.255,1.8943862987630828,632578958264631296,1788261575000,860146891080335360,RJ47GA3610,1519000,1788263094000,13.873438669498507,9.955,0.3999999999996362,5.25509040511307,1.8943537089892948,9.625,5.25509040511307,1788261575000-632578958264631296-860146891080335360,,,,,
1074385452921782272,1788243044000-632578958264631296-1074385452921782272,1788243044000,1788245966000,1,9.944,3.683,2.699972848221559,632578958264631296,1788243044000,1074385452921782272,RJ47GA5841,2922000,1788245966000,9.723453138313221,9.944,0.75,3.683126188755008,2.699880343595105,10.284999999974389,3.6831261887550077,1788243044000-632578958264631296-1074385452921782272,,,,,
893133531117518848,1788232465000-632578958264631296-893133531117518848,1788232465000,1788233683000,1,9.944,5.147,1.9319992228482612,632578958264631296,1788232465000,893133531117518848,RJ47GA2071,1218000,1788233683000,13.586966249158852,9.944,0.33314805555555554,5.146578124681383,1.9321575926947807,,5.146578124681383,1788232465000-632578958264631296-893133531117518848,,['1015966621136584723'],,900758004175994905,
1142833661045899264,1788279438000-632578958264631296-1142833661045899264,1788279438000,1788281090000,1,9.911,3.734,2.6542581681842528,632578958264631296,1788279438000,1142833661045899264,RJ47GA6293,1652000,1788281090000,9.858095122983759,9.911,0.4499999999998181,3.734126940524151,2.654167937474781,10.5,3.734126940524151,1788279438000-632578958264631296-1142833661045899264,,,,,
1499777554695847936,1788243765000-632578958264631296-1499777554695847936,1788243765000,1788246078000,1,9.847,4.378,2.249200548195523,632578958264631296,1788243765000,1499777554695847936,NL01AK3108,2313000,1788246078000,11.557329169269144,9.847,0.6000000000001364,4.377776200480736,2.249315531232198,10.5,4.377776200480736,1788243765000-632578958264631296-1499777554695847936,,,,,
1464628801508999168,1788274761000-632578958264631296-1464628801508999168,1788274761000,1788277886000,1,9.835,3.612,2.7228682170542635,632578958264631296,1788274761000,1464628801508999168,NL01AK1964,3125000,1788277886000,9.536715331624332,9.835,0.849999999999909,3.6123921710698226,2.7225726151120884,10.0,3.6123921710698226,1788274761000-632578958264631296-1464628801508999168,,,,,
1134877765846171648,1788262957000-632578958264631296-1134877765846171648,1788262957000,1788263935000,1,9.817,2.435,4.031622176591376,632578958264631296,1788262957000,1134877765846171648,RJ47GA6215,978000,1788263935000,6.42892788692154,9.817,0.1999999999998181,2.43519995716725,4.031291135295371,10.0,2.4351999571672494,1788262957000-632578958264631296-1134877765846171648,,,,,
1112389405491855360,1788239801000-632578958264631296-1112389405491855360,1788239801000,1788241100000,1,9.804,2.078,4.7179980750721855,632578958264631296,1788239801000,1112389405491855360,RJ47GA3734,1299000,1788241100000,5.486275351874469,9.804,0.3500000000003638,2.0781346029827534,4.717692485331935,10.125,2.0781346029827534,1788239801000-632578958264631296-1112389405491855360,,,,,
1540361729291059200,1788261666000-632578958264631296-1540361729291059200,1788261666000,1788262742000,1,9.8,3.475,2.8201438848920866,632578958264631296,1788261666000,1540361729291059200,NL01AK8391,1076000,1788262742000,9.172825356589879,9.8,0.25,3.474555059314348,2.8205050237234937,10.194999999999709,3.474555059314348,1788261666000-632578958264631296-1540361729291059200,,,,,
1067776196789403648,1788235257000-632578958264631296-1067776196789403648,1788235257000,1788236161000,1,9.728,2.782,3.496764917325665,632578958264631296,1788235257000,1067776196789403648,RJ47GA6412,904000,1788236161000,7.345726923217788,9.728,0.0,2.7824723194006773,3.496171348110782,9.199999999982538,2.7824723194006773,1788235257000-632578958264631296-1067776196789403648,,,,,
1428031634325635072,1788274625000-632578958264631296-1428031634325635072,1788274625000,1788275692000,1,9.707,2.335,4.157173447537474,632578958264631296,1788274625000,1428031634325635072,NL01AJ9500,1067000,1788275692000,6.165597186074619,9.707,0.25,2.335453479573719,4.156366241031605,10.0,2.335453479573719,1788274625000-632578958264631296-1428031634325635072,,,,,
1132636093246603264,1788235002000-632578958264631296-1132636093246603264,1788235002000,1788235898000,1,9.689,2.84,3.4116197183098596,632578958264631296,1788235002000,1132636093246603264,NL01AJ4206,896000,1788235898000,7.497507441754389,9.689,0.1999999999998181,2.8399649400584805,3.4116618354452237,8.875,2.8399649400584805,1788235002000-632578958264631296-1132636093246603264,,,,,
942721856836730880,1788223509000-632578958264631296-942721856836730880,1788223509000,1788225403000,1,9.674,9.142,1.0581929555895866,632578958264631296,1788223509000,942721856836730880,RJ47GA4500,1894000,1788225403000,24.13420916383406,9.674,0.3500000000003638,9.14174589539169,1.0582223691949932,10.099999999976717,9.14174589539169,1788223509000-632578958264631296-942721856836730880,,,,,
1126869078934290432,1788278457000-632578958264631296-1126869078934290432,1788278457000,1788279747000,1,9.622,4.234,2.272555503070383,632578958264631296,1788278457000,1126869078934290432,RJ47GA4863,1290000,1788279747000,11.178064675393314,9.622,0.3000000000010914,4.234115407345952,2.2724935610650507,9.900000000023283,4.234115407345952,1788278457000-632578958264631296-1126869078934290432,,,,,
940988876032311296,1788245529000-632578958264631296-940988876032311296,1788245529000,1788247129000,1,9.594,3.636,2.6386138613861383,632578958264631296,1788245529000,940988876032311296,RJ47GA4497,1600000,1788247129000,9.599282803578948,9.594,0.2999999999992724,3.6360919710526316,2.638547120474123,9.400000000023283,3.6360919710526316,1788245529000-632578958264631296-940988876032311296,,,,,
1135598313102376960,1788260568000-632578958264631296-1135598313102376960,1788260568000,1788262326000,1,9.593,5.104,1.8795062695924765,632578958264631296,1788260568000,1135598313102376960,RJ47GA6228,1758000,1788262326000,13.474581519550853,9.593,0.4499999999998181,5.1040081513450195,1.8795032679311123,10.10000000000582,5.1040081513450195,1788260568000-632578958264631296-1135598313102376960,,,,,
1062738807117316096,1788259065000-632578958264631296-1062738807117316096,1788259065000,1788260846000,1,9.588,2.9,3.306206896551724,632578958264631296,1788259065000,1062738807117316096,RJ47GA5531,1781000,1788260846000,7.655500640383801,9.588,0.4499999999998181,2.8998108486302274,3.306422556674359,9.799999999988358,2.8998108486302274,1788259065000-632578958264631296-1062738807117316096,,,,,
789852692640956416,1788266792000-632578958264631296-789852692640956416,1788266792000,1788268477000,1,9.576,4.209,2.27512473271561,632578958264631296,1788266792000,789852692640956416,RJ47GA2228,1685000,1788268477000,11.111681170552242,9.576,0.4499999999989086,4.208970140360697,2.275140873101885,10.799999999988358,4.208970140360697,1788266792000-632578958264631296-789852692640956416,,,,,
1536014556927623168,1788266491000-632578958264631296-1536014556927623168,1788266491000,1788267586000,1,9.565,2.933,3.261166041595636,632578958264631296,1788266491000,1536014556927623168,NL01AK9196,1095000,1788267586000,7.744219153773372,9.565,0.25,2.933416346126277,3.260703177246237,9.835000000002765,2.933416346126277,1788266491000-632578958264631296-1536014556927623168,,,,,
946025653910634496,1788235412000-632578958264631296-946025653910634496,1788235412000,1788237550000,1,9.534,5.501,1.733139429194692,632578958264631296,1788235412000,946025653910634496,RJ47GA3361,2138000,1788237550000,14.523136963631144,9.534,0.5499999999992724,5.5011882437996755,1.7330801233252944,10.125,5.5011882437996755,1788235412000-632578958264631296-946025653910634496,,,,,
796706773456125952,1788230948000-632578958264631296-796706773456125952,1788230948000,1788231570000,1,9.532,20.737,0.45966147465882246,632578958264631296,1788230948000,796706773456125952,RJ47GA3118,622000,1788231570000,54.744806713626375,9.532,0.16659722222222223,20.73666920970696,0.4596688071552983,,20.73666920970696,1788230948000-632578958264631296-796706773456125952,,['900758004213743618'],,900758004213743618,
942427579615281152,1788259098000-632578958264631296-942427579615281152,1788259098000,1788263799000,1,9.522,3.401,2.799764775066157,632578958264631296,1788259098000,942427579615281152,RJ47GA2724,4701000,1788263799000,8.979108321963047,9.522,1.25,3.401177394682972,2.7996187481681054,,3.401177394682972,1788259098000-632578958264631296-942427579615281152,,,,,
1396881703661731840,1788235312000-632578958264631296-1396881703661731840,1788235312000,1788237550000,1,9.515,4.874,1.9521953221173576,632578958264631296,1788235312000,1396881703661731840,NL01AJ6921,2238000,1788237550000,12.868427359608312,9.515,0.5499999999997272,4.874404302881936,1.9520333991118393,10.0,4.874404302881936,1788235312000-632578958264631296-1396881703661731840,,,,,
1079796452147855360,1788249040000-632578958264631296-1079796452147855360,1788249040000,1788250372000,1,9.503,3.164,3.0034766118836913,632578958264631296,1788249040000,1079796452147855360,RJ47GA3909,1332000,1788250372000,8.354224473155504,9.503,0.3500000000003638,3.164478967104358,3.0030220136668113,8.875,3.164478967104358,1788249040000-632578958264631296-1079796452147855360,,,,,
1484590862305329152,1788225381000-632578958264631296-1484590862305329152,1788225381000,1788226700000,1,9.496,1.788,5.31096196868009,632578958264631296,1788225381000,1484590862305329152,NL01AK3094,1319000,1788226700000,4.7196841133246465,9.496,0.3500000000001364,1.7877591338350933,5.311677518676255,9.875,1.7877591338350933,1788225381000-632578958264631296-1484590862305329152,,,,,
1187402009754468352,1788249558000-632578958264631296-1187402009754468352,1788249558000,1788251946000,1,9.493,5.204,1.8241737125288242,632578958264631296,1788249558000,1187402009754468352,RJ47GA6476,2388000,1788251946000,13.739309567212045,9.493,0.5999999999994543,5.204283926974259,1.8240741921855859,10.099999999976717,5.204283926974259,1788249558000-632578958264631296-1187402009754468352,,,,,
869918310366445568,1788222818000-632578958264631296-869918310366445568,1788222818000,1788224401000,1,9.491,3.523,2.6940107862617086,632578958264631296,1788222818000,869918310366445568,RJ47GA4503,1583000,1788224401000,9.300863031032383,9.491,0.3000000000010914,3.5230541784213574,2.693969357080059,9.900000000023283,3.5230541784213574,1788222818000-632578958264631296-869918310366445568,,,,,0.0
1071019405950844928,1788239801000-632578958264631296-1071019405950844928,1788239801000,1788243434000,1,9.481,8.525,1.112140762463343,632578958264631296,1788239801000,1071019405950844928,RJ47GA4010,3633000,1788243434000,22.50697305057481,9.481,1.0,8.525368579763185,1.112092680955192,9.75,8.525368579763185,1788239801000-632578958264631296-1071019405950844928,,,,,
1083726930487803904,1788232270000-632578958264631296-1083726930487803904,1788232270000,1788233648000,1,9.462,2.285,4.140919037199124,632578958264631296,1788232270000,1083726930487803904,RJ47GA6332,1378000,1788233648000,6.031928951289938,9.462,0.0,2.2848215724583096,4.141242412123912,9.900000000001455,2.2848215724583096,1788232270000-632578958264631296-1083726930487803904,,,,,
1076923321632686080,1788263879000-632578958264631296-1076923321632686080,1788263879000,1788266646000,1,9.442,3.912,2.41359918200409,632578958264631296,1788263879000,1076923321632686080,RJ47GA2652,2767000,1788266646000,10.32897348436418,9.442,0.75,3.912489956198553,2.41329693001283,,3.9124899561985527,1788263879000-632578958264631296-1076923321632686080,,,,,
1475452919183572992,1788244353000-632578958264631296-1475452919183572992,1788244353000,1788246761000,1,9.439,4.107,2.29827124421719,632578958264631296,1788244353000,1475452919183572992,NL01AK3038,2408000,1788246761000,10.843326836384803,9.439,0.599999999999909,4.107320771357879,2.2980917550492332,9.875,4.107320771357879,1788244353000-632578958264631296-1475452919183572992,,,,,
961238953837461504,1788275357000-632578958264631296-961238953837461504,1788275357000,1788276329000,1,9.425,3.423,2.7534326614081217,632578958264631296,1788275357000,961238953837461504,RJ47GA3862,972000,1788276329000,9.036182726075111,9.425,0.25,3.4227964871496632,2.753596375181709,9.625,3.4227964871496632,1788275357000-632578958264631296-961238953837461504,,,,,
1138783468012961792,1788274745000-632578958264631296-1138783468012961792,1788274745000,1788275659000,1,9.414,2.227,4.227211495285137,632578958264631296,1788274745000,1138783468012961792,RJ47GA6258,914000,1788275659000,5.879038604828658,9.414,0.1999999999998181,2.2269085624350975,4.2273850659166285,9.700000000011642,2.2269085624350975,1788274745000-632578958264631296-1138783468012961792,,,,,
1536014737035231232,1788250587000-632578958264631296-1536014737035231232,1788250587000,1788251957000,1,9.401,2.619,3.589537991599847,632578958264631296,1788250587000,1536014737035231232,RJ47GA8944,1370000,1788251957000,6.914299197315196,9.401,0.3499999999999659,2.619052726255756,3.5894657277250905,,2.619052726255756,1788250587000-632578958264631296-1536014737035231232,,,,,
1103352309556969472,1788227974000-632578958264631296-1103352309556969472,1788227974000,1788229398000,1,9.4,2.468,3.8087520259319287,632578958264631296,1788227974000,1103352309556969472,RJ47GA5608,1424000,1788229398000,6.51587249932463,9.399999999965075,0.0,2.468133522471451,3.808545977914696,9.399999999965075,2.468133522471451,1788227974000-632578958264631296-1103352309556969472,,,,,
786545248472924160,1788249035000-632578958264631296-786545248472924160,1788249035000,1788250374000,1,9.391,3.892,2.4128982528263103,632578958264631296,1788249035000,786545248472924160,RJ47GA3116,1339000,1788250374000,10.275961240326797,9.391,0.3000000000010914,3.8924095607298472,2.4126443668068522,10.600000000034925,3.8924095607298472,1788249035000-632578958264631296-786545248472924160,,['900758004209549323'],,900758004209549323,
1475453057469775872,1788247380000-632578958264631296-1475453057469775872,1788247380000,1788248585000,1,9.378,5.157,1.818499127399651,632578958264631296,1788247380000,1475453057469775872,NL01AK3037,1205000,1788248585000,13.613530114626803,9.378,0.2999999999999545,5.156640194934395,1.8186260133511818,9.875,5.156640194934395,1788247380000-632578958264631296-1475453057469775872,,,,,
1065304732634972160,1788226044000-632578958264631296-1065304732634972160,1788226044000,1788226853000,1,9.375,2.861,3.276826284515903,632578958264631296,1788226044000,1065304732634972160,RJ47GA4006,809000,1788226853000,7.552694655578949,9.375,0.2000000000007276,2.860869187719299,3.2769761162948536,9.375,2.860869187719299,1788226044000-632578958264631296-1065304732634972160,,,,,
1385588909638942720,1788247640000-632578958264631296-1385588909638942720,1788247640000,1788249366000,1,9.37,2.218,4.224526600541028,632578958264631296,1788247640000,1385588909638942720,NL01AJ5690,1726000,1788249366000,5.854368321186443,9.37,0.4499999999998181,2.2175637580251677,4.225357654809606,9.75,2.2175637580251677,1788247640000-632578958264631296-1385588909638942720,,,,,
1120316481867874304,1788230266000-632578958264631296-1120316481867874304,1788230266000,1788231913000,1,9.36,2.473,3.784876668014557,632578958264631296,1788230266000,1120316481867874304,RJ47GA6413,1647000,1788231913000,6.528320791424272,9.36,0.3999999999996362,2.472848784630406,3.7851081142428016,9.10000000000582,2.472848784630406,1788230266000-632578958264631296-1120316481867874304,,,,,
1536014744312348672,1788250584000-632578958264631296-1536014744312348672,1788250584000,1788252086000,1,9.358,2.811,3.329064389896834,632578958264631296,1788250584000,1536014744312348672,RJ47GA8940,1502000,1788252086000,7.421603239424222,9.358,0.3499999999999659,2.8112133482667505,3.328811740940851,9.539999999999054,2.8112133482667505,1788250584000-632578958264631296-1536014744312348672,,,,,
796706773456125952,1788269086000-632578958264631296-796706773456125952,1788269086000,1788270440000,1,9.346,2.334,4.004284490145673,632578958264631296,1788269086000,796706773456125952,RJ47GA3118,1354000,1788270440000,6.16170720001529,9.346,0.3500000000003638,2.3339800000057918,4.00431880306464,9.599999999976717,2.3339800000057913,1788269086000-632578958264631296-796706773456125952,,['900758004213743618'],,900758004213743618,
1170761528379441152,1788275624000-632578958264631296-1170761528379441152,1788275624000,1788277278000,1,9.345,1.983,4.712556732223903,632578958264631296,1788275624000,1170761528379441152,RJ47GA5939,1654000,1788277278000,5.234900143979058,9.345,0.3999999999996362,1.9829167212041883,4.71275465079792,9.5,1.9829167212041883,1788275624000-632578958264631296-1170761528379441152,,,,,
1071120101278744576,1788275693000-632578958264631296-1071120101278744576,1788275693000,1788277230000,1,9.302,2.168,4.290590405904059,632578958264631296,1788275693000,1071120101278744576,RJ47GA5707,1537000,1788277230000,5.724800834476402,9.302,0.3999999999996362,2.1684851645743946,4.289630453536301,9.5,2.1684851645743946,1788275693000-632578958264631296-1071120101278744576,,,,,
943858330336493568,1788255897000-632578958264631296-943858330336493568,1788255897000,1788256858000,1,9.298,6.689,1.3900433547615487,632578958264631296,1788255897000,943858330336493568,RJ47GA3486,961000,1788256858000,17.658417004004882,9.298,0.2645591666666667,6.688794319698819,1.3900860985689074,7.875,6.688794319698818,1788255897000-632578958264631296-943858330336493568,,,,,
919290820798971904,1788242602000-632578958264631296-919290820798971904,1788242602000,1788243876000,1,9.283,2.578,3.600853374709077,632578958264631296,1788242602000,919290820798971904,RJ47GA2137,1274000,1788243876000,6.806867459714188,9.283,0.2999999999992724,2.578358886255374,3.6003521656684385,8.0,2.578358886255374,1788242602000-632578958264631296-919290820798971904,,,,,
966384365741277184,1788276321000-632578958264631296-966384365741277184,1788276321000,1788278057000,1,9.26,2.921,3.1701472098596373,632578958264631296,1788276321000,966384365741277184,RJ47GA4707,1736000,1788278057000,7.7107380714117175,9.26,0.4000000000014552,2.920734117958984,3.170435796624621,9.200000000011642,2.920734117958984,1788276321000-632578958264631296-966384365741277184,,,,,
927153603469115392,1788237171000-632578958264631296-927153603469115392,1788237171000,1788238235000,1,9.18,3.949,2.324639149151684,632578958264631296,1788237171000,927153603469115392,RJ47GA3885,1064000,1788238235000,10.424496398138164,9.18,0.3000000000010914,3.9486728780826374,2.324831730416105,9.0,3.9486728780826374,1788237171000-632578958264631296-927153603469115392,,,,,
1488160320575766528,1788255741000-632578958264631296-1488160320575766528,1788255741000,1788257284000,1,9.153,6.915,1.323644251626898,632578958264631296,1788255741000,1488160320575766528,NL01AK3103,1543000,1788257284000,18.255422797242346,9.153,0.3999999999998636,6.914932877743312,1.3236571000508512,9.375,6.914932877743313,1788255741000-632578958264631296-1488160320575766528,,,,,
964169792938311680,1788282909000-632578958264631296-964169792938311680,1788282909000,1788284521000,1,9.119,3.272,2.7869804400977998,632578958264631296,1788282909000,964169792938311680,RJ47GA2728,1612000,1788284521000,8.639217112041887,9.119,0.3999999999996362,3.27243072425829,2.7866136118334053,10.0,3.2724307242582897,1788282909000-632578958264631296-964169792938311680,,,,,
1067764843953520640,1788277506000-632578958264631296-1067764843953520640,1788277506000,1788279383000,1,9.115,2.871,3.174851967955416,632578958264631296,1788277506000,1067764843953520640,RJ47GA6292,1877000,1788279383000,7.580536154922744,9.115,0.4499999999998181,2.871415210198009,3.174392880426179,9.39999999999418,2.871415210198009,1788277506000-632578958264631296-1067764843953520640,,,,,
1475453057469775872,1788235290000-632578958264631296-1475453057469775872,1788235290000,1788237409000,1,9.026,4.677,1.9298695745135772,632578958264631296,1788235290000,1475453057469775872,NL01AK3037,2119000,1788237409000,12.348314093602324,9.026,0.5500000000001819,4.677391702122092,1.929707960080611,9.0,4.677391702122092,1788235290000-632578958264631296-1475453057469775872,,,,,
873822835015942144,1788261751000-632578958264631296-873822835015942144,1788261751000,1788263264000,1,9.016,2.223,4.0557804768331085,632578958264631296,1788261751000,873822835015942144,RJ14GN1589,1513000,1788263264000,5.869541422552523,9.016,0.3999999999996362,2.2233111449062584,4.0552128840159,8.099999999976717,2.2233111449062584,1788261751000-632578958264631296-873822835015942144,,['1096406669316849665'],,,0.0
1045646209449984000,1788237660000-632578958264631296-1045646209449984000,1788237660000,1788239176000,1,8.962,1.983,4.519415027735754,632578958264631296,1788237660000,1045646209449984000,RJ47GA3764,1516000,1788239176000,5.235952771249109,8.962,0.3500000000003638,1.9833154436549656,4.518696220851445,9.0,1.9833154436549656,1788237660000-632578958264631296-1045646209449984000,,,,,
1385589109656911872,1788307110000-632578958264631296-1385589109656911872,1788307110000,1788309430000,1,8.925,4.336,2.058348708487085,632578958264631296,1788307110000,1385589109656911872,NL01AJ5693,2320000,1788309430000,11.447438616965716,8.925,0.6000000000003638,4.336150991274892,2.0582770337007843,9.5,4.336150991274892,1788307110000-632578958264631296-1385589109656911872,,,,,
922469481249243136,1788270978000-632578958264631296-922469481249243136,1788270978000,1788272738000,1,8.839,2.272,3.8904049295774654,632578958264631296,1788270978000,922469481249243136,RJ47GA3799,1760000,1788272738000,5.998152251132142,8.839,0.4500000000007276,2.272027367853084,3.89035806745245,8.875,2.272027367853084,1788270978000-632578958264631296-922469481249243136,,,,,
927189698663677952,1788247974000-632578958264631296-927189698663677952,1788247974000,1788249429000,1,8.817,5.405,1.6312673450508788,632578958264631296,1788247974000,927189698663677952,RJ47GA3520,1455000,1788249429000,14.268252921323521,8.817,0.3500000000003638,5.404641258077091,1.631375623094915,8.625,5.404641258077091,1788247974000-632578958264631296-927189698663677952,,,,,
947091862986948608,1788276222000-632578958264631296-947091862986948608,1788276222000,1788277480000,1,8.8,3.979,2.211610957527017,632578958264631296,1788276222000,947091862986948608,RJ47GA3376,1258000,1788277480000,10.504747428930258,8.8,0.3500000000003638,3.9790709958069157,2.211571497284996,9.0,3.9790709958069157,1788276222000-632578958264631296-947091862986948608,,,,,
1120316268595904512,1788247817000-632578958264631296-1120316268595904512,1788247817000,1788249439000,1,8.799,2.181,4.034387895460798,632578958264631296,1788247817000,1120316268595904512,RJ47GA6295,1622000,1788249439000,5.758870506195227,8.799,0.0,2.1813903432557677,4.033665972348314,7.600000000005821,2.114391292733492,1788247817000-632578958264631296-1120316268595904512,,,,,
1079444806125486080,1788222478000-632578958264631296-1079444806125486080,1788222478000,1788223653000,1,8.786,3.927,2.2373312961548253,632578958264631296,1788222478000,1079444806125486080,RJ47GA6401,1175000,1788223653000,10.366187562136755,8.786,0.3000000000001819,3.926586197779074,2.237567076706344,9.0,3.926586197779074,1788222478000-632578958264631296-1079444806125486080,,,,,
1050781444223270912,1788278857000-632578958264631296-1050781444223270912,1788278857000,1788280202000,1,8.741,2.006,4.357427716849452,632578958264631296,1788278857000,1050781444223270912,RJ47GA5621,1345000,1788280202000,5.294942322064377,8.741,0.3499999999994543,2.0056599704789306,4.358166453266124,9.10000000000582,2.0056599704789306,1788278857000-632578958264631296-1050781444223270912,,,,,
1050036904705130496,1788271018000-632578958264631296-1050036904705130496,1788271018000,1788272797000,1,8.704,1.968,4.4227642276422765,632578958264631296,1788271018000,1050036904705130496,RJ47GA6244,1779000,1788272797000,5.195891927735782,8.704,0.40277777777741397,1.9681408817180992,4.4224476412490334,8.10000000000582,1.9253043667083656,1788271018000-632578958264631296-1050036904705130496,,,,,
794950170587430912,1788231280000-632578958264631296-794950170587430912,1788231280000,1788232734000,1,8.701,3.207,2.7131275335204244,632578958264631296,1788231280000,794950170587430912,RJ47GA2696,1454000,1788232734000,8.467506208413225,8.701,0.3500000000003638,3.2073887153080394,2.7127987195541254,9.199999999953434,3.2073887153080394,1788231280000-632578958264631296-794950170587430912,,['900758004192772105'],,900758004192772105,
943818921138454528,1788242200000-632578958264631296-943818921138454528,1788242200000,1788243689000,1,8.672,1.928,4.49792531120332,632578958264631296,1788242200000,943818921138454528,RJ47GA3904,1489000,1788243689000,5.090386844139498,8.672,0.3500000000003638,1.928176834901325,4.497512802265251,9.125,1.9281768349013249,1788242200000-632578958264631296-943818921138454528,,,,,
1362452416535986176,1788275102000-632578958264631296-1362452416535986176,1788275102000,1788276626000,1,8.668,4.105,2.1115712545676,632578958264631296,1788275102000,1362452416535986176,NL01AJ4201,1524000,1788276626000,10.83610403218183,8.668,0.40000000000009095,4.104584860674935,2.1117848197136997,9.0,4.104584860674935,1788275102000-632578958264631296-1362452416535986176,,,,,
927189698663677952,1788231599000-632578958264631296-927189698663677952,1788231599000,1788232700000,1,8.639,3.938,2.1937531742001015,632578958264631296,1788231599000,927189698663677952,RJ47GA3520,1101000,1788232700000,10.395276911471587,8.639,0.2999999999992724,3.9376048907089345,2.1939733009739877,7.25,3.9376048907089345,1788231599000-632578958264631296-927189698663677952,,,,,
1536397466075660288,1788262014000-632578958264631296-1536397466075660288,1788262014000,1788262996000,1,8.607,2.407,3.575820523473203,632578958264631296,1788262014000,1536397466075660288,NL01AK8051,982000,1788262996000,6.355567157761906,8.607,0.20000000000004547,2.40741180218254,3.5752088579930374,8.735000000000582,2.40741180218254,1788262014000-632578958264631296-1536397466075660288,,,,,
908732861828300800,1788279890000-632578958264631296-908732861828300800,1788279890000,1788280753000,1,8.507,3.359,2.5325989877939863,632578958264631296,1788279890000,908732861828300800,RJ47GA2126,863000,1788280753000,8.86726207077881,8.507,0.2000000000007276,3.3588113904465193,2.532741202496959,8.125,3.3588113904465193,1788279890000-632578958264631296-908732861828300800,,,,,
942723675356921856,1788276273000-632578958264631296-942723675356921856,1788276273000,1788277468000,1,8.496,4.345,1.9553509781357885,632578958264631296,1788276273000,942723675356921856,RJ14GN1566,1195000,1788277468000,11.470064347932171,8.496,0.3000000000010914,4.344721343913701,1.955476387893464,8.900000000023283,4.344721343913701,1788276273000-632578958264631296-942723675356921856,,,,,
929707161364201472,1788293991000-632578958264631296-929707161364201472,1788293991000,1788295785000,1,8.461,1.907,4.4368117461982175,632578958264631296,1788293991000,929707161364201472,RJ47GA3515,1794000,1788295785000,5.034535259943577,8.461,0.4500000000007276,1.9070209317968092,4.436763046972947,8.875,1.9070209317968092,1788293991000-632578958264631296-929707161364201472,,,,,
1079095062366781440,1788264314000-632578958264631296-1079095062366781440,1788264314000,1788265267000,1,8.419,3.427,2.4566676393346953,632578958264631296,1788264314000,1079095062366781440,RJ47GA3439,953000,1788265267000,9.048378063813557,8.419,0.25,3.427415933262711,2.456369511005213,8.125,3.427415933262711,1788264314000-632578958264631296-1079095062366781440,,,,,
1488160320575766528,1788250637000-632578958264631296-1488160320575766528,1788250637000,1788251456000,1,8.415,3.116,2.700577663671373,632578958264631296,1788250637000,1488160320575766528,NL01AK3103,819000,1788251456000,8.226032933291604,8.415,0.20000000000004547,3.115921565640759,2.700645642943049,8.0,3.1159215656407584,1788250637000-632578958264631296-1488160320575766528,,,,,
874363612666265600,1788230419000-632578958264631296-874363612666265600,1788230419000,1788231087000,1,8.407,2.337,3.59734702610184,632578958264631296,1788230419000,874363612666265600,RJ47GA1973,668000,1788231087000,6.170144018987343,8.407,0.0,2.3371757647679328,3.59707649152128,8.125,2.3371757647679328,1788230419000-632578958264631296-874363612666265600,,['900758004175994887'],,900758004175994887,
935951856658546688,1788269675000-632578958264631296-935951856658546688,1788269675000,1788270398000,1,8.407,3.007,2.7958097771865646,632578958264631296,1788269675000,935951856658546688,RJ47GA4709,723000,1788270398000,7.9384377776832125,8.407,0.19671194444444445,3.0069840066981866,2.7958246473120725,6.900000000001455,3.0069840066981866,1788269675000-632578958264631296-935951856658546688,,,,,
1477629723302428672,1788245936000-632578958264631296-1477629723302428672,1788245936000,1788247319000,1,8.348,3.739,2.232682535437283,632578958264631296,1788245936000,1477629723302428672,NL01AK3043,1383000,1788247319000,9.87070765,8.348,0.34999999999990905,3.7389044128787874,2.232739615178452,8.25,3.7389044128787874,1788245936000-632578958264631296-1477629723302428672,,,,,
939140658449350656,1788260080000-632578958264631296-939140658449350656,1788260080000,1788261543000,1,8.337,3.491,2.388140933829848,632578958264631296,1788260080000,939140658449350656,RJ47GA2643,1463000,1788261543000,9.215346772302343,8.337,0.3499999999985448,3.4906616561751296,2.3883724122191823,8.375,3.490661656175129,1788260080000-632578958264631296-939140658449350656,,,,,
942436996423352320,1788275730000-632578958264631296-942436996423352320,1788275730000,1788277043000,1,8.324,2.555,3.2579256360078275,632578958264631296,1788275730000,942436996423352320,RJ47GA1344,1313000,1788277043000,6.745276278564369,8.324,0.0,2.5550288933955945,3.2578887939453125,,0.001,1788275730000-632578958264631296-942436996423352320,,,,,
946024601958219776,1788287304000-632578958264631296-946024601958219776,1788287304000,1788289562000,1,8.25,2.044,4.036203522504892,632578958264631296,1788287304000,946024601958219776,RJ47GA3613,2258000,1788289562000,5.396199182694005,8.25,0.6000000000003638,2.044014841929547,4.03617421496412,8.25,1.4615488138382975,1788287304000-632578958264631296-946024601958219776,,,,,
1083728677599969280,1788285538000-632578958264631296-1083728677599969280,1788285538000,1788289081000,1,8.212,4.973,1.6513171124069979,632578958264631296,1788285538000,1083728677599969280,RJ47GA6359,3543000,1788289081000,13.129215611421607,8.212,0.9499999999998181,4.9731877315990936,1.65125477725722,8.5,4.9731877315990936,1788285538000-632578958264631296-1083728677599969280,,,,,
1389243594644127744,1788305888000-632578958264631296-1389243594644127744,1788305888000,1788306942000,1,8.197,4.25,1.928705882352941,632578958264631296,1788305888000,1389243594644127744,NL01AJ6142,1054000,1788306942000,11.220717688888888,8.197,0.25,4.250271851851851,1.9285825202989197,7.5,4.250271851851851,1788305888000-632578958264631296-1389243594644127744,,,,,
1067776159577538560,1788307045000-632578958264631296-1067776159577538560,1788307045000,1788308313000,1,8.183,2.399,3.4110045852438513,632578958264631296,1788307045000,1067776159577538560,RJ14GP9561,1268000,1788308313000,6.33320976889054,8.183,0.3000000000001819,2.3989430942767194,3.411085498244039,8.39999999999418,2.3989430942767194,1788307045000-632578958264631296-1067776159577538560,,,,,
1050036019790872576,1788224298000-632578958264631296-1050036019790872576,1788224298000,1788225239000,1,8.15,3.298,2.4711946634323834,632578958264631296,1788224298000,1050036019790872576,RJ47GA5530,941000,1788225239000,8.706950082174465,8.15,0.2000000000007276,3.2980871523388124,2.4711293618243206,8.5,3.2980871523388124,1788224298000-632578958264631296-1050036019790872576,,,,,
1406586435233906688,1788244263000-632578958264631296-1406586435233906688,1788244263000,1788246557000,1,8.148,5.613,1.4516301443078565,632578958264631296,1788244263000,1406586435233906688,NL01AJ7417,2294000,1788246557000,14.818153910840868,8.148,0.6000000000003638,5.612937087439723,1.4516464148926738,8.724999999991269,5.612937087439723,1788244263000-632578958264631296-1406586435233906688,,,,,
946024601958219776,1788257376000-632578958264631296-946024601958219776,1788257376000,1788258270000,1,8.102,1.99,4.071356783919598,632578958264631296,1788257376000,946024601958219776,RJ47GA3613,894000,1788258270000,5.253406079374308,8.102,0.1999999999989086,1.989926545217541,4.071507071189043,8.375,1.7449871466146927,1788257376000-632578958264631296-946024601958219776,,,,,
1466797477431607296,1788302216000-632578958264631296-1466797477431607296,1788302216000,1788303251000,1,8.098,2.843,2.848399577910658,632578958264631296,1788302216000,1466797477431607296,NL01AK2192,1035000,1788303251000,7.504428311863278,8.098,0.25,2.8425864817663933,2.84881394179004,8.0,2.8425864817663933,1788302216000-632578958264631296-1466797477431607296,,,,,
1422205425331208192,1788221269000-632578958264631296-1422205425331208192,1788221269000,1788222341000,1,8.079,4.246,1.9027319830428637,632578958264631296,1788221269000,1422205425331208192,NL01AJ9003,1072000,1788222341000,11.208448070702117,8.079,0.25,4.245624269205347,1.9029003717072086,8.125,4.245624269205347,1788221269000-632578958264631296-1422205425331208192,,,,,
1506655599683698688,1788305572000-632578958264631296-1506655599683698688,1788305572000,1788306554000,1,8.058,3.677,2.1914604296981235,632578958264631296,1788305572000,1506655599683698688,RJ47GA8529,982000,1788306554000,9.708208049232494,8.058,0.20000000000004547,3.677351533800187,2.191250938599508,5.9650000000037835,3.6773515338001865,1788305572000-632578958264631296-1506655599683698688,,,,,
1362452416535986176,1788229760000-632578958264631296-1362452416535986176,1788229760000,1788230928000,1,8.043,1.589,5.061674008810573,632578958264631296,1788229760000,1362452416535986176,NL01AJ4201,1168000,1788230928000,4.1941824125553735,8.043,0.3000000000001819,1.5887054593012777,5.062612426306736,8.25,1.5887054593012777,1788229760000-632578958264631296-1362452416535986176,,,,,
1176134230934028288,1788264604000-632578958264631296-1176134230934028288,1788264604000,1788265574000,1,8.034,2.089,3.8458592628051704,632578958264631296,1788264604000,1176134230934028288,RJ47GA6323,970000,1788265574000,5.513678896,8.034,0.25,2.088514733333333,3.8467528486990807,8.39999999999418,2.088514733333333,1788264604000-632578958264631296-1176134230934028288,,,,,
1183367596062277632,1788230288000-632578958264631296-1183367596062277632,1788230288000,1788231549000,1,8.016,3.235,2.47789799072643,632578958264631296,1788230288000,1183367596062277632,RJ47GA6402,1261000,1788231549000,8.540611364706196,8.016,0.3000000000001819,3.2350800623887106,2.4778366672264567,8.5,3.2350800623887106,1788230288000-632578958264631296-1183367596062277632,,,,,
939547417898909696,1788279006000-632578958264631296-939547417898909696,1788279006000,1788281224000,1,8.013,4.082,1.9630083292503675,632578958264631296,1788279006000,939547417898909696,RJ14GN1565,2218000,1788281224000,10.776534248788408,8.013,0.0,4.082020548783488,1.9629984475183524,8.0,4.082020548783488,1788279006000-632578958264631296-939547417898909696,,,,,
794226357327364096,1788229706000-632578958264631296-794226357327364096,1788229706000,1788230685000,1,7.959,1.742,4.568886337543054,632578958264631296,1788229706000,794226357327364096,RJ47GA2335,979000,1788230685000,4.598276226062023,7.959,0.0,1.741771297750766,4.569486252459116,,1.741771297750766,1788229706000-632578958264631296-794226357327364096,,['900758004180189187'],,900758004180189187,
1067765389137543168,1788227775000-632578958264631296-1067765389137543168,1788227775000,1788228749000,1,7.952,3.905,2.0363636363636366,632578958264631296,1788227775000,1067765389137543168,RJ47GA6289,974000,1788228749000,10.310174596725508,7.952,0.1999999999998181,3.905369165426329,2.0361711436649603,6.399999999994179,3.905369165426329,1788227775000-632578958264631296-1067765389137543168,,,,,
1083727593376579584,1788275789000-632578958264631296-1083727593376579584,1788275789000,1788276407000,1,7.95,2.166,3.6703601108033244,632578958264631296,1788275789000,1083727593376579584,RJ47GA6346,618000,1788276407000,5.71877727404762,7.95,0.1499999999996362,2.166203512896826,3.670015283729554,7.2000000000116415,2.166203512896826,1788275789000-632578958264631296-1083727593376579584,,,,,
796706773456125952,1788288228000-632578958264631296-796706773456125952,1788288228000,1788290715000,1,7.948,2.693,2.9513553657630895,632578958264631296,1788288228000,796706773456125952,RJ47GA3118,2487000,1788290715000,7.109935127158674,7.948,0.6499999999996362,2.693157245135861,2.9511830452362053,8.900000000023283,2.693157245135861,1788288228000-632578958264631296-796706773456125952,,['900758004213743618'],,900758004213743618,
1175796663680237568,1788234868000-632578958264631296-1175796663680237568,1788234868000,1788236940000,1,7.945,5.394,1.4729328883945125,632578958264631296,1788234868000,1175796663680237568,RJ47GA6336,2072000,1788236940000,14.240866694398047,7.945,0.5500000000001819,5.394267687271987,1.4728597949906304,8.299999999988358,5.394267687271987,1788234868000-632578958264631296-1175796663680237568,,,,,
1050036657417355264,1788245333000-632578958264631296-1050036657417355264,1788245333000,1788246948000,1,7.944,2.394,3.3182957393483705,632578958264631296,1788245333000,1050036657417355264,RJ47GA5830,1615000,1788246948000,6.320510027919069,7.944,0.4000000000005457,2.3941325863329808,3.3181119731416295,8.400000000023283,2.3941325863329808,1788245333000-632578958264631296-1050036657417355264,,,,,
1466797477431607296,1788285451000-632578958264631296-1466797477431607296,1788285451000,1788286464000,1,7.943,4.26,1.8645539906103286,632578958264631296,1788285451000,1466797477431607296,NL01AK2192,1013000,1788286464000,11.24685918860015,7.943,0.25,4.260173935075814,1.8644778642960844,6.875,4.260173935075814,1788285451000-632578958264631296-1466797477431607296,,,,,
927189698663677952,1788259184000-632578958264631296-927189698663677952,1788259184000,1788260142000,1,7.909,4.119,1.9201262442340374,632578958264631296,1788259184000,927189698663677952,RJ47GA3520,958000,1788260142000,10.874740462690578,7.909,0.2000000000007276,4.119219872231279,1.920023753360825,6.75,4.119219872231279,1788259184000-632578958264631296-927189698663677952,,,,,
1060533930890887168,1788283185000-632578958264631296-1060533930890887168,1788283185000,1788284913000,1,7.9,2.748,2.8748180494905387,632578958264631296,1788283185000,1060533930890887168,RJ47GA5615,1728000,1788284913000,7.254958848178042,7.900000000023283,0.4499999999998181,2.7480904727947126,2.874723404571632,7.900000000023283,2.7480904727947126,1788283185000-632578958264631296-1060533930890887168,,,,,
1079026604165824512,1788233744000-632578958264631296-1079026604165824512,1788233744000,1788234630000,1,7.893,1.286,6.137636080870918,632578958264631296,1788233744000,1079026604165824512,RJ47GA5876,886000,1788234630000,3.3945856868270994,7.893,0.1999999999998181,1.2858279116769316,6.138457509221609,8.070000000006985,1.2858279116769316,1788233744000-632578958264631296-1079026604165824512,,,,,
997896292355014656,1788270246000-632578958264631296-997896292355014656,1788270246000,1788271806000,1,7.881,3.346,2.355349671249253,632578958264631296,1788270246000,997896292355014656,RJ47GA5837,1560000,1788271806000,8.832446693493159,7.881,0.4000000000005457,3.3456237475352872,2.3556145564204325,8.289999999979045,3.3456237475352872,1788270246000-632578958264631296-997896292355014656,,,,,
946027472992862208,1788268076000-632578958264631296-946027472992862208,1788268076000,1788271359000,1,7.855,2.863,2.743625567586448,632578958264631296,1788268076000,946027472992862208,RJ47GA3474,3283000,1788271359000,7.55931499957828,7.855,0.8500000000003638,2.8633768937796513,2.743264436150219,8.375,2.8633768937796513,1788268076000-632578958264631296-946027472992862208,,,,,
883046842797916160,1788269735000-632578958264631296-883046842797916160,1788269735000,1788270608000,1,7.835,2.195,3.569476082004556,632578958264631296,1788269735000,883046842797916160,RJ47GA2006,873000,1788270608000,5.793567695378864,7.835,0.2000000000007276,2.1945332179465393,3.57023531743636,7.5,2.1945332179465393,1788269735000-632578958264631296-883046842797916160,,['900758004175994901'],,900758004175994901,
927153603469115392,1788242679000-632578958264631296-927153603469115392,1788242679000,1788243953000,1,7.826,3.192,2.4517543859649122,632578958264631296,1788242679000,927153603469115392,RJ47GA3885,1274000,1788243953000,8.42730298903226,7.826,0.2999999999992724,3.19216022311828,2.4516313258095566,7.75,3.19216022311828,1788242679000-632578958264631296-927153603469115392,,,,,
1406586435233906688,1788276274000-632578958264631296-1406586435233906688,1788276274000,1788277687000,1,7.821,1.859,4.207100591715976,632578958264631296,1788276274000,1406586435233906688,NL01AJ7417,1413000,1788277687000,4.908808597073788,7.821,0.34999999999990905,1.8593971958612834,4.206201890272975,8.165000000008149,1.8593971958612832,1788276274000-632578958264631296-1406586435233906688,,,,,
1428031634325635072,1788252290000-632578958264631296-1428031634325635072,1788252290000,1788253013000,1,7.812,1.549,5.043253712072305,632578958264631296,1788252290000,1428031634325635072,NL01AJ9500,723000,1788253013000,4.090280116421052,7.812,0.20000000000027285,1.5493485289473683,5.042119222398265,7.375,1.5493485289473683,1788252290000-632578958264631296-1428031634325635072,,,,,
869905949161160704,1788273474000-632578958264631296-869905949161160704,1788273474000,1788274814000,1,7.763,3.154,2.4613189600507295,632578958264631296,1788273474000,869905949161160704,RJ47GA4504,1340000,1788274814000,8.326049925337665,7.763,0.2999999999992724,3.1538067899006306,2.4614697466120283,8.0,3.1538067899006306,1788273474000-632578958264631296-869905949161160704,,,,,0.3679999999999987
964169792938311680,1788229877000-632578958264631296-964169792938311680,1788229877000,1788230973000,1,7.719,4.23,1.824822695035461,632578958264631296,1788229877000,964169792938311680,RJ47GA2728,1096000,1788230973000,11.167678230178117,7.719,0.2999999999992724,4.230181147794741,1.8247445511935192,7.75,4.230181147794741,1788229877000-632578958264631296-964169792938311680,,,,,
796706773456125952,1788234643000-632578958264631296-796706773456125952,1788234643000,1788235568000,1,7.714,5.029,1.5339033605090477,632578958264631296,1788234643000,796706773456125952,RJ47GA3118,925000,1788235568000,13.276890260861732,7.714,0.24497583333333334,5.029125098811262,1.533865204869007,,5.029125098811262,1788234643000-632578958264631296-796706773456125952,,['900758004213743618'],,900758004213743618,
1168836102002311168,1788240425000-632578958264631296-1168836102002311168,1788240425000,1788241986000,1,7.698,1.738,4.429228998849252,632578958264631296,1788240425000,1168836102002311168,RJ47GA2649,1561000,1788241986000,4.588778992202647,7.698,0.3999999999996362,1.7381738606828205,4.428785965620225,7.5,1.7381738606828208,1788240425000-632578958264631296-1168836102002311168,,,,,
931892603408875520,1788275122000-632578958264631296-931892603408875520,1788275122000,1788276129000,1,7.682,2.619,2.933180603283696,632578958264631296,1788275122000,931892603408875520,RJ14GN0974,1007000,1788276129000,6.915087331259543,7.682,0.0,2.6193512618407357,2.9327872561091763,7.7999999999883585,2.6193512618407357,1788275122000-632578958264631296-931892603408875520,,,,,
942721856836730880,1788236177000-632578958264631296-942721856836730880,1788236177000,1788237338000,1,7.577,5.93,1.2777403035413153,632578958264631296,1788236177000,942721856836730880,RJ47GA4500,1161000,1788237338000,15.655564776324201,7.577,0.2999999999992724,5.930138172850076,1.2777105320563598,7.7999999999883585,5.930138172850076,1788236177000-632578958264631296-942721856836730880,,,,,
803716121332023296,1788301524000-632578958264631296-803716121332023296,1788301524000,1788304404000,1,7.54,3.55,2.1239436619718313,632578958264631296,1788301524000,803716121332023296,RJ47GA2708,2880000,1788304404000,9.373127002260913,7.54,0.75,3.5504268947958004,2.1236882840911604,8.400000000023283,3.5504268947958004,1788301524000-632578958264631296-803716121332023296,,['900758004201160706'],,900758004201160706,
1081533146517733376,1788237069000-632578958264631296-1081533146517733376,1788237069000,1788238133000,1,7.538,2.686,2.806403574087863,632578958264631296,1788237069000,1081533146517733376,RJ47GA5872,1064000,1788238133000,7.092010411663107,7.538,0.25,2.6863675801754194,2.806019569186347,7.699999999953434,2.6863675801754194,1788237069000-632578958264631296-1081533146517733376,,,,,
1370798572273926144,1788224570000-632578958264631296-1370798572273926144,1788224570000,1788225950000,1,7.531,1.398,5.386981402002862,632578958264631296,1788224570000,1370798572273926144,NL01AJ4827,1380000,1788225950000,3.691123772673624,7.531,0.0,1.3981529441945544,5.386392119167224,7.5,0.3357216495898288,1788224570000-632578958264631296-1370798572273926144,,,,,
1082360641819246592,1788250586000-632578958264631296-1082360641819246592,1788250586000,1788252425000,1,7.496,2.435,3.078439425051335,632578958264631296,1788250586000,1082360641819246592,RJ47GA5736,1839000,1788252425000,6.429490216641034,7.496,0.5,2.4354129608488764,3.0779174294068095,7.5,2.4354129608488764,1788250586000-632578958264631296-1082360641819246592,,,,,
1428033112889098240,1788224574000-632578958264631296-1428033112889098240,1788224574000,1788225862000,1,7.496,1.704,4.39906103286385,632578958264631296,1788224574000,1428033112889098240,NL01AJ9497,1288000,1788225862000,4.498985559555525,7.496,0.34999999999990905,1.704161196801335,4.3986449251806645,7.875,1.704161196801335,1788224574000-632578958264631296-1428033112889098240,,,,,
1082360641819246592,1788285449000-632578958264631296-1082360641819246592,1788285449000,1788287574000,1,7.491,3.515,2.131152204836415,632578958264631296,1788285449000,1082360641819246592,RJ47GA5736,2125000,1788287574000,9.27906033041253,7.491,0.5499999999992724,3.514795579701716,2.1312761525197224,7.699999999953434,3.5147955797017154,1788285449000-632578958264631296-1082360641819246592,,,,,
873821465244336128,1788285012000-632578958264631296-873821465244336128,1788285012000,1788287587000,1,7.49,4.866,1.539251952322236,632578958264631296,1788285012000,873821465244336128,RJ14GN1590,2575000,1788287587000,12.845773779922641,7.49,0.7000000000007276,4.865823401485849,1.5393078174010224,7.7000000000116415,4.865823401485849,1788285012000-632578958264631296-873821465244336128,,,,,0.0
878252193440858112,1788281388000-632578958264631296-878252193440858112,1788281388000,1788283813000,1,7.456,3.225,2.311937984496124,632578958264631296,1788281388000,878252193440858112,RJ47GA1999,2425000,1788283813000,8.514849878762545,7.456,0.6499999999996362,3.225321923773691,2.3117072268173255,7.875,3.225321923773691,1788281388000-632578958264631296-878252193440858112,,['900758004175994897'],,900758004175994897,
794950170587430912,1788270940000-632578958264631296-794950170587430912,1788270940000,1788271959000,1,7.426,2.329,3.188492915414341,632578958264631296,1788270940000,794950170587430912,RJ47GA2696,1019000,1788271959000,6.148962670094548,7.426,0.25,2.329152526550965,3.1882841142209366,8.0,2.329152526550965,1788270940000-632578958264631296-794950170587430912,,['900758004192772105'],,900758004192772105,
1536402078727929856,1788225544000-632578958264631296-1536402078727929856,1788225544000,1788226986000,1,7.396,1.548,4.777777777777778,632578958264631296,1788225544000,1536402078727929856,NL01AK8054,1442000,1788226986000,4.087078229640773,7.396,0.34999999999990905,1.5481356930457473,4.7773590087890625,7.555000000000291,0.001,1788225544000-632578958264631296-1536402078727929856,,,,,
1045646687990710272,1788232864000-632578958264631296-1045646687990710272,1788232864000,1788233742000,1,7.388,3.002,2.4610259826782146,632578958264631296,1788232864000,1045646687990710272,RJ47GA3441,878000,1788233742000,7.924915463769474,7.388,0.25,3.0018619180944976,2.4611391868050037,6.5,3.0018619180944976,1788232864000-632578958264631296-1045646687990710272,,,,,
1083727986517082112,1788249323000-632578958264631296-1083727986517082112,1788249323000,1788250565000,1,7.371,4.639,1.588920025867644,632578958264631296,1788249323000,1083727986517082112,RJ47GA6315,1242000,1788250565000,12.246941600625172,7.371,0.2563888888888889,4.6389930305398375,1.5889224130052726,7.7000000000116415,4.639522387890339,1788249323000-632578958264631296-1083727986517082112,,,,,
946033927888306176,1788277779000-632578958264631296-946033927888306176,1788277779000,1788278755000,1,7.365,4.643,1.5862588843420204,632578958264631296,1788277779000,946033927888306176,RJ47GA3780,976000,1788278755000,12.258069155588238,7.365,0.25,4.643208013480393,1.5861878207087783,7.5,4.643208013480393,1788277779000-632578958264631296-946033927888306176,,,,,
877447567619653632,1788271979000-632578958264631296-877447567619653632,1788271979000,1788272718000,1,7.356,3.077,2.39064023399415,632578958264631296,1788271979000,877447567619653632,RJ14GN1570,739000,1788272718000,8.123313454446835,7.356,0.1000000000003638,3.077012672138953,2.3906303885601337,6.400000000023283,3.077012672138953,1788271979000-632578958264631296-877447567619653632,,,,,0.3679999999999987
922469481249243136,1788264704000-632578958264631296-922469481249243136,1788264704000,1788265865000,1,7.302,1.935,3.773643410852713,632578958264631296,1788264704000,922469481249243136,RJ47GA3799,1161000,1788265865000,5.109645014249322,7.302,0.2999999999992724,1.9354715963065614,3.772723926269093,7.375,1.9354715963065614,1788264704000-632578958264631296-922469481249243136,,,,,
932302785804763136,1788230744000-632578958264631296-932302785804763136,1788230744000,1788231593000,1,7.293,3.472,2.1005184331797238,632578958264631296,1788230744000,932302785804763136,RJ47GA4681,849000,1788231593000,9.166432008871581,7.293,0.2000000000007276,3.4721333366937803,2.1004377691740688,7.0,3.4721333366937808,1788230744000-632578958264631296-932302785804763136,,,,,
932335222958063616,1788254244000-632578958264631296-932335222958063616,1788254244000,1788255178000,1,7.283,1.988,3.663480885311871,632578958264631296,1788254244000,932335222958063616,RJ47GA4718,934000,1788255178000,5.248768924272897,7.283,0.25,1.988170047073067,3.663167549839032,7.399999999965075,1.988170047073067,1788254244000-632578958264631296-932335222958063616,,,,,
947104127047958528,1788305117000-632578958264631296-947104127047958528,1788305117000,1788306530000,1,7.278,2.279,3.193505923650724,632578958264631296,1788305117000,947104127047958528,RJ47GA1393,1413000,1788306530000,6.015542630455034,7.278,0.0,2.278614632748119,3.1940460205078125,,0.001,1788305117000-632578958264631296-947104127047958528,,,,,
787737136659955712,1788306333000-632578958264631296-787737136659955712,1788306333000,1788307090000,1,7.277,1.804,4.033813747228382,632578958264631296,1788306333000,787737136659955712,RJ47GA3339,757000,1788307090000,4.762422540897434,7.277,0.1499999999996362,1.803947932158119,4.033930176296329,7.7000000000116415,1.803947932158119,1788306333000-632578958264631296-787737136659955712,,['900758004226326539'],,900758004226326539,
1076104369969037312,1788256496000-632578958264631296-1076104369969037312,1788256496000,1788257555000,1,7.253,1.592,4.555904522613065,632578958264631296,1788256496000,1076104369969037312,RJ47GA5840,1059000,1788257555000,4.2027413412749235,7.253,0.25,1.5919474777556528,4.556054833056031,7.459999999991851,1.5919474777556528,1788256496000-632578958264631296-1076104369969037312,,,,,
1132635709874634752,1788248891000-632578958264631296-1132635709874634752,1788248891000,1788250210000,1,7.247,2.994,2.420507682030728,632578958264631296,1788248891000,1132635709874634752,RJ47GA5218,1319000,1788250210000,7.90508862110692,7.247,0.3500000000003638,2.9943517504192876,2.4202233418252317,7.5,2.994351750419287,1788248891000-632578958264631296-1132635709874634752,,,,,
870309644059279360,1788240802000-632578958264631296-870309644059279360,1788240802000,1788241480000,1,7.247,2.203,3.289605083976396,632578958264631296,1788240802000,870309644059279360,RJ47GA4518,678000,1788241480000,5.8164111836613195,7.247,0.2000000000007276,2.2031860544171664,3.289327283762755,7.5,2.2031860544171664,1788240802000-632578958264631296-870309644059279360,,,,,0.0
1079796452147855360,1788241647000-632578958264631296-1079796452147855360,1788241647000,1788242785000,1,7.214,2.075,3.4766265060240964,632578958264631296,1788241647000,1079796452147855360,RJ47GA3909,1138000,1788242785000,5.478858611111111,7.214,0.2999999999992724,2.0753252314814814,3.476081671714775,6.375,2.0753252314814814,1788241647000-632578958264631296-1079796452147855360,,,,,
1113518928358801408,1788260261000-632578958264631296-1113518928358801408,1788260261000,1788260846000,1,7.2,2.467,2.9185245237130117,632578958264631296,1788260261000,1113518928358801408,RJ47GA3896,585000,1788260846000,6.513185000563384,7.2,0.1000000000003638,2.467115530516433,2.9183878545375004,6.125,2.467115530516433,1788260261000-632578958264631296-1113518928358801408,,,,,
1536014535985463296,1788267517000-632578958264631296-1536014535985463296,1788267517000,1788268792000,1,7.189,1.871,3.84233030464992,632578958264631296,1788267517000,1536014535985463296,NL01AK8375,1275000,1788268792000,4.9404378790601085,7.189,0.34999999999990905,1.8713779844924652,3.8415542234508666,7.269999999996799,1.8713779844924652,1788267517000-632578958264631296-1536014535985463296,,,,,
964169792938311680,1788230977000-632578958264631296-964169792938311680,1788230977000,1788231893000,1,7.176,2.767,2.593422479219371,632578958264631296,1788230977000,964169792938311680,RJ47GA2728,916000,1788231893000,7.304953232928355,7.176,0.25,2.767027739745589,2.5933964798848708,7.625,2.767027739745589,1788230977000-632578958264631296-964169792938311680,,,,,
1135566388677574656,1788266791000-632578958264631296-1135566388677574656,1788266791000,1788268157000,1,7.169,4.034,1.7771442736737728,632578958264631296,1788266791000,1135566388677574656,RJ47GA6238,1366000,1788268157000,10.649470734546187,7.169,0.3500000000003638,4.0338904297523435,1.7771925452224375,7.5,4.0338904297523435,1788266791000-632578958264631296-1135566388677574656,,,,,
1479447378401427456,1788248316000-632578958264631296-1479447378401427456,1788248316000,1788249432000,1,7.164,3.088,2.319948186528497,632578958264631296,1788248316000,1479447378401427456,NL01AK3096,1116000,1788249432000,8.15192855958478,7.164,0.25,3.0878517271154466,2.320059586116311,6.875,3.0878517271154466,1788248316000-632578958264631296-1479447378401427456,,,,,
1536397466075660288,1788255722000-632578958264631296-1536397466075660288,1788255722000,1788256673000,1,7.152,1.918,3.7288842544317,632578958264631296,1788255722000,1536397466075660288,NL01AK8051,951000,1788256673000,5.063060823014937,7.152,0.20000000000004547,1.9178260693238398,3.72922243283592,7.255000000001019,1.9178260693238398,1788255722000-632578958264631296-1536397466075660288,,,,,
1083727986517082112,1788253471000-632578958264631296-1083727986517082112,1788253471000,1788254311000,1,7.143,3.376,2.1158175355450237,632578958264631296,1788253471000,1083727986517082112,RJ47GA6315,840000,1788254311000,8.913614207602341,7.143,0.1999999999998181,3.37636901803119,2.115586288659048,7.100000000005821,3.37636901803119,1788253471000-632578958264631296-1083727986517082112,,,,,
1063501597117513728,1788264124000-632578958264631296-1063501597117513728,1788264124000,1788265880000,1,7.123,1.695,4.2023598820059,632578958264631296,1788264124000,1063501597117513728,RJ47GA3366,1756000,1788265880000,4.474146236221506,7.123,0.4500000000007276,1.6947523622051157,4.202973932269347,7.25,1.6947523622051157,1788264124000-632578958264631296-1063501597117513728,,,,,
870275474985582592,1788248636000-632578958264631296-870275474985582592,1788248636000,1788249474000,1,7.114,2.697,2.6377456433073783,632578958264631296,1788248636000,870275474985582592,RJ47GA4502,838000,1788249474000,7.12001855020468,7.114,0.1999999999989086,2.6969767235623787,2.6377684085472084,7.5,2.6969767235623787,1788248636000-632578958264631296-870275474985582592,,,,,0.5520000000000013
870309644059279360,1788249267000-632578958264631296-870309644059279360,1788249267000,1788250630000,1,7.102,2.9,2.4489655172413793,632578958264631296,1788249267000,870309644059279360,RJ47GA4518,1363000,1788250630000,7.657315057694085,7.102,0.2999999999992724,2.900498127914426,2.448544934971781,7.399999999965075,2.900498127914426,1788249267000-632578958264631296-870309644059279360,,,,,0.0
961239466377216000,1788231818000-632578958264631296-961239466377216000,1788231818000,1788232864000,1,7.095,1.923,3.689547581903276,632578958264631296,1788231818000,961239466377216000,RJ47GA2691,1046000,1788232864000,5.077875992265489,7.095,0.25,1.9234378758581399,3.688707646372292,,1.9234378758581399,1788231818000-632578958264631296-961239466377216000,,,,,
1050781444223270912,1788260790000-632578958264631296-1050781444223270912,1788260790000,1788261983000,1,7.089,2.204,3.2164246823956444,632578958264631296,1788260790000,1050781444223270912,RJ47GA5621,1193000,1788261983000,5.818820662575132,7.089,0.3000000000001819,2.2040987358239135,3.216280597951554,7.399999999994179,2.2040987358239135,1788260790000-632578958264631296-1050781444223270912,,,,,
1464628801508999168,1788244173000-632578958264631296-1464628801508999168,1788244173000,1788246684000,1,7.077,2.444,2.8956628477905073,632578958264631296,1788244173000,1464628801508999168,NL01AK1964,2511000,1788246684000,6.4517190707411505,7.077,0.650000000000091,2.4438329813413446,2.8958607458172745,7.25,2.4438329813413446,1788244173000-632578958264631296-1464628801508999168,,,,,
1138167953473142784,1788255183000-632578958264631296-1138167953473142784,1788255183000,1788256063000,1,7.076,2.904,2.4366391184573004,632578958264631296,1788255183000,1138167953473142784,RJ47GA6240,880000,1788256063000,7.666094965284412,7.076,0.2000000000007276,2.9038238504865195,2.436786927972389,7.5,2.9038238504865195,1788255183000-632578958264631296-1138167953473142784,,,,,
1062738070563979264,1788266188000-632578958264631296-1062738070563979264,1788266188000,1788267694000,1,7.072,1.808,3.911504424778761,632578958264631296,1788266188000,1062738070563979264,RJ47GA3845,1506000,1788267694000,4.772438054600405,7.072,0.3500000000003638,1.8077416873486383,3.9120633492566603,7.625,1.8077416873486383,1788266188000-632578958264631296-1062738070563979264,,,,,
944571594812948480,1788249494000-632578958264631296-944571594812948480,1788249494000,1788250612000,1,7.064,2.337,3.02267864783911,632578958264631296,1788249494000,944571594812948480,RJ47GA2733,1118000,1788250612000,6.170115774084084,7.064,0.0,2.337165065940941,3.0224651664284736,,2.337165065940941,1788249494000-632578958264631296-944571594812948480,,,,,
873822835015942144,1788260240000-632578958264631296-873822835015942144,1788260240000,1788260932000,1,7.057,1.8,3.9205555555555556,632578958264631296,1788260240000,873822835015942144,RJ14GN1589,692000,1788260932000,4.75102103982264,7.057,0.1000000000003638,1.799629181751,3.921363396171256,6.2000000000116415,1.799629181751,1788260240000-632578958264631296-873822835015942144,,['1096406669316849665'],,,0.0
919290820798971904,1788247318000-632578958264631296-919290820798971904,1788247318000,1788248469000,1,7.039,1.587,4.4354127284184,632578958264631296,1788247318000,919290820798971904,RJ47GA2137,1151000,1788248469000,4.18908187327636,7.039,0.2999999999992724,1.5867734368471063,4.436046026826856,6.0,1.5867734368471063,1788247318000-632578958264631296-919290820798971904,,,,,
873104331912511488,1788259059000-632578958264631296-873104331912511488,1788259059000,1788260172000,1,7.0,1.766,3.9637599093997733,632578958264631296,1788259059000,873104331912511488,RJ14GN0768,1113000,1788260172000,4.663508179292408,7.0,0.2000000000007276,1.766480370944094,3.9626820173828796,7.0,1.766480370944094,1788259059000-632578958264631296-873104331912511488,,,,,0.0
1067775012183736320,1788225804000-632578958264631296-1067775012183736320,1788225804000,1788226978000,1,6.962,4.407,1.5797594735647833,632578958264631296,1788225804000,1067775012183736320,RJ47GA3615,1174000,1788226978000,11.63470455402065,6.962,0.3000000000010914,4.407085058341155,1.5797289836335777,8.0,4.407085058341155,1788225804000-632578958264631296-1067775012183736320,,,,,
873900831743672320,1788260256000-632578958264631296-873900831743672320,1788260256000,1788261102000,1,6.953,1.909,3.6422210581456262,632578958264631296,1788260256000,873900831743672320,RJ14GN1587,846000,1788261102000,5.0405436618311406,6.953,0.1999999999998181,1.9092968416027047,3.6416547958899375,7.099999999976717,1.9092968416027047,1788260256000-632578958264631296-873900831743672320,,,,,0.0
787737136659955712,1788268189000-632578958264631296-787737136659955712,1788268189000,1788268739000,1,6.922,1.828,3.7866520787746167,632578958264631296,1788268189000,787737136659955712,RJ47GA3339,550000,1788268739000,4.82721151,6.922,0.14950000000000002,1.8284892083333333,3.7856389682000904,6.7999999999883585,1.8284892083333333,1788268189000-632578958264631296-787737136659955712,,['900758004226326539'],,900758004226326539,
1536014618822967296,1788255253000-632578958264631296-1536014618822967296,1788255253000,1788256438000,1,6.899,7.707,0.8951602439340859,632578958264631296,1788255253000,1536014618822967296,NL01AK9203,1185000,1788256438000,20.346808847858206,6.899,0.3000000000000682,7.707124563582654,0.8951457762339581,7.139999999999418,7.707124563582654,1788255253000-632578958264631296-1536014618822967296,,,,,
1074385452921782272,1788234069000-632578958264631296-1074385452921782272,1788234069000,1788235639000,1,6.838,1.187,5.760741364785172,632578958264631296,1788234069000,1074385452921782272,RJ47GA5841,1570000,1788235639000,3.1334525810509026,6.838,0.4499999999998181,1.1869138564586752,5.761159466452045,6.880000000004657,1.1869138564586752,1788234069000-632578958264631296-1074385452921782272,,,,,
1299087047838924800,1788240280000-632578958264631296-1299087047838924800,1788240280000,1788241169000,1,6.826,2.385,2.8620545073375263,632578958264631296,1788240280000,1299087047838924800,RJ47GA6395,889000,1788241169000,6.296122605987053,6.826,0.1999999999998181,2.3848949265102473,2.862180603481891,7.100000000005821,2.3848949265102473,1788240280000-632578958264631296-1299087047838924800,,,,,
1113518928358801408,1788250876000-632578958264631296-1113518928358801408,1788250876000,1788251440000,1,6.815,2.369,2.87674124102997,632578958264631296,1788250876000,1113518928358801408,RJ47GA3896,564000,1788251440000,6.254719436352658,6.815,0.15232277777777775,2.36921190770934,2.876483938741067,6.25,2.36921190770934,1788250876000-632578958264631296-1113518928358801408,,,,,
870568761881526272,1788265780000-632578958264631296-870568761881526272,1788265780000,1788266616000,1,6.812,1.455,4.681786941580756,632578958264631296,1788265780000,870568761881526272,RJ47GA4522,836000,1788266616000,3.8415995514930965,6.812,0.1000000000003638,1.4551513452625364,4.681300005100836,6.5,1.4551513452625364,1788265780000-632578958264631296-870568761881526272,,,,,0.0
951559578305167360,1788269771000-632578958264631296-951559578305167360,1788269771000,1788270710000,1,6.795,1.4,4.853571428571429,632578958264631296,1788269771000,951559578305167360,RJ47GA4675,939000,1788270710000,3.6957123821115725,6.795,0.0,1.399891053830141,4.853949156549497,6.899999999994179,1.399891053830141,1788269771000-632578958264631296-951559578305167360,,,,,
952249131684855808,1788244891000-632578958264631296-952249131684855808,1788244891000,1788245564000,1,6.779,2.143,3.1633224451703224,632578958264631296,1788244891000,952249131684855808,RJ47GA1379,673000,1788245564000,5.657042459858486,6.779,0.0,2.14281911358276,3.163589477539062,,0.001,1788244891000-632578958264631296-952249131684855808,,,,,
635414442816888832,1788238904000-632578958264631296-635414442816888832,1788238904000,1788239393000,1,6.77,2.407,2.8126298296634813,632578958264631296,1788238904000,635414442816888832,RJ47GA2707,489000,1788239393000,6.354718612400314,6.77,0.1312961111111111,2.407090383484967,2.812524218637127,,2.407090383484967,1788238904000-632578958264631296-635414442816888832,,['900758004201160704'],,900758004201160704,
1050035941135089664,1788267980000-632578958264631296-1050035941135089664,1788267980000,1788269179000,1,6.763,2.108,3.208254269449715,632578958264631296,1788267980000,1050035941135089664,RJ47GA5558,1199000,1788269179000,5.566356960897427,6.763,0.3000000000010914,2.10846854579448,3.2075413282732526,7.100000000034925,2.10846854579448,1788267980000-632578958264631296-1050035941135089664,,,,,
1134878026966761472,1788272142000-632578958264631296-1134878026966761472,1788272142000,1788272989000,1,6.762,1.45,4.663448275862069,632578958264631296,1788272142000,1134878026966761472,RJ47GA6213,847000,1788272989000,3.8278557046666664,6.762,0.21722222222222223,1.4499453426767674,4.663624069798771,6.7999999999883585,1.4499453426767674,1788272142000-632578958264631296-1134878026966761472,,,,,
1536427445069021184,1788228101000-632578958264631296-1536427445069021184,1788228101000,1788228995000,1,6.759,3.014,2.2425348374253486,632578958264631296,1788228101000,1536427445069021184,NL01AK8053,894000,1788228995000,7.957578860088841,6.759,0.1999999999999318,3.0142344167003183,2.242360435721876,6.9099999999998545,3.0142344167003183,1788228101000-632578958264631296-1536427445069021184,,,,,
908732861828300800,1788278592000-632578958264631296-908732861828300800,1788278592000,1788279308000,1,6.757,1.76,3.839204545454545,632578958264631296,1788278592000,908732861828300800,RJ47GA2126,716000,1788279308000,4.646257488888889,6.757,0.1499999999996362,1.7599460185185185,3.8393223024464604,5.875,1.7599460185185185,1788278592000-632578958264631296-908732861828300800,,,,,
1056588446363025408,1788242875000-632578958264631296-1056588446363025408,1788242875000,1788243510000,1,6.752,2.299,2.9369290996085256,632578958264631296,1788242875000,1056588446363025408,RJ47GA3530,635000,1788243510000,6.0704322172108105,6.752,0.1499999999996362,2.2994061428828827,2.9364103513851942,6.75,2.2994061428828827,1788242875000-632578958264631296-1056588446363025408,,,,,
1083727048683290624,1788271714000-632578958264631296-1083727048683290624,1788271714000,1788272516000,1,6.741,1.556,4.332262210796915,632578958264631296,1788271714000,1083727048683290624,RJ47GA6340,802000,1788272516000,4.106981867469878,6.741,0.1999999999998181,1.5556749497991964,4.3331674144847,6.7999999999883585,1.5556749497991964,1788271714000-632578958264631296-1083727048683290624,,,,,
873568577507033088,1788273623000-632578958264631296-873568577507033088,1788273623000,1788274360000,1,6.733,1.59,4.234591194968553,632578958264631296,1788273623000,873568577507033088,RJ14GN1578,737000,1788274360000,4.196868058611588,6.733,0.1999999999989086,1.5897227494740862,4.235329715340249,6.7000000000116415,1.589722749474086,1788273623000-632578958264631296-873568577507033088,,,,,0.0
893133531117518848,1788237192000-632578958264631296-893133531117518848,1788237192000,1788238606000,1,6.733,3.606,1.8671658347199112,632578958264631296,1788237192000,893133531117518848,RJ47GA2071,1414000,1788238606000,9.519421438720453,6.733,0.3500000000003638,3.6058414540607777,1.8672479324950688,,3.6058414540607777,1788237192000-632578958264631296-893133531117518848,,['1015966621136584723'],,900758004175994905,
1067775012183736320,1788237113000-632578958264631296-1067775012183736320,1788237113000,1788237919000,1,6.731,2.703,2.4901960784313726,632578958264631296,1788237113000,1067775012183736320,RJ47GA3615,806000,1788237919000,7.13561473600132,6.731,0.1999999999989086,2.7028843696974696,2.4903026098572587,8.375,2.7028843696974696,1788237113000-632578958264631296-1067775012183736320,,,,,
931892603408875520,1788255410000-632578958264631296-931892603408875520,1788255410000,1788256226000,1,6.681,3.466,1.9275822273514136,632578958264631296,1788255410000,931892603408875520,RJ14GN0974,816000,1788256226000,9.150356586179,6.681,0.0,3.4660441614314395,1.927557667713275,6.5,3.4660441614314395,1788255410000-632578958264631296-931892603408875520,,,,,
1094956363722784768,1788227371000-632578958264631296-1094956363722784768,1788227371000,1788228307000,1,6.671,2.456,2.7162052117263844,632578958264631296,1788227371000,1094956363722784768,RJ47GA5978,936000,1788228307000,6.483999661148458,6.671,0.1999999999998181,2.456060477707749,2.716138328249177,6.994999999995343,2.456060477707749,1788227371000-632578958264631296-1094956363722784768,,,,,
1083778254826897408,1788272140000-632578958264631296-1083778254826897408,1788272140000,1788273074000,1,6.666,1.635,4.077064220183487,632578958264631296,1788272140000,1083778254826897408,RJ47GA3529,934000,1788273074000,4.315176721069576,6.666,0.25,1.6345366367687786,4.0782199982850385,6.625,1.6345366367687786,1788272140000-632578958264631296-1083778254826897408,,,,,
787737136659955712,1788234227000-632578958264631296-787737136659955712,1788234227000,1788234756000,1,6.628,2.042,3.2458374142997064,632578958264631296,1788234227000,787737136659955712,RJ47GA3339,529000,1788234756000,5.391044677908497,6.628,0.14166666666666666,2.042062377995643,3.245738265109031,6.2000000000116415,2.042062377995643,1788234227000-632578958264631296-787737136659955712,,['900758004226326539'],,900758004226326539,
1050037336936546304,1788252002000-632578958264631296-1050037336936546304,1788252002000,1788254139000,1,6.583,2.45,2.686938775510204,632578958264631296,1788252002000,1050037336936546304,Rj47GA5922,2137000,1788254139000,6.468049427032651,6.583,0.5500000000001819,2.4500187223608525,2.6869182426722773,6.760000000009313,2.4500187223608525,1788252002000-632578958264631296-1050037336936546304,,,,,
1067765247101632512,1788264238000-632578958264631296-1067765247101632512,1788264238000,1788264896000,1,6.575,1.273,5.164964650432051,632578958264631296,1788264238000,1067765247101632512,RJ47GA6282,658000,1788264896000,3.3594531180736835,6.575,0.1000000000003638,1.2725201204824559,5.166912408038933,6.400000000023283,1.2725201204824559,1788264238000-632578958264631296-1067765247101632512,,,,,
784445389880164352,1788235048000-632578958264631296-784445389880164352,1788235048000,1788236005000,1,6.574,1.913,3.4364871928907474,632578958264631296,1788235048000,784445389880164352,RJ47GA3188,957000,1788236005000,5.0513988457235985,6.574,0.2000000000007276,1.9134086536831811,3.4357532497543053,7.400000000023283,1.9134086536831811,1788235048000-632578958264631296-784445389880164352,,['900758004171800596'],,900758004171800596,
1079796452147855360,1788253756000-632578958264631296-1079796452147855360,1788253756000,1788254537000,1,6.569,1.736,3.7839861751152073,632578958264631296,1788253756000,1079796452147855360,RJ47GA3909,781000,1788254537000,4.583146365497075,6.569,0.1999999999989086,1.7360402899610132,3.7838983564992734,5.875,1.7360402899610132,1788253756000-632578958264631296-1079796452147855360,,,,,
635414442816888832,1788239784000-632578958264631296-635414442816888832,1788239784000,1788240381000,1,6.524,2.403,2.7149396587598833,632578958264631296,1788239784000,635414442816888832,RJ47GA2707,597000,1788240381000,6.342958112796322,6.524,0.16166666666666665,2.4026356487864855,2.715351369773906,,2.4026356487864855,1788239784000-632578958264631296-635414442816888832,,['900758004201160704'],,900758004201160704,
1183367596062277632,1788224631000-632578958264631296-1183367596062277632,1788224631000,1788226318000,1,6.506,4.326,1.5039297272306984,632578958264631296,1788224631000,1183367596062277632,RJ47GA6402,1687000,1788226318000,11.420421363248686,6.506,0.42129722222185845,4.325917183048745,1.5039585190151086,6.899999999994179,4.351748749316636,1788224631000-632578958264631296-1183367596062277632,,,,,
1373358446576926720,1788257626000-632578958264631296-1373358446576926720,1788257626000,1788259471000,1,6.504,0.757,8.591809775429326,632578958264631296,1788257626000,1373358446576926720,HR26EQ4539,1845000,1788259471000,1.999181575359047,6.504,0.5036111111112405,0.7572657482420632,8.58879464058497,6.469000000011874,0.7572657482420633,1788257626000-632578958264631296-1373358446576926720,,,,,
926578486859005952,1788246584000-632578958264631296-926578486859005952,1788246584000,1788248191000,1,6.499,3.996,1.6263763763763763,632578958264631296,1788246584000,926578486859005952,RJ47GA4004,1607000,1788248191000,10.548494528985678,6.499,0.40000000000009095,3.9956418670400295,1.6265221499479525,5.875,3.9956418670400295,1788246584000-632578958264631296-926578486859005952,,,,,
836966844580495360,1788255663000-632578958264631296-836966844580495360,1788255663000,1788257105000,1,6.464,3.483,1.8558713752512204,632578958264631296,1788255663000,836966844580495360,RJ47GA2578,1442000,1788257105000,9.195160269780667,6.464,0.3500000000003638,3.483015253704798,1.8558632475480554,7.099999999976717,3.483015253704798,1788255663000-632578958264631296-836966844580495360,,['900758004192772103'],,900758004192772103,
1079026604165824512,1788236701000-632578958264631296-1079026604165824512,1788236701000,1788238104000,1,6.393,1.218,5.248768472906404,632578958264631296,1788236701000,1079026604165824512,RJ47GA5876,1403000,1788238104000,3.2167108387226055,6.393,0.3500000000003638,1.218451075273714,5.246825358633189,6.48499999998603,1.218451075273714,1788236701000-632578958264631296-1079026604165824512,,,,,
1132636093246603264,1788235902000-632578958264631296-1132636093246603264,1788235902000,1788236424000,1,6.381,1.81,3.525414364640884,632578958264631296,1788235902000,1132636093246603264,NL01AJ4206,522000,1788236424000,4.779529518125192,6.381,0.14245000000000002,1.8104278477746938,3.5245812241803907,4.25,1.8104278477746938,1788235902000-632578958264631296-1132636093246603264,,,,,
789852692640956416,1788255803000-632578958264631296-789852692640956416,1788255803000,1788256882000,1,6.375,3.216,1.982276119402985,632578958264631296,1788255803000,789852692640956416,RJ47GA2228,1079000,1788256882000,8.491473715197355,6.375,0.3000000000010914,3.216467316362634,1.981988117077843,7.2999999999883585,3.216467316362634,1788255803000-632578958264631296-789852692640956416,,,,,
787737136659955712,1788274601000-632578958264631296-787737136659955712,1788274601000,1788275123000,1,6.363,1.588,4.006926952141058,632578958264631296,1788274601000,787737136659955712,RJ47GA3339,522000,1788275123000,4.192255403330612,6.363,0.13666666666666666,1.5879755315646258,4.006988693163655,6.7000000000116415,1.5879755315646258,1788274601000-632578958264631296-787737136659955712,,['900758004226326539'],,900758004226326539,
1062738572429230080,1788264543000-632578958264631296-1062738572429230080,1788264543000,1788266197000,1,6.357,3.229,1.968720966243419,632578958264631296,1788264543000,1062738572429230080,RJ47GA5313,1654000,1788266197000,8.523659450616702,6.357,0.4500000000007276,3.2286588828093565,1.9689289673328936,6.599999999976717,3.2286588828093565,1788264543000-632578958264631296-1062738572429230080,,,,,
1396881382210273280,1788264054000-632578958264631296-1396881382210273280,1788264054000,1788264629000,1,6.35,1.7,3.735294117647059,632578958264631296,1788264054000,1396881382210273280,NL01AJ6927,575000,1788264629000,4.487670546836361,6.35,0.1382422222222222,1.6998752071349852,3.7355683366324626,5.0,1.6581821902679108,1788264054000-632578958264631296-1396881382210273280,,,,,
786329086610898944,1788277001000-632578958264631296-786329086610898944,1788277001000,1788279271000,1,6.35,2.289,2.774137177806902,632578958264631296,1788277001000,786329086610898944,RJ47GA3348,2270000,1788279271000,6.043880179451682,6.35,0.6000000000003638,2.2893485528226067,2.773714816020869,6.900000000023283,2.2893485528226067,1788277001000-632578958264631296-786329086610898944,,['900758004230520835'],,900758004230520835,
1050037109068398592,1788234751000-632578958264631296-1050037109068398592,1788234751000,1788238331000,1,6.348,2.785,2.2793536804308796,632578958264631296,1788234751000,1050037109068398592,RJ47GA6246,3580000,1788238331000,7.352116274052288,6.348,0.3000000000001819,2.784892528050109,2.2794416431016327,4.900000000023283,2.7848925280501087,1788234751000-632578958264631296-1050037109068398592,,,,,
1536014674678513664,1788257222000-632578958264631296-1536014674678513664,1788257222000,1788258026000,1,6.339,2.838,2.233615221987315,632578958264631296,1788257222000,1536014674678513664,NL01AL0108,804000,1788258026000,7.491028574137613,6.339,0.20000000000004547,2.8375108235369746,2.2340002890626502,6.43500000000131,2.837510823536975,1788257222000-632578958264631296-1536014674678513664,,,,,
1464286808345935872,1788234493000-632578958264631296-1464286808345935872,1788234493000,1788235041000,1,6.337,1.667,3.8014397120575882,632578958264631296,1788234493000,1464286808345935872,NL01AK1960,548000,1788235041000,4.401970624269007,6.337,0.15000000000009095,1.6674131152534115,3.800497874239708,5.0,1.6674131152534115,1788234493000-632578958264631296-1464286808345935872,,,,,
901057526324264960,1788299432000-632578958264631296-901057526324264960,1788299432000,1788301556000,1,6.31,3.366,1.8746286393345215,632578958264631296,1788299432000,901057526324264960,RJ47GA4008,2124000,1788301556000,8.88619204962606,6.31,0.5499999999992724,3.3659818369795675,1.8746387549322665,6.375,3.3659818369795675,1788299432000-632578958264631296-901057526324264960,,,,,
1545767666730401792,1788246872000-632578958264631296-1545767666730401792,1788246872000,1788248258000,1,6.299,2.595,2.427360308285164,632578958264631296,1788246872000,1545767666730401792,NL01AK8998,1386000,1788248258000,6.8498161891261145,6.299,0.35000000000002274,2.594627344365952,2.42770894004406,6.460000000002765,2.5946273443659527,1788246872000-632578958264631296-1545767666730401792,,,,,
1083729116835872768,1788245308000-632578958264631296-1083729116835872768,1788245308000,1788246145000,1,6.289,3.299,1.9063352531070021,632578958264631296,1788245308000,1083729116835872768,RJ47GA6361,837000,1788246145000,8.710566384168102,6.289,0.0,3.2994569637000386,1.9060712320816158,5.900000000023283,3.2994569637000386,1788245308000-632578958264631296-1083729116835872768,,,,,
635414442816888832,1788234750000-632578958264631296-635414442816888832,1788234750000,1788235230000,1,6.273,1.637,3.8320097739767864,632578958264631296,1788234750000,635414442816888832,RJ47GA2707,480000,1788235230000,4.321808819001502,6.273,0.0,1.6370487950763266,3.831895554284638,,1.6370487950763266,1788234750000-632578958264631296-635414442816888832,,['900758004201160704'],,900758004201160704,
942436996423352320,1788268451000-632578958264631296-942436996423352320,1788268451000,1788269338000,1,6.273,2.002,3.1333666333666335,632578958264631296,1788268451000,942436996423352320,RJ47GA1344,887000,1788269338000,5.2863950995835465,6.273,0.0,2.0024223862058887,3.1327056884765625,,0.001,1788268451000-632578958264631296-942436996423352320,,,,,
1094584849307533312,1788232505000-632578958264631296-1094584849307533312,1788232505000,1788233884000,1,6.253,2.155,2.901624129930395,632578958264631296,1788232505000,1094584849307533312,RJ47GA5980,1379000,1788233884000,5.688524263042831,6.253,0.3500000000003638,2.1547440390313755,2.9019688124121314,6.489999999990687,2.1547440390313755,1788232505000-632578958264631296-1094584849307533312,,,,,
1536014716214706176,1788224547000-632578958264631296-1536014716214706176,1788224547000,1788225972000,1,6.248,3.688,1.6941431670281994,632578958264631296,1788224547000,1536014716214706176,RJ47GA8947,1425000,1788225972000,9.73599562971989,6.248,0.25,3.6878771324696547,1.6941996101198502,,3.6878771324696547,1788224547000-632578958264631296-1536014716214706176,,,,,
1536014543027699712,1788306069000-632578958264631296-1536014543027699712,1788306069000,1788307028000,1,6.236,1.661,3.7543648404575554,632578958264631296,1788306069000,1536014543027699712,NL01AK8409,959000,1788307028000,4.384263141374044,6.236,0.1999999999999318,1.660705735368956,3.7550300858174364,6.2850000000034925,1.660705735368956,1788306069000-632578958264631296-1536014543027699712,,,,,
1294723291725955072,1788259832000-632578958264631296-1294723291725955072,1788259832000,1788260424000,1,6.226,2.662,2.3388429752066116,632578958264631296,1788259832000,1294723291725955072,NL01AH7658,592000,1788260424000,7.027958495148151,6.226,0.1499999999996362,2.6621054905864208,2.3387502944627894,6.0,2.6621054905864208,1788259832000-632578958264631296-1294723291725955072,,,,,
925753337108758528,1788241603000-632578958264631296-925753337108758528,1788241603000,1788242543000,1,6.221,2.035,3.057002457002457,632578958264631296,1788241603000,925753337108758528,RJ47GA2620,940000,1788242543000,5.371133960680752,6.221,0.1999999999989086,2.0345204396518,3.0577230283637253,7.125,2.0345204396518,1788241603000-632578958264631296-925753337108758528,,,,,
1428033112889098240,1788231771000-632578958264631296-1428033112889098240,1788231771000,1788232915000,1,6.202,1.552,3.9961340206185567,632578958264631296,1788231771000,1428033112889098240,NL01AJ9497,1144000,1788232915000,4.0985998694521015,6.202,0.3000000000001819,1.5524999505500383,3.9948471481771586,6.625,1.5524999505500383,1788231771000-632578958264631296-1428033112889098240,,,,,
1083727448777949184,1788228929000-632578958264631296-1083727448777949184,1788228929000,1788229649000,1,6.2,1.29,4.8062015503875966,632578958264631296,1788228929000,1083727448777949184,RJ47GA6334,720000,1788229649000,3.406682536165415,6.2,0.19396805555555555,1.2904100515778087,4.804674291260474,,1.2904100515778087,1788228929000-632578958264631296-1083727448777949184,,,,,
792451319469178880,1788243719000-632578958264631296-792451319469178880,1788243719000,1788244410000,1,6.185,2.547,2.4283470749901843,632578958264631296,1788243719000,792451319469178880,RJ47GA3115,691000,1788244410000,6.7234111786680515,6.185,0.1499999999996362,2.546746658586383,2.4285886384290354,6.400000000023283,2.546746658586383,1788243719000-632578958264631296-792451319469178880,,['900758004209549321'],,900758004209549321,
1585283247909109760,1788279389000-632578958264631296-1585283247909109760,1788279389000,1788280451000,1,6.177,3.03,2.0386138613861386,632578958264631296,1788279389000,1585283247909109760,RJ47GA5321,1062000,1788280451000,7.997895116266025,6.177,0.25,3.0295057258583427,2.0389464681569085,6.400000000023283,3.029505725858343,1788279389000-632578958264631296-1585283247909109760,,,,,
1113518928358801408,1788250366000-632578958264631296-1113518928358801408,1788250366000,1788250854000,1,6.154,2.497,2.4645574689627554,632578958264631296,1788250366000,1113518928358801408,RJ47GA3896,488000,1788250854000,6.591769485743881,6.154,0.1000000000003638,2.496882380963591,2.464673565290273,5.0,2.496882380963591,1788250366000-632578958264631296-1113518928358801408,,,,,
869905949161160704,1788252681000-632578958264631296-869905949161160704,1788252681000,1788253919000,1,6.149,3.271,1.8798532558850505,632578958264631296,1788252681000,869905949161160704,RJ47GA4504,1238000,1788253919000,8.635072984998217,6.149,0.3000000000010914,3.2708609791659913,1.8799331549602822,6.0,3.2708609791659913,1788252681000-632578958264631296-869905949161160704,,,,,0.18399999999999608
1370798572273926144,1788231721000-632578958264631296-1370798572273926144,1788231721000,1788233174000,1,6.135,1.808,3.3932522123893802,632578958264631296,1788231721000,1370798572273926144,NL01AJ4827,1453000,1788233174000,4.773576264706567,6.135,0.34999999999990905,1.8081728275403663,3.3929278808737324,6.30000000000291,1.8081728275403663,1788231721000-632578958264631296-1370798572273926144,,,,,
874238000127541248,1788288354000-1194637793272266752-874238000127541248,1788288354000,1788289032000,1,6.134,2.331,2.6314886314886317,1194637793272266752,1788288354000,874238000127541248,RJ47GA4754,678000,1788289032000,6.153656820165632,6.134,0.0999999999994543,2.330930613699103,2.631566964692082,5.899999999994179,2.330930613699103,1788288354000-1194637793272266752-874238000127541248,,,,,0.0
1047650330055016448,1788239504000-632578958264631296-1047650330055016448,1788239504000,1788240711000,1,6.125,2.143,2.8581427904806347,632578958264631296,1788239504000,1047650330055016448,RJ47GA3445,1207000,1788240711000,5.656684857730949,6.125,0.2999999999992724,2.14268365823142,2.8585647612842675,6.5,2.14268365823142,1788239504000-632578958264631296-1047650330055016448,,,,,
1540361603277389824,1788274626000-632578958264631296-1540361603277389824,1788274626000,1788276052000,1,6.114,1.688,3.6220379146919433,632578958264631296,1788274626000,1540361603277389824,NL01AK8393,1426000,1788276052000,4.456366739568082,6.114,0.39999999999997726,1.6880177043818494,3.621999925788066,6.325000000000728,1.6880177043818494,1788274626000-632578958264631296-1540361603277389824,,,,,
812260483275948032,1788307077000-632578958264631296-812260483275948032,1788307077000,1788307944000,1,6.077,2.736,2.2211257309941517,632578958264631296,1788307077000,812260483275948032,RJ47GA3187,867000,1788307944000,7.221969501680712,6.077,0.1999999999989086,2.7355945082123907,2.2214549640878953,5.899999999965075,2.7355945082123907,1788307077000-632578958264631296-812260483275948032,,['900758004222132228'],,900758004222132228,
780452749606125568,1788245171000-632578958264631296-780452749606125568,1788245171000,1788245666000,1,6.044,0.935,6.464171122994651,632578958264631296,1788245171000,780452749606125568,RJ47GA3192,495000,1788245666000,2.4675128097098042,6.044,0.13219944444444445,0.9346639430718955,6.46649530539886,4.7999999999883585,0.9346639430718955,1788245171000-632578958264631296-780452749606125568,,['900758004167606293'],,900758004167606293,
902974583798235136,1788272718000-632578958264631296-902974583798235136,1788272718000,1788274537000,1,6.025,1.651,3.6493034524530588,632578958264631296,1788272718000,902974583798235136,RJ47GA2140,1819000,1788274537000,4.358257202150862,6.025,0.4500000000007276,1.6508550008147205,3.6496239809229625,3.875,1.6508550008147205,1788272718000-632578958264631296-902974583798235136,,,,,
1067776196789403648,1788244356000-632578958264631296-1067776196789403648,1788244356000,1788245099000,1,6.023,2.763,2.179876945349258,632578958264631296,1788244356000,1067776196789403648,RJ47GA6412,743000,1788245099000,7.294318731555059,6.023,0.0,2.762999519528431,2.1798773244187757,5.900000000023283,2.7629995195284316,1788244356000-632578958264631296-1067776196789403648,,,,,
1079787761596104704,1788224722000-632578958264631296-1079787761596104704,1788224722000,1788225398000,1,6.008,1.899,3.1637704054765665,632578958264631296,1788224722000,1079787761596104704,RJ47GA5703,676000,1788225398000,5.012757749137256,6.008,0.17092666666666664,1.8987718746732027,3.164150512306296,5.7999999999883585,1.8987718746732027,1788224722000-632578958264631296-1079787761596104704,,,,,
947104127047958528,1788247622000-632578958264631296-947104127047958528,1788247622000,1788248229000,1,6.005,1.724,3.4831786542923435,632578958264631296,1788247622000,947104127047958528,RJ47GA1393,607000,1788248229000,4.551990059673504,6.005,0.0,1.7242386589672365,3.482696533203125,,0.001,1788247622000-632578958264631296-947104127047958528,,,,,
1071019405950844928,1788268678000-632578958264631296-1071019405950844928,1788268678000,1788269869000,1,6.0,1.769,3.391746749576032,632578958264631296,1788268678000,1071019405950844928,RJ47GA4010,1191000,1788269869000,4.669883712020199,6.0,0.25,1.7688953454621965,3.391947418139796,6.0,1.7688953454621965,1788268678000-632578958264631296-1071019405950844928,,,,,
635414442816888832,1788235255000-632578958264631296-635414442816888832,1788235255000,1788235815000,1,5.987,1.93,3.102072538860104,632578958264631296,1788235255000,635414442816888832,RJ47GA2707,560000,1788235815000,5.095099769784152,5.987,0.14722222222222223,1.9299620340091483,3.10213356247381,,1.9299620340091483,1788235255000-632578958264631296-635414442816888832,,['900758004201160704'],,900758004201160704,
1138783468012961792,1788281643000-632578958264631296-1138783468012961792,1788281643000,1788282355000,1,5.96,1.434,4.156206415620642,632578958264631296,1788281643000,1138783468012961792,RJ47GA6258,712000,1788282355000,3.784608453896715,5.96,0.1500000000005457,1.4335638082942102,4.157471028158678,6.100000000005821,1.4335638082942102,1788281643000-632578958264631296-1138783468012961792,,,,,
964171206683000832,1788232825000-632578958264631296-964171206683000832,1788232825000,1788233455000,1,5.96,1.896,3.1434599156118144,632578958264631296,1788232825000,964171206683000832,RJ47GA4674,630000,1788233455000,5.004225898571428,5.96,0.1499999999996362,1.8955401130952378,3.144222566869283,5.899999999965075,1.8955401130952378,1788232825000-632578958264631296-964171206683000832,,,,,
1152269234303139840,1788237764000-632578958264631296-1152269234303139840,1788237764000,1788239173000,1,5.853,3.423,1.709903593339176,632578958264631296,1788237764000,1152269234303139840,NL01AJ4202,1409000,1788239173000,9.035788518841468,5.853,0.34999999999990905,3.4226471662278284,1.7100798638413888,5.625,3.4226471662278284,1788237764000-632578958264631296-1152269234303139840,,,,,
1001786725204230144,1788257460000-632578958264631296-1001786725204230144,1788257460000,1788258701000,1,5.838,2.267,2.575209528010587,632578958264631296,1788257460000,1001786725204230144,RJ14GN1583,1241000,1788258701000,5.986132321566953,5.838,0.3000000000001819,2.2674743642299062,2.5746707844182124,,2.2674743642299062,1788257460000-632578958264631296-1001786725204230144,,,,,
1046752835124854784,1788248587000-632578958264631296-1046752835124854784,1788248587000,1788249232000,1,5.821,3.121,1.8651073373918614,632578958264631296,1788248587000,1046752835124854784,RJ47GA5627,645000,1788249232000,8.238175883092365,5.821,0.1999999999998181,3.1205211678380174,1.8653935310533234,5.7000000000116415,3.1205211678380174,1788248587000-632578958264631296-1046752835124854784,,,,,
942426738309201920,1788241453000-632578958264631296-942426738309201920,1788241453000,1788242484000,1,5.816,2.186,2.6605672461116194,632578958264631296,1788241453000,942426738309201920,RJ47GA2613,1031000,1788242484000,5.771200090364144,5.816,0.25,2.1860606402894485,2.660493443233086,6.0,2.1860606402894485,1788241453000-632578958264631296-942426738309201920,,,,,
1477689128190476288,1788237254000-632578958264631296-1477689128190476288,1788237254000,1788238125000,1,5.795,1.606,3.6083437110834367,632578958264631296,1788237254000,1477689128190476288,RJ47FA0016,871000,1788238125000,4.239335514097861,5.795,0.1999999999999318,1.6058089068552504,3.6087731082203844,6.024999999997817,1.6058089068552504,1788237254000-632578958264631296-1477689128190476288,,,,,
942426738309201920,1788267779000-632578958264631296-942426738309201920,1788267779000,1788268495000,1,5.772,1.239,4.658595641646489,632578958264631296,1788267779000,942426738309201920,RJ47GA2613,716000,1788268495000,3.2712108059932596,5.772,0.1499999999996362,1.239095002270174,4.658238463899045,5.875,0.8236355602414229,1788267779000-632578958264631296-942426738309201920,,,,,
1103352309556969472,1788233591000-632578958264631296-1103352309556969472,1788233591000,1788234599000,1,5.769,1.68,3.4339285714285714,632578958264631296,1788233591000,1103352309556969472,RJ47GA5608,1008000,1788234599000,4.4359017923255815,5.769,0.0,1.6802658304263565,3.433385298644176,6.099999999976717,1.6802658304263565,1788233591000-632578958264631296-1103352309556969472,,,,,
1063501597117513728,1788272114000-632578958264631296-1063501597117513728,1788272114000,1788273040000,1,5.761,1.208,4.769039735099338,632578958264631296,1788272114000,1063501597117513728,RJ47GA3366,926000,1788273040000,3.1900347124303576,5.761,0.2000000000007276,1.208346481981196,4.767672257839744,5.875,1.208346481981196,1788272114000-632578958264631296-1063501597117513728,,,,,
1132636093246603264,1788227871000-632578958264631296-1132636093246603264,1788227871000,1788228654000,1,5.746,2.848,2.0175561797752812,632578958264631296,1788227871000,1132636093246603264,NL01AJ4206,783000,1788228654000,7.518348599399503,5.746,0.1999999999998181,2.847859317954357,2.017655845488675,5.625,2.847859317954357,1788227871000-632578958264631296-1132636093246603264,,,,,
965194336809517056,1788230580000-632578958264631296-965194336809517056,1788230580000,1788232183000,1,5.744,4.054,1.4168722249629992,632578958264631296,1788230580000,965194336809517056,RJ14GN1584,1603000,1788232183000,10.702929861431455,5.744,0.0,4.054140099027066,1.4168232620718941,,4.054140099027066,1788230580000-632578958264631296-965194336809517056,,,,,
927189698663677952,1788242041000-632578958264631296-927189698663677952,1788242041000,1788242810000,1,5.743,4.721,1.216479559415378,632578958264631296,1788242041000,927189698663677952,RJ47GA3520,769000,1788242810000,12.46223853881672,5.743,0.2000000000007276,4.72054490106694,1.2165968379417311,4.75,4.72054490106694,1788242041000-632578958264631296-927189698663677952,,,,,
942469459329679360,1788232315000-632578958264631296-942469459329679360,1788232315000,1788232778000,1,5.738,1.913,2.9994772608468376,632578958264631296,1788232315000,942469459329679360,RJ47GA3438,463000,1788232778000,5.049116059322036,5.738,0.1000000000003638,1.9125439618644073,3.000192473696876,4.625,1.9125439618644073,1788232315000-632578958264631296-942469459329679360,,,,,
932613192947859456,1788258521000-632578958264631296-932613192947859456,1788258521000,1788259448000,1,5.727,1.725,3.32,632578958264631296,1788258521000,932613192947859456,RJ47GA4656,927000,1788259448000,4.553942558572597,5.727,0.25,1.7249782418835595,3.3200418770189843,5.899999999994179,1.7249782418835595,1788258521000-632578958264631296-932613192947859456,,,,,
1373358446576926720,1788247704000-632578958264631296-1373358446576926720,1788247704000,1788249056000,1,5.705,0.726,7.858126721763086,632578958264631296,1788247704000,1373358446576926720,HR26EQ4539,1352000,1788249056000,1.916029328659811,5.705,0.3680555555556566,0.7257686850984132,7.860631241242395,5.62599999998929,0.7257686850984132,1788247704000-632578958264631296-1373358446576926720,,,,,
1046442514266980352,1788223917000-632578958264631296-1046442514266980352,1788223917000,1788225138000,1,5.7,1.749,3.2590051457975986,632578958264631296,1788223917000,1046442514266980352,RJ47GA3809,1221000,1788225138000,4.617595143738738,5.7,0.0,1.7490890695980066,3.2588391861084767,5.5,1.7490890695980066,1788223917000-632578958264631296-1046442514266980352,,,,,
1136716787434389504,1788258032000-632578958264631296-1136716787434389504,1788258032000,1788259486000,1,5.684,2.343,2.425949637217243,632578958264631296,1788258032000,1136716787434389504,RJ47GA5299,1454000,1788259486000,6.186703546880723,5.684,0.3999999999996362,2.343448313212395,2.425485541094944,5.7999999999883585,2.343448313212395,1788258032000-632578958264631296-1136716787434389504,,,,,
848986467664396288,1788255217000-632578958264631296-848986467664396288,1788255217000,1788256641000,1,5.674,1.771,3.203839638622248,632578958264631296,1788255217000,848986467664396288,RJ47GA3067,1424000,1788256641000,4.675654011430898,5.674,0.3500000000003638,1.771081064935946,3.2036929942589665,6.2000000000116415,1.771081064935946,1788255217000-632578958264631296-848986467664396288,,['900758004201160714'],,900758004201160714,
873109579045535744,1788276030000-632578958264631296-873109579045535744,1788276030000,1788277192000,1,5.634,1.515,3.7188118811881195,632578958264631296,1788276030000,873109579045535744,RJ14GN1568,1162000,1788277192000,4.000593120737911,5.634,0.3000000000010914,1.5153761820976934,3.7178887107760987,5.600000000034925,1.5153761820976934,1788276030000-632578958264631296-873109579045535744,,,,,0.0
931939397496995840,1788273529000-632578958264631296-931939397496995840,1788273529000,1788273976000,1,5.6,1.723,3.2501450957632034,632578958264631296,1788273529000,931939397496995840,RJ47GA4498,447000,1788273976000,4.547472056825801,5.6,0.1000000000003638,1.7225272942521972,3.251037019086037,4.5,1.7225272942521972,1788273529000-632578958264631296-931939397496995840,,,,,
1067775012183736320,1788246032000-632578958264631296-1067775012183736320,1788246032000,1788246631000,1,5.596,2.01,2.78407960199005,632578958264631296,1788246032000,1067775012183736320,RJ47GA3615,599000,1788246631000,5.306386056338028,5.596,0.1499999999996362,2.009994718309859,2.7840869177534455,6.75,2.009994718309859,1788246032000-632578958264631296-1067775012183736320,,,,,
1050037649940676608,1788282779000-632578958264631296-1050037649940676608,1788282779000,1788285033000,1,5.585,2.992,1.866644385026738,632578958264631296,1788282779000,1050037649940676608,RJ47GA6280,2254000,1788285033000,7.898591929657796,5.585,0.5500000000001819,2.9918908824461345,1.8667124636022054,5.7999999999883585,2.9918908824461345,1788282779000-632578958264631296-1050037649940676608,,,,,
1126869078934290432,1788276883000-632578958264631296-1126869078934290432,1788276883000,1788277781000,1,5.57,2.595,2.1464354527938343,632578958264631296,1788276883000,1126869078934290432,RJ47GA4863,898000,1788277781000,6.850802486032451,5.57,0.2000000000007276,2.5950009416789586,2.1464346738911875,5.7000000000116415,2.5950009416789586,1788276883000-632578958264631296-1126869078934290432,,,,,
1545824482457812992,1788234364000-632578958264631296-1545824482457812992,1788234364000,1788234864000,1,5.551,2.371,2.3412062420919444,632578958264631296,1788234364000,1545824482457812992,NL01AK8869,500000,1788234864000,6.259260446919664,5.551,0.14999999999997726,2.37093198746957,2.341273401909951,4.865000000001601,2.37093198746957,1788234364000-632578958264631296-1545824482457812992,,,,,
1067776196789403648,1788236256000-632578958264631296-1067776196789403648,1788236256000,1788237527000,1,5.543,1.894,2.926610348468849,632578958264631296,1788236256000,1067776196789403648,RJ47GA6412,1271000,1788237527000,5.000737708637723,5.543,0.0,1.8942188290294404,2.926272252736566,5.399999999994179,1.8942188290294404,1788236256000-632578958264631296-1067776196789403648,,,,,
847126508215468032,1788240514000-632578958264631296-847126508215468032,1788240514000,1788241097000,1,5.533,1.351,4.095484826054775,632578958264631296,1788240514000,847126508215468032,RJ47GA3488,583000,1788241097000,3.567811828581349,5.533,0.1000000000003638,1.3514438744626323,4.094139686119084,5.5,1.3514438744626323,1788240514000-632578958264631296-847126508215468032,,,,,
946031139108159488,1788307160000-632578958264631296-946031139108159488,1788307160000,1788308121000,1,5.521,1.665,3.315915915915916,632578958264631296,1788307160000,946031139108159488,RJ47GA3328,961000,1788308121000,4.394905464924839,5.521,0.25,1.6647369185321357,3.3164399362681785,5.125,1.6647369185321357,1788307160000-632578958264631296-946031139108159488,,,,,
952162532812914688,1788236297000-632578958264631296-952162532812914688,1788236297000,1788237904000,1,5.521,1.724,3.2024361948955917,632578958264631296,1788236297000,952162532812914688,RJ47GA4523,1607000,1788237904000,4.5524138524022035,5.521,0.0,1.7243991865159862,3.201694853008339,5.625,1.7243991865159862,1788236297000-632578958264631296-952162532812914688,,,,,
951559578305167360,1788256607000-632578958264631296-951559578305167360,1788256607000,1788257352000,1,5.513,2.246,2.4545859305431876,632578958264631296,1788256607000,951559578305167360,RJ47GA4675,745000,1788257352000,5.930515731703298,5.513,0.0,2.246407474130037,2.4541406950824944,5.7000000000116415,2.246407474130037,1788256607000-632578958264631296-951559578305167360,,,,,
932302785804763136,1788229814000-632578958264631296-932302785804763136,1788229814000,1788230740000,1,5.507,3.781,1.45649299127215,632578958264631296,1788229814000,932302785804763136,RJ47GA4681,926000,1788230740000,9.98241005797619,5.507,0.2000000000007276,3.781215931051587,1.4564098164233794,5.100000000034925,3.7812159310515874,1788229814000-632578958264631296-932302785804763136,,,,,
1045015172411817984,1788264033000-632578958264631296-1045015172411817984,1788264033000,1788264669000,1,5.504,4.195,1.3120381406436232,632578958264631296,1788264033000,1045015172411817984,RJ47GA3393,636000,1788264669000,11.073497168607197,5.504,0.1499999999996362,4.1945065032603015,1.3121925060127708,4.75,4.1945065032603015,1788264033000-632578958264631296-1045015172411817984,,,,,
1050037336936546304,1788254143000-632578958264631296-1050037336936546304,1788254143000,1788256441000,1,5.503,3.036,1.8125823451910408,632578958264631296,1788254143000,1050037336936546304,Rj47GA5922,2298000,1788256441000,8.013970074319383,5.503,0.5500000000001819,3.0355947251209785,1.8128243386576208,5.664999999979045,3.0355947251209785,1788254143000-632578958264631296-1050037336936546304,,,,,
939547417898909696,1788286722000-632578958264631296-939547417898909696,1788286722000,1788288116000,1,5.502,2.723,2.020565552699229,632578958264631296,1788286722000,939547417898909696,RJ14GN1565,1394000,1788288116000,7.190035374716164,5.502,0.3500000000003638,2.723498247998547,2.020195902106171,5.5,2.723498247998547,1788286722000-632578958264631296-939547417898909696,,,,,
1056588446363025408,1788234138000-632578958264631296-1056588446363025408,1788234138000,1788236256000,1,5.5,1.622,3.3908754623921085,632578958264631296,1788234138000,1056588446363025408,RJ47GA3530,2118000,1788236256000,4.2815199014406815,5.5,0.1000000000003638,1.6217878414548035,3.3913190488999456,5.5,1.6217878414548035,1788234138000-632578958264631296-1056588446363025408,,,,,
947925198747729920,1788260326000-632578958264631296-947925198747729920,1788260326000,1788263148000,1,5.495,2.831,1.9410102437301309,632578958264631296,1788260326000,947925198747729920,RJ47GA3426,2822000,1788263148000,7.4741913122289745,5.495,0.75,2.8311330728140054,1.9409190096946745,5.75,2.8311330728140054,1788260326000-632578958264631296-947925198747729920,,,,,
866686265431425024,1788281180000-632578958264631296-866686265431425024,1788281180000,1788283081000,1,5.473,2.441,2.242113887750922,632578958264631296,1788281180000,866686265431425024,RJ47GA4451,1901000,1788283081000,6.445088379059069,5.473,0.3999999999996362,2.4413213557041926,2.2418187540989774,5.7999999999883585,2.441321355704193,1788281180000-632578958264631296-866686265431425024,,['900758004234715152'],,900758004234715152,0.0
908732861828300800,1788262124000-632578958264631296-908732861828300800,1788262124000,1788263228000,1,5.436,3.099,1.7541142303969022,632578958264631296,1788262124000,908732861828300800,RJ47GA2126,1104000,1788263228000,8.181771122992698,5.436,0.25,3.099155728406325,1.7540260885164836,5.625,3.099155728406325,1788262124000-632578958264631296-908732861828300800,,,,,
932302785804763136,1788250299000-632578958264631296-932302785804763136,1788250299000,1788252155000,1,5.43,2.707,2.005910602142593,632578958264631296,1788250299000,932302785804763136,RJ47GA4681,1856000,1788252155000,7.145702197357634,5.43,0.5,2.7067053777869825,2.0061289435348884,5.599999999976717,2.706705377786982,1788250299000-632578958264631296-932302785804763136,,,,,
1464286808345935872,1788269326000-632578958264631296-1464286808345935872,1788269326000,1788270074000,1,5.422,2.911,1.8625901751975265,632578958264631296,1788269326000,1464286808345935872,NL01AK1960,748000,1788270074000,7.68530239734052,5.422,0.20000000000027285,2.911099392932015,1.8625265812511622,5.5,2.911099392932015,1788269326000-632578958264631296-1464286808345935872,,,,,
1083727772540469248,1788256740000-632578958264631296-1083727772540469248,1788256740000,1788257529000,1,5.418,1.757,3.0836653386454187,632578958264631296,1788256740000,1083727772540469248,RJ47GA6357,789000,1788257529000,4.6372626695212,5.418,0.1999999999998181,1.7565388899701513,3.084474833399258,5.600000000005821,1.7565388899701513,1788256740000-632578958264631296-1083727772540469248,,,,,
1176582451024101376,1788269354000-632578958264631296-1176582451024101376,1788269354000,1788270135000,1,5.416,3.168,1.7095959595959596,632578958264631296,1788269354000,1176582451024101376,RJ47GA6342,781000,1788270135000,8.363294602237524,5.416,0.0,3.167914622059668,1.7096420346324566,5.399999999994179,3.167914622059668,1788269354000-632578958264631296-1176582451024101376,,,,,
1067765389137543168,1788228750000-632578958264631296-1067765389137543168,1788228750000,1788229438000,1,5.411,1.684,3.2131828978622328,632578958264631296,1788228750000,1067765389137543168,RJ47GA6289,688000,1788229438000,4.445548130433639,5.411,0.1500000000005457,1.6839197463763782,3.2133360343590684,5.600000000005821,1.6839197463763782,1788228750000-632578958264631296-1067765389137543168,,,,,
1050037336936546304,1788263113000-632578958264631296-1050037336936546304,1788263113000,1788263749000,1,5.407,2.095,2.58090692124105,632578958264631296,1788263113000,1050037336936546304,Rj47GA5922,636000,1788263749000,5.531511310060883,5.407,0.1000000000003638,2.095269435629122,2.5805750363444324,4.704999999987194,2.095269435629122,1788263113000-632578958264631296-1050037336936546304,,,,,
1050037336936546304,1788264726000-632578958264631296-1050037336936546304,1788264726000,1788265603000,1,5.4,1.558,3.465982028241335,632578958264631296,1788264726000,1050037336936546304,Rj47GA5922,877000,1788265603000,4.1141626168062775,5.4,0.2000000000007276,1.5583949306084384,3.4651036742603485,5.179999999993015,1.5583949306084384,1788264726000-632578958264631296-1050037336936546304,,,,,
1406229042385911808,1788235703000-632578958264631296-1406229042385911808,1788235703000,1788237365000,1,5.395,2.499,2.158863545418167,632578958264631296,1788235703000,1406229042385911808,NL01AJ7422,1662000,1788237365000,6.598477039780906,5.395,0.4499999999998181,2.499423121129131,2.158498076773321,5.569999999992433,2.4994231211291305,1788235703000-632578958264631296-1406229042385911808,,,,,
1291421127226163200,1788245115000-901025643674730496-1291421127226163200,1788245115000,1788245850000,1,5.391,1.632,3.303308823529412,901025643674730496,1788245115000,1291421127226163200,NL01AG9585,735000,1788245850000,4.308400519445587,5.391,0.1999999999998181,1.6319698937293887,3.3033697623431335,5.399999999994179,1.6319698937293887,1788245115000-901025643674730496-1291421127226163200,,,,,
1067775063052255232,1788279681000-632578958264631296-1067775063052255232,1788279681000,1788280270000,1,5.387,1.298,4.150231124807395,632578958264631296,1788279681000,1067775063052255232,RJ47GA3725,589000,1788280270000,3.428016925083373,5.387,0.10000000000002274,1.2984912595012776,4.14866096370108,5.125,1.1229181784173405,1788279681000-632578958264631296-1067775063052255232,,,,,
798605218047590400,1788246021000-632578958264631296-798605218047590400,1788246021000,1788246624000,1,5.375,1.865,2.8820375335120643,632578958264631296,1788246021000,798605218047590400,RJ47GA3110,603000,1788246624000,4.923771460508109,5.375,0.1499999999996362,1.8650649471621625,2.8819371723105243,6.0,1.8650649471621625,1788246021000-632578958264631296-798605218047590400,,['900758004205355021'],,900758004205355021,
1362452416535986176,1788278146000-632578958264631296-1362452416535986176,1788278146000,1788279154000,1,5.368,2.68,2.002985074626866,632578958264631296,1788278146000,1362452416535986176,NL01AJ4201,1008000,1788279154000,7.0747594298473295,5.368,0.25,2.6798331173664125,2.0031098075522573,5.25,2.6798331173664125,1788278146000-632578958264631296-1362452416535986176,,,,,
1135566388677574656,1788277453000-632578958264631296-1135566388677574656,1788277453000,1788278424000,1,5.365,3.164,1.695638432364096,632578958264631296,1788277453000,1135566388677574656,RJ47GA6238,971000,1788278424000,8.353298856078428,5.365,0.25,3.1641283545751624,1.6955696478755338,5.600000000005821,3.1641283545751624,1788277453000-632578958264631296-1135566388677574656,,,,,
1188192864341852160,1788223846000-632578958264631296-1188192864341852160,1788223846000,1788224389000,1,5.363,1.24,4.325,632578958264631296,1788223846000,1188192864341852160,RJ47GA6479,543000,1788224389000,3.2748656338095237,5.363,0.1299077777777778,1.2404794067460316,4.3233285218881425,5.5,1.2404794067460316,1788223846000-632578958264631296-1188192864341852160,,,,,
1083728677599969280,1788281885000-632578958264631296-1083728677599969280,1788281885000,1788285179000,1,5.338,5.817,0.9176551487020801,632578958264631296,1788281885000,1083728677599969280,RJ47GA6359,3294000,1788285179000,15.357261244714943,5.338,0.9000000000005457,5.817144410876872,0.9176323678709145,5.599999999999909,5.817144410876872,1788281885000-632578958264631296-1083728677599969280,,,,,
635414442816888832,1788233529000-632578958264631296-635414442816888832,1788233529000,1788233939000,1,5.336,1.546,3.4514877102199226,632578958264631296,1788233529000,635414442816888832,RJ47GA2707,410000,1788233939000,4.082652210968662,5.336,0.0,1.5464591708214626,3.4504629030494054,,1.5464591708214626,1788233529000-632578958264631296-635414442816888832,,['900758004201160704'],,900758004201160704,
787737136659955712,1788230666000-632578958264631296-787737136659955712,1788230666000,1788231155000,1,5.316,1.563,3.401151631477927,632578958264631296,1788230666000,787737136659955712,RJ47GA3339,489000,1788231155000,4.125778442522449,5.316,0.12222222222222222,1.5627948645918368,3.4015980730704585,5.099999999976717,1.5627948645918368,1788230666000-632578958264631296-787737136659955712,,['900758004226326539'],,900758004226326539,
927153603469115392,1788248068000-632578958264631296-927153603469115392,1788248068000,1788248538000,1,5.278,1.756,3.0056947608200453,632578958264631296,1788248068000,927153603469115392,RJ47GA3885,470000,1788248538000,4.635632331497174,5.278,0.1283786111111111,1.7559213376883234,3.005829410871278,4.125,1.7559213376883234,1788248068000-632578958264631296-927153603469115392,,,,,
947925198747729920,1788236252000-632578958264631296-947925198747729920,1788236252000,1788237594000,1,5.259,1.036,5.076254826254827,632578958264631296,1788236252000,947925198747729920,RJ47GA3426,1342000,1788237594000,2.7350164424215953,5.259,0.3500000000003638,1.0359910766748466,5.076298549674261,5.375,1.0359910766748466,1788236252000-632578958264631296-947925198747729920,,,,,
927171595435245568,1788256409000-632578958264631296-927171595435245568,1788256409000,1788256808000,1,5.254,1.713,3.06713368359603,632578958264631296,1788256409000,927171595435245568,RJ47GA3670,399000,1788256808000,4.521960765666668,5.254,0.0,1.7128639263888892,3.0673773433226765,4.125,1.7128639263888892,1788256409000-632578958264631296-927171595435245568,,,,,
878252193440858112,1788294339000-632578958264631296-878252193440858112,1788294339000,1788295948000,1,5.242,1.231,4.258326563769293,632578958264631296,1788294339000,878252193440858112,RJ47GA1999,1609000,1788295948000,3.249537872250421,5.242,0.4000000000014552,1.230885557670614,4.258722484257764,5.75,1.2308855576706137,1788294339000-632578958264631296-878252193440858112,,['900758004175994897'],,900758004175994897,
1422205318414204928,1788223644000-632578958264631296-1422205318414204928,1788223644000,1788224272000,1,5.216,2.269,2.298810048479506,632578958264631296,1788223644000,1422205318414204928,NL01AJ9002,628000,1788224272000,5.988874396380849,5.216,0.15000000000009095,2.26851302893214,2.299303523266664,5.25,2.26851302893214,1788223644000-632578958264631296-1422205318414204928,,,,,
1067775012183736320,1788233652000-632578958264631296-1067775012183736320,1788233652000,1788234447000,1,5.214,2.718,1.9183222958057398,632578958264631296,1788233652000,1067775012183736320,RJ47GA3615,795000,1788234447000,7.1754109790918035,5.214,0.1499999999996362,2.7179587042014406,1.9183514421834889,6.375,2.7179587042014406,1788233652000-632578958264631296-1067775012183736320,,,,,
943858330336493568,1788261905000-632578958264631296-943858330336493568,1788261905000,1788263017000,1,5.205,2.286,2.2769028871391077,632578958264631296,1788261905000,943858330336493568,RJ47GA3486,1112000,1788263017000,6.035676433080845,5.205,0.3029316666666667,2.2862410731366833,2.2766627986692716,5.0,2.2862410731366833,1788261905000-632578958264631296-943858330336493568,,,,,
1454186236603269120,1788246838000-632578958264631296-1454186236603269120,1788246838000,1788247709000,1,5.192,1.927,2.6943435391800725,632578958264631296,1788246838000,1454186236603269120,Rj47GA5305,871000,1788247709000,5.086386544869043,5.192,0.1999999999989086,1.9266615700261527,2.6948168172210565,5.2999999999883585,1.9266615700261527,1788246838000-632578958264631296-1454186236603269120,,,,,
964171206683000832,1788233795000-632578958264631296-964171206683000832,1788233795000,1788234337000,1,5.192,1.586,3.2736443883984867,632578958264631296,1788233795000,964171206683000832,RJ47GA4674,542000,1788234337000,4.1857212729616595,5.192,0.1000000000003638,1.5855004821824465,3.2746757622256886,5.2000000000116415,1.5855004821824465,1788233795000-632578958264631296-964171206683000832,,,,,
947925198747729920,1788271598000-632578958264631296-947925198747729920,1788271598000,1788272725000,1,5.186,3.536,1.466628959276018,632578958264631296,1788271598000,947925198747729920,RJ47GA3426,1127000,1788272725000,9.33446207929206,5.186,0.25,3.5357810906409313,1.4667197620709977,5.375,3.5357810906409317,1788271598000-632578958264631296-947925198747729920,,,,,
966384365741277184,1788258866000-632578958264631296-966384365741277184,1788258866000,1788259772000,1,5.184,1.831,2.8312397596941565,632578958264631296,1788258866000,966384365741277184,RJ47GA4707,906000,1788259772000,4.83461339943503,5.184,0.1999999999989086,1.8312929543314507,2.830786842563112,4.899999999965075,1.8312929543314505,1788258866000-632578958264631296-966384365741277184,,,,,
809467481230934016,1788262623000-632578958264631296-809467481230934016,1788262623000,1788263354000,1,5.183,2.872,1.8046657381615598,632578958264631296,1788262623000,809467481230934016,RJ47GA3181,731000,1788263354000,7.5825463234871755,5.183,0.18911722222222224,2.872176637684536,1.8045547519592602,5.599999999976717,2.872176637684536,1788262623000-632578958264631296-809467481230934016,,['900758004217937927'],,900758004217937927,
635414442816888832,1788240793000-632578958264631296-635414442816888832,1788240793000,1788241213000,1,5.177,1.591,3.2539283469516027,632578958264631296,1788240793000,635414442816888832,RJ47GA2707,420000,1788241213000,4.200940432857142,5.177,0.11340277777777777,1.5912653154761902,3.253385811687078,,1.5912653154761902,1788240793000-632578958264631296-635414442816888832,,['900758004201160704'],,900758004201160704,
946033927888306176,1788233159000-632578958264631296-946033927888306176,1788233159000,1788233960000,1,5.161,3.916,1.317926455566905,632578958264631296,1788233159000,946033927888306176,RJ47GA3780,801000,1788233960000,10.339229541216378,5.161,0.2000000000007276,3.9163748262183247,1.3178003201964947,5.25,3.9163748262183247,1788233159000-632578958264631296-946033927888306176,,,,,
780451764301201408,1788266104000-632578958264631296-780451764301201408,1788266104000,1788266951000,1,5.147,2.495,2.062925851703407,632578958264631296,1788266104000,780451764301201408,RJ47GA3344,847000,1788266951000,6.587264482498862,5.147,0.1999999999989086,2.495175940340478,2.062780390266856,5.600000000034925,2.495175940340478,1788266104000-632578958264631296-780451764301201408,,['900758004230520833'],,900758004230520833,
1536014603211767808,1788232378000-632578958264631296-1536014603211767808,1788232378000,1788234589000,1,5.143,4.718,1.0900805426027977,632578958264631296,1788232378000,1536014603211767808,NL01AK9193,2211000,1788234589000,12.454747071793566,5.143,0.599999999999909,4.717707224164229,1.090148191828736,5.299999999999272,4.717707224164229,1788232378000-632578958264631296-1536014603211767808,,,,,
790970454885007360,1788242417000-632578958264631296-790970454885007360,1788242417000,1788243489000,1,5.141,2.231,2.3043478260869565,632578958264631296,1788242417000,790970454885007360,RJ47GA3108,1072000,1788243489000,5.889500455449562,5.141,0.25,2.2308713846399852,2.3044806775490767,5.7000000000116415,2.2308713846399852,1788242417000-632578958264631296-790970454885007360,,['900758004205355017'],,900758004205355017,
927171595435245568,1788232587000-632578958264631296-927171595435245568,1788232587000,1788232973000,1,5.128,1.502,3.4141145139813585,632578958264631296,1788232587000,927171595435245568,RJ47GA3670,386000,1788232973000,3.965132325106466,5.128,0.0,1.501944062540328,3.4142416671142244,4.125,1.501944062540328,1788232587000-632578958264631296-927171595435245568,,,,,
1536014625517076480,1788253244000-632578958264631296-1536014625517076480,1788253244000,1788254493000,1,5.126,1.671,3.0676241771394377,632578958264631296,1788253244000,1536014625517076480,NL01AK9417,1249000,1788254493000,4.412727214570562,5.126,0.2999999999999545,1.6714875812767278,3.066729335843837,5.224999999998545,1.6714875812767278,1788253244000-632578958264631296-1536014625517076480,,,,,
1089954932305428480,1788230187000-632578958264631296-1089954932305428480,1788230187000,1788231591000,1,5.115,7.63,0.6703800786369594,632578958264631296,1788230187000,1089954932305428480,RJ47GA3362,1404000,1788231591000,20.143113992872074,5.115,0.3499999999985448,7.629967421542452,0.6703829410278094,5.5,7.629967421542451,1788230187000-632578958264631296-1089954932305428480,,,,,
1046752835124854784,1788237659000-632578958264631296-1046752835124854784,1788237659000,1788238344000,1,5.092,1.596,3.1904761904761902,632578958264631296,1788237659000,1046752835124854784,RJ47GA5627,685000,1788238344000,4.212556596608124,5.092,0.1499999999996362,1.5956653775030774,3.1911452562617124,5.0,1.5956653775030774,1788237659000-632578958264631296-1046752835124854784,,,,,
938500415001985024,1788260937000-632578958264631296-938500415001985024,1788260937000,1788261704000,1,5.082,1.508,3.3700265251989387,632578958264631296,1788260937000,938500415001985024,RJ47GA1435,767000,1788261704000,3.9811210518975995,5.082,0.0,1.5080003984460604,3.370025634765625,,0.001,1788260937000-632578958264631296-938500415001985024,,,,,
1422205727123963904,1788250982000-632578958264631296-1422205727123963904,1788250982000,1788254078000,1,5.058,4.623,1.0940947436729396,632578958264631296,1788250982000,1422205727123963904,NL01AJ9006,3096000,1788254078000,12.203783360519642,5.058,0.8000000000001819,4.622645212318046,1.0941787153644964,5.25,4.622645212318046,1788250982000-632578958264631296-1422205727123963904,,,,,
1074385452921782272,1788255405000-632578958264631296-1074385452921782272,1788255405000,1788255822000,1,5.043,0.821,6.142509135200975,632578958264631296,1788255405000,1074385452921782272,RJ47GA5841,417000,1788255822000,2.166938490462535,5.043,0.10814805555555557,0.8208100342661117,6.143930738503896,3.379999999975553,0.8208100342661117,1788255405000-632578958264631296-1074385452921782272,,,,,
1268615116379652096,1788260600000-632578958264631296-1268615116379652096,1788260600000,1788262202000,1,5.038,2.001,2.5177411294352825,632578958264631296,1788260600000,1268615116379652096,RJ47GA5518,1602000,1788262202000,5.283351820286272,5.038,0.4000000000005457,2.001269628896315,2.517401916891338,5.2999999999883585,2.001269628896315,1788260600000-632578958264631296-1268615116379652096,,,,,
848986467664396288,1788262257000-632578958264631296-848986467664396288,1788262257000,1788263495000,1,5.014,1.526,3.285714285714286,632578958264631296,1788262257000,848986467664396288,RJ47GA3067,1238000,1788263495000,4.028577712351531,5.014,0.3000000000010914,1.5259764061937615,3.2857650876178393,5.599999999976717,1.5259764061937615,1788262257000-632578958264631296-848986467664396288,,['900758004201160714'],,900758004201160714,
1475453057469775872,1788232436000-632578958264631296-1475453057469775872,1788232436000,1788234363000,1,5.009,4.295,1.1662398137369034,632578958264631296,1788232436000,1475453057469775872,NL01AK3037,1927000,1788234363000,11.338800282534864,5.009,0.5,4.2950001070207815,1.1662397846770913,5.125,4.2950001070207815,1788232436000-632578958264631296-1475453057469775872,,,,,
1132636093246603264,1788228995000-632578958264631296-1132636093246603264,1788228995000,1788229440000,1,4.998,1.804,2.770509977827051,632578958264631296,1788228995000,1132636093246603264,NL01AJ4206,445000,1788229440000,4.762863584884752,4.998,0.12111111111111111,1.8041149942745272,2.7703333855444185,4.0,1.8041149942745272,1788228995000-632578958264631296-1132636093246603264,,,,,
942426738309201920,1788269450000-632578958264631296-942426738309201920,1788269450000,1788270659000,1,4.992,1.353,3.6895787139689578,632578958264631296,1788269450000,942426738309201920,RJ47GA2613,1209000,1788270659000,3.572977176412215,4.992,0.3000000000010914,1.3534004456106874,3.688487037365713,5.125,1.3534004456106874,1788269450000-632578958264631296-942426738309201920,,,,,
1362452416535986176,1788262244000-632578958264631296-1362452416535986176,1788262244000,1788262939000,1,4.987,2.15,2.31953488372093,632578958264631296,1788262244000,1362452416535986176,NL01AJ4201,695000,1788262939000,5.676667836884682,4.987,0.15000000000009095,2.150252968516925,2.3192619998751307,5.125,2.150252968516925,1788262244000-632578958264631296-1362452416535986176,,,,,
1045014601197944832,1788228598000-632578958264631296-1045014601197944832,1788228598000,1788230987000,1,4.982,5.26,0.9471482889733841,632578958264631296,1788228598000,1045014601197944832,RJ47GA5632,2389000,1788230987000,13.886497462309144,4.982,0.5999999999985448,5.260036917541342,0.9471416414181172,5.2999999999883585,5.260036917541342,1788228598000-632578958264631296-1045014601197944832,,,,,
1056588446363025408,1788237292000-632578958264631296-1056588446363025408,1788237292000,1788238669000,1,4.916,1.74,2.8252873563218395,632578958264631296,1788237292000,1056588446363025408,RJ47GA3530,1377000,1788238669000,4.593556214971888,4.916,0.3499999999985448,1.7399834147620787,2.8253142864997955,5.375,1.7399834147620787,1788237292000-632578958264631296-1056588446363025408,,,,,
946034884164452352,1788237352000-632578958264631296-946034884164452352,1788237352000,1788237866000,1,4.91,1.04,4.721153846153846,632578958264631296,1788237352000,946034884164452352,RJ47GA3663,514000,1788237866000,2.7452051103170336,4.91,0.0999999999994543,1.039850420574634,4.721832970252274,5.25,0.9124416630682141,1788237352000-632578958264631296-946034884164452352,,,,,
1406229042385911808,1788229453000-632578958264631296-1406229042385911808,1788229453000,1788231506000,1,4.909,4.425,1.1093785310734463,632578958264631296,1788229453000,1406229042385911808,NL01AJ7422,2053000,1788231506000,11.681160783071178,4.909,0.5500000000001819,4.424682114799689,1.109458232848042,5.254999999990105,4.424682114799689,1788229453000-632578958264631296-1406229042385911808,,,,,
635414442816888832,1788241661000-632578958264631296-635414442816888832,1788241661000,1788242236000,1,4.888,1.321,3.700227100681302,632578958264631296,1788241661000,635414442816888832,RJ47GA2707,575000,1788242236000,3.486742161457266,4.888,0.12036111111111111,1.3207356672186612,3.7009676662201794,,1.3207356672186612,1788241661000-632578958264631296-635414442816888832,,['900758004201160704'],,900758004201160704,
1062738572429230080,1788266476000-632578958264631296-1062738572429230080,1788266476000,1788267184000,1,4.887,1.865,2.6203753351206434,632578958264631296,1788266476000,1062738572429230080,RJ47GA5313,708000,1788267184000,4.922673900718572,4.887,0.1499999999996362,1.8646492048176408,2.6208683045441457,4.7000000000116415,1.8646492048176406,1788266476000-632578958264631296-1062738572429230080,,,,,
1045014601197944832,1788297757000-632578958264631296-1045014601197944832,1788297757000,1788298400000,1,4.874,2.66,1.832330827067669,632578958264631296,1788297757000,1045014601197944832,RJ47GA5632,643000,1788298400000,7.021119808658193,4.874,0.1499999999996362,2.6595150790371944,1.83266492392459,4.7999999999883585,2.6595150790371944,1788297757000-632578958264631296-1045014601197944832,,,,,
946034884164452352,1788238110000-632578958264631296-946034884164452352,1788238110000,1788238764000,1,4.864,1.1,4.421818181818181,632578958264631296,1788238110000,946034884164452352,RJ47GA3663,654000,1788238764000,2.903488881185762,4.864,0.1500000000005457,1.099806394388546,4.422596581377592,5.0,1.099806394388546,1788238110000-632578958264631296-946034884164452352,,,,,
1093088075828953088,1788276110000-632578958264631296-1093088075828953088,1788276110000,1788277422000,1,4.851,1.388,3.494956772334294,632578958264631296,1788276110000,1093088075828953088,RJ47GA5975,1312000,1788277422000,3.663918159949815,4.851,0.3000000000001819,1.3878477878597784,3.4953400815523166,5.134999999980209,1.3878477878597784,1788276110000-632578958264631296-1093088075828953088,,,,,
1385589109656911872,1788263869000-632578958264631296-1385589109656911872,1788263869000,1788266258000,1,4.846,4.392,1.1033697632058288,632578958264631296,1788263869000,1385589109656911872,NL01AJ5693,2389000,1788266258000,11.593636304391618,4.846,0.5500000000001819,4.391528903178643,1.1034881260811935,5.375,4.391528903178643,1788263869000-632578958264631296-1385589109656911872,,,,,
970288452387995648,1788261030000-632578958264631296-970288452387995648,1788261030000,1788262038000,1,4.825,1.013,4.763079960513328,632578958264631296,1788261030000,970288452387995648,RJ47GA3399,1008000,1788262038000,2.673625695840002,4.825,0.25,1.0127370060000007,4.764316867473091,3.125,1.0127370060000007,1788261030000-632578958264631296-970288452387995648,,,,,
1083726517403385856,1788221312000-632578958264631296-1083726517403385856,1788221312000,1788222788000,1,4.815,9.433,0.5104420650906393,632578958264631296,1788221312000,1083726517403385856,RJ47GA6316,1476000,1788222788000,24.903727085828333,4.815,0.3999999999996362,9.433229956753156,0.5104296218871448,5.2000000000116415,9.433229956753156,1788221312000-632578958264631296-1083726517403385856,,,,,
787737136659955712,1788241980000-632578958264631296-787737136659955712,1788241980000,1788242409000,1,4.815,1.881,2.5598086124401918,632578958264631296,1788241980000,787737136659955712,RJ47GA3339,429000,1788242409000,4.964916160972222,4.815,0.11627055555555557,1.8806500609743264,2.5602849248336224,3.7999999999883585,1.8806500609743262,1788241980000-632578958264631296-787737136659955712,,['900758004226326539'],,900758004226326539,
1079095062366781440,1788231849000-632578958264631296-1079095062366781440,1788231849000,1788233802000,1,4.791,3.499,1.3692483566733353,632578958264631296,1788231849000,1079095062366781440,RJ47GA3439,1953000,1788233802000,9.237508169587935,4.791,0.5,3.4990561248439143,1.3692263939360838,4.625,3.4990561248439143,1788231849000-632578958264631296-1079095062366781440,,,,,
789852612550721536,1788268592000-632578958264631296-789852612550721536,1788268592000,1788269288000,1,4.789,0.836,5.728468899521531,632578958264631296,1788268592000,789852612550721536,RJ47GA3341,696000,1788269288000,2.207560604117647,4.789,0.1499999999996362,0.8361971985294118,5.727117967415141,5.2000000000116415,0.8361971985294118,1788268592000-632578958264631296-789852612550721536,,['900758004226326543'],,900758004226326543,
936665179544879104,1788258360000-632578958264631296-936665179544879104,1788258360000,1788260728000,1,4.768,1.505,3.168106312292359,632578958264631296,1788258360000,936665179544879104,RJ47GA4716,2368000,1788260728000,3.972914524375215,4.768,0.25,1.504891865293642,3.1683339580479717,4.600000000034925,1.504891865293642,1788258360000-632578958264631296-936665179544879104,,,,,
1083039951072788480,1788233363000-632578958264631296-1083039951072788480,1788233363000,1788233933000,1,4.767,1.413,3.3736730360934186,632578958264631296,1788233363000,1083039951072788480,RJ47GA5903,570000,1788233933000,3.7301617816364874,4.767,0.0999999999994543,1.4129400688016998,3.3738161336473707,4.900000000023283,1.4129400688016998,1788233363000-632578958264631296-1083039951072788480,,,,,
970288452387995648,1788255091000-632578958264631296-970288452387995648,1788255091000,1788256305000,1,4.752,1.567,3.032546266751755,632578958264631296,1788255091000,970288452387995648,RJ47GA3399,1214000,1788256305000,4.13778456008547,4.752,0.3000000000010914,1.5673426363960115,3.031883322543227,,1.5673426363960115,1788255091000-632578958264631296-970288452387995648,,,,,
1050037336936546304,1788274011000-632578958264631296-1050037336936546304,1788274011000,1788275477000,1,4.731,1.594,2.968005018820577,632578958264631296,1788274011000,1050037336936546304,Rj47GA5922,1466000,1788275477000,4.206902040714284,4.731,0.3499999999994543,1.593523500270562,2.968892519750559,4.6749999999883585,1.593523500270562,1788274011000-632578958264631296-1050037336936546304,,,,,
1083726613264203776,1788247069000-632578958264631296-1083726613264203776,1788247069000,1788248518000,1,4.718,2.155,2.189327146171694,632578958264631296,1788247069000,1083726613264203776,RJ47GA6345,1449000,1788248518000,5.6892381154876865,4.718,0.3499999999994543,2.1550144376847298,2.1893124786063383,4.899999999994179,2.1550144376847298,1788247069000-632578958264631296-1083726613264203776,,,,,
796706773456125952,1788270729000-632578958264631296-796706773456125952,1788270729000,1788271409000,1,4.697,1.012,4.641304347826087,632578958264631296,1788270729000,796706773456125952,RJ47GA3118,680000,1788271409000,2.6714304496000003,4.697,0.14555555555555555,1.0119054733333335,4.641737913055791,4.599999999976717,1.0119054733333335,1788270729000-632578958264631296-796706773456125952,,['900758004213743618'],,900758004213743618,
902974583798235136,1788254775000-632578958264631296-902974583798235136,1788254775000,1788255861000,1,4.689,1.734,2.7041522491349483,632578958264631296,1788254775000,902974583798235136,RJ47GA2140,1086000,1788255861000,4.577811905141615,4.689,0.25,1.7340196610384901,2.7041215883283565,3.125,1.73401966103849,1788254775000-632578958264631296-902974583798235136,,,,,
1067775012183736320,1788230458000-632578958264631296-1067775012183736320,1788230458000,1788231137000,1,4.685,2.175,2.154022988505747,632578958264631296,1788230458000,1067775012183736320,RJ47GA3615,679000,1788231137000,5.742445055873248,4.685,0.1499999999996362,2.1751685817701696,2.1538560455793774,5.125,2.1751685817701696,1788230458000-632578958264631296-1067775012183736320,,,,,
848986467664396288,1788252511000-632578958264631296-848986467664396288,1788252511000,1788253158000,1,4.655,1.046,4.450286806883366,632578958264631296,1788252511000,848986467664396288,RJ47GA3067,647000,1788253158000,2.7602141233333333,4.655,0.09999999999854481,1.0455356527777777,4.4522632849799075,5.099999999976717,1.0455356527777777,1788252511000-632578958264631296-848986467664396288,,['900758004201160714'],,900758004201160714,
1350071704793120768,1788265345000-632578958264631296-1350071704793120768,1788265345000,1788268337000,1,4.639,2.418,1.9185277088502894,632578958264631296,1788265345000,1350071704793120768,RJ47GA3451,2992000,1788268337000,6.383217598912733,4.639,0.8000000000010914,2.417885454133611,1.9186185979444055,4.75,2.417885454133611,1788265345000-632578958264631296-1350071704793120768,,,,,
1428367002015105024,1788267631000-632578958264631296-1428367002015105024,1788267631000,1788268261000,1,4.639,1.096,4.232664233576642,632578958264631296,1788267631000,1428367002015105024,NL01AJ9499,630000,1788268261000,2.8928274440160644,4.639,0.15000000000009095,1.0957679712182062,4.233560499895476,4.375,1.0957679712182062,1788267631000-632578958264631296-1428367002015105024,,,,,
1050467664377413632,1788295862000-632578958264631296-1050467664377413632,1788295862000,1788296551000,1,4.635,2.516,1.8422098569157392,632578958264631296,1788295862000,1050467664377413632,RJ47GA3872,689000,1788296551000,6.642410181030815,4.635,0.18291666666666667,2.516064462511672,1.8421626588108522,4.125,2.516064462511672,1788295862000-632578958264631296-1050467664377413632,,,,,
635414442816888832,1788239417000-632578958264631296-635414442816888832,1788239417000,1788239759000,1,4.615,1.296,3.560956790123457,632578958264631296,1788239417000,635414442816888832,RJ47GA2707,342000,1788239759000,3.4204587323076936,4.615,0.0,1.295628307692308,3.56197836416522,,1.295628307692308,1788239417000-632578958264631296-635414442816888832,,['900758004201160704'],,900758004201160704,
919290820798971904,1788253458000-632578958264631296-919290820798971904,1788253458000,1788254216000,1,4.613,1.08,4.271296296296296,632578958264631296,1788253458000,919290820798971904,RJ47GA2137,758000,1788254216000,2.8513092477167703,4.613,0.1499999999996362,1.0800413817108978,4.271132641873897,4.0,1.0800413817108978,1788253458000-632578958264631296-919290820798971904,,,,,
1079026604165824512,1788271484000-632578958264631296-1079026604165824512,1788271484000,1788272230000,1,4.611,0.76,6.067105263157894,632578958264631296,1788271484000,1079026604165824512,RJ47GA5876,746000,1788272230000,2.0075197919626855,4.611,0.1999999999998181,0.7604241636222293,6.063721039631107,4.699999999982538,0.49822341598440534,1788271484000-632578958264631296-1079026604165824512,,,,,
1405141042860130304,1788229008000-632578958264631296-1405141042860130304,1788229008000,1788231187000,1,4.604,4.385,1.0499429874572406,632578958264631296,1788229008000,1405141042860130304,NL01AJ7418,2179000,1788231187000,11.576448627238761,4.604,0.599999999999909,4.385018419408621,1.0499385771384995,4.7850000000034925,4.385018419408621,1788229008000-632578958264631296-1405141042860130304,,,,,
964169792938311680,1788254424000-632578958264631296-964169792938311680,1788254424000,1788255400000,1,4.597,2.362,1.9462320067739205,632578958264631296,1788254424000,964169792938311680,RJ47GA2728,976000,1788255400000,6.234603578823531,4.597,0.25,2.361592264705883,1.9465680289956908,4.75,2.361592264705883,1788254424000-632578958264631296-964169792938311680,,,,,
635414442816888832,1788232675000-632578958264631296-635414442816888832,1788232675000,1788233069000,1,4.578,1.583,2.8919772583701833,632578958264631296,1788232675000,635414442816888832,RJ47GA2707,394000,1788233069000,4.179783225483871,4.578,0.10615694444444444,1.5832512217741934,2.8915183749991913,,1.5832512217741934,1788232675000-632578958264631296-635414442816888832,,['900758004201160704'],,900758004201160704,
1385589109656911872,1788237965000-632578958264631296-1385589109656911872,1788237965000,1788239261000,1,4.57,1.101,4.150772025431427,632578958264631296,1788237965000,1385589109656911872,NL01AJ5693,1296000,1788239261000,2.906052179851568,4.57,0.34999999999990905,1.1007773408528667,4.151611620620051,4.625,1.1007773408528667,1788237965000-632578958264631296-1385589109656911872,,,,,
1083726423769743360,1788269774000-632578958264631296-1083726423769743360,1788269774000,1788270931000,1,4.565,1.796,2.541759465478842,632578958264631296,1788269774000,1083726423769743360,RJ47GA6331,1157000,1788270931000,4.7421134670625795,4.565,0.3000000000001819,1.7962551011600678,2.5413984890296515,4.800000000017462,1.7962551011600678,1788269774000-632578958264631296-1083726423769743360,,,,,
1050036904705130496,1788230152000-632578958264631296-1050036904705130496,1788230152000,1788231485000,1,4.553,1.296,3.513117283950617,632578958264631296,1788230152000,1050036904705130496,RJ47GA6244,1333000,1788231485000,3.4222357684066274,4.553,0.30277777777795967,1.2963014274267528,3.5123003829734394,4.5,1.2812963155826518,1788230152000-632578958264631296-1050036904705130496,,,,,
1062738572429230080,1788251587000-632578958264631296-1062738572429230080,1788251587000,1788253805000,1,4.546,3.764,1.2077577045696068,632578958264631296,1788251587000,1062738572429230080,RJ47GA5313,2218000,1788253805000,9.93730585630319,4.546,0.6000000000003638,3.7641310061754507,1.2077156699758356,4.7999999999883585,3.7641310061754503,1788251587000-632578958264631296-1062738572429230080,,,,,
964170762879500288,1788273267000-632578958264631296-964170762879500288,1788273267000,1788276057000,1,4.506,4.72,0.9546610169491526,632578958264631296,1788273267000,964170762879500288,RJ47GA4713,2790000,1788276057000,12.460509850976864,4.506,0.7000000000007276,4.719890095066994,0.9546832466945488,4.800000000046566,4.719890095066994,1788273267000-632578958264631296-964170762879500288,,,,,
787737136659955712,1788267591000-632578958264631296-787737136659955712,1788267591000,1788267941000,1,4.48,1.199,3.7364470391993327,632578958264631296,1788267591000,787737136659955712,RJ47GA3339,350000,1788267941000,3.16466755873016,4.48,0.09447222222222224,1.198737711640212,3.737264587989056,3.1000000000349246,1.198737711640212,1788267591000-632578958264631296-787737136659955712,,['900758004226326539'],,900758004226326539,
1499777554695847936,1788260812000-632578958264631296-1499777554695847936,1788260812000,1788261421000,1,4.473,2.908,1.5381705639614855,632578958264631296,1788260812000,1499777554695847936,NL01AK3108,609000,1788261421000,7.675854560701754,4.473,0.15000000000009095,2.9075206669324825,1.5384241463429194,4.375,2.9075206669324825,1788260812000-632578958264631296-1499777554695847936,,,,,
1090633180173565952,1788262357000-632578958264631296-1090633180173565952,1788262357000,1788263151000,1,4.47,1.328,3.365963855421686,632578958264631296,1788262357000,1090633180173565952,RJ47GA5829,794000,1788263151000,3.506910210338623,4.47,0.1500000000005457,1.3283750796737208,3.365013442662545,4.7000000000116415,1.3283750796737208,1788262357000-632578958264631296-1090633180173565952,,,,,
927189698663677952,1788246973000-632578958264631296-927189698663677952,1788246973000,1788247971000,1,4.466,4.555,0.9804610318331505,632578958264631296,1788246973000,927189698663677952,RJ47GA3520,998000,1788247971000,12.025736227735363,4.466,0.25,4.5552031165664255,0.9804173130629433,4.125,4.5552031165664255,1788246973000-632578958264631296-927189698663677952,,,,,
947104127047958528,1788255229000-632578958264631296-947104127047958528,1788255229000,1788255641000,1,4.466,1.355,3.2959409594095943,632578958264631296,1788255229000,947104127047958528,RJ47GA1393,412000,1788255641000,3.5784058196637805,4.466,0.0,1.355456749872644,3.294830322265625,,0.001,1788255229000-632578958264631296-947104127047958528,,,,,
1067775323560476672,1788234631000-632578958264631296-1067775323560476672,1788234631000,1788235115000,1,4.464,1.216,3.671052631578948,632578958264631296,1788234631000,1067775323560476672,RJ14GP9558,484000,1788235115000,3.2107958859649104,4.464,0.1000000000003638,1.2162105628654962,3.670417061238503,4.5,1.2162105628654962,1788234631000-632578958264631296-1067775323560476672,,,,,
1073278104413143040,1788274057000-632578958264631296-1073278104413143040,1788274057000,1788274528000,1,4.451,1.684,2.6431116389548692,632578958264631296,1788274057000,1073278104413143040,RJ47GA3367,471000,1788274528000,4.446744535630886,4.451,0.1000000000003638,1.6843729301632142,2.642526438351572,,1.6843729301632142,1788274057000-632578958264631296-1073278104413143040,,,,,
1501933902321680384,1788271647000-632578958264631296-1501933902321680384,1788271647000,1788274366000,1,4.451,3.743,1.1891530857600854,632578958264631296,1788271647000,1501933902321680384,NL01AK3119,2719000,1788274366000,9.880405114735103,4.451,0.7000000000000455,3.7425776949754175,1.1892872674295236,4.75,3.7425776949754175,1788271647000-632578958264631296-1501933902321680384,,,,,
964169792938311680,1788250595000-632578958264631296-964169792938311680,1788250595000,1788251834000,1,4.434,1.846,2.401950162513543,632578958264631296,1788250595000,964169792938311680,RJ47GA2728,1239000,1788251834000,4.874118770256409,4.434,0.3000000000010914,1.8462571099456095,2.4016156666991115,4.25,1.8462571099456098,1788250595000-632578958264631296-964169792938311680,,,,,
787737136659955712,1788274185000-632578958264631296-787737136659955712,1788274185000,1788274576000,1,4.433,1.466,3.02387448840382,632578958264631296,1788274185000,787737136659955712,RJ47GA3339,391000,1788274576000,3.869449631484115,4.433,0.10111111111111111,1.4657006179864072,3.0244921408917023,4.099999999976717,1.4657006179864072,1788274185000-632578958264631296-787737136659955712,,['900758004226326539'],,900758004226326539,
1500145408670695424,1788270152000-632578958264631296-1500145408670695424,1788270152000,1788270780000,1,4.424,1.376,3.215116279069768,632578958264631296,1788270152000,1500145408670695424,NL01AK3125,628000,1788270780000,3.6313736221916257,4.424,0.09999999999990905,1.3755203114362218,3.2162374944363927,4.375,1.3755203114362218,1788270152000-632578958264631296-1500145408670695424,,,,,
1373358446576926720,1788253391000-632578958264631296-1373358446576926720,1788253391000,1788254569000,1,4.416,0.48,9.200000000000001,632578958264631296,1788253391000,1373358446576926720,HR26EQ4539,1178000,1788254569000,1.2680833444138095,4.416,0.31916666666711535,0.480334600156746,9.193591297730668,4.359000000025844,0.480334600156746,1788253391000-632578958264631296-1373358446576926720,,,,,
1071019405950844928,1788263532000-632578958264631296-1071019405950844928,1788263532000,1788266061000,1,4.411,1.732,2.5467667436489605,632578958264631296,1788263532000,1071019405950844928,RJ47GA4010,2529000,1788266061000,4.572373523153162,4.411,0.650000000000091,1.7319596678610463,2.5468260501975446,4.625,1.7319596678610463,1788263532000-632578958264631296-1071019405950844928,,,,,
787737136659955712,1788253346000-632578958264631296-787737136659955712,1788253346000,1788253916000,1,4.4,1.569,2.8043339706819634,632578958264631296,1788253346000,787737136659955712,RJ47GA3339,570000,1788253916000,4.142590191482873,4.400000000023283,0.15519888888888891,1.5691629513192702,2.804042751789413,4.400000000023283,1.5691629513192702,1788253346000-632578958264631296-787737136659955712,,['900758004226326539'],,900758004226326539,
1135630948969218048,1788234154000-632578958264631296-1135630948969218048,1788234154000,1788235418000,1,4.394,2.844,1.5450070323488045,632578958264631296,1788234154000,1135630948969218048,RJ47GA6252,1264000,1788235418000,7.507676613256997,4.394,0.3500000000003638,2.8438168989609838,1.5451065086522944,4.5,2.8438168989609838,1788234154000-632578958264631296-1135630948969218048,,,,,
939547788868321280,1788281469000-632578958264631296-939547788868321280,1788281469000,1788282142000,1,4.392,1.337,3.284966342557966,632578958264631296,1788281469000,939547788868321280,RJ14GH7603,673000,1788282142000,3.5287875603934284,4.392,0.0,1.3366619546944805,3.285797119140625,,0.001,1788281469000-632578958264631296-939547788868321280,,,,,
927171595435245568,1788234204000-632578958264631296-927171595435245568,1788234204000,1788234589000,1,4.347,1.737,2.5025906735751295,632578958264631296,1788234204000,927171595435245568,RJ47GA3670,385000,1788234589000,4.586929986969364,4.347,0.10244972222222223,1.7374734799126377,2.5019086911292443,3.25,1.7374734799126375,1788234204000-632578958264631296-927171595435245568,,,,,
1181865772805259264,1788258494000-632578958264631296-1181865772805259264,1788258494000,1788259861000,1,4.321,3.352,1.2890811455847255,632578958264631296,1788258494000,1181865772805259264,RJ47GA6388,1367000,1788259861000,8.848253980536727,4.321,0.3500000000003638,3.351611356263912,1.2892306239279123,4.5,3.351611356263912,1788258494000-632578958264631296-1181865772805259264,,,,,
1050037649940676608,1788240248000-632578958264631296-1050037649940676608,1788240248000,1788241955000,1,4.307,2.535,1.6990138067061145,632578958264631296,1788240248000,1050037649940676608,RJ47GA6280,1707000,1788241955000,6.691499560410505,4.307,0.4000000000005457,2.5346589243979185,1.6992424339787977,4.399999999994179,2.5346589243979185,1788240248000-632578958264631296-1050037649940676608,,,,,
1067775323560476672,1788240274000-632578958264631296-1067775323560476672,1788240274000,1788240904000,1,4.303,1.392,3.091235632183908,632578958264631296,1788240274000,1067775323560476672,RJ14GP9558,630000,1788240904000,3.6740190658295293,4.303,0.1499999999996362,1.3916738885717914,3.091960002508895,4.0,1.3916738885717914,1788240274000-632578958264631296-1067775323560476672,,,,,
1168836102002311168,1788242245000-632578958264631296-1168836102002311168,1788242245000,1788243447000,1,4.302,1.097,3.921604375569735,632578958264631296,1788242245000,1168836102002311168,RJ47GA2649,1202000,1788243447000,2.8967665555885107,4.302,0.3000000000010914,1.0972600589350419,3.9206749256647093,4.375,1.0972600589350419,1788242245000-632578958264631296-1168836102002311168,,,,,
870575606247456768,1788241557000-632578958264631296-870575606247456768,1788241557000,1788242640000,1,4.3,2.84,1.5140845070422535,632578958264631296,1788241557000,870575606247456768,RJ47GA4668,1083000,1788242640000,7.4987084821449645,4.2999999999883585,0.2999999999992724,2.8404198796003652,1.5138606904107959,4.2999999999883585,2.8404198796003652,1788241557000-632578958264631296-870575606247456768,,,,,0.0
878252193440858112,1788296292000-632578958264631296-878252193440858112,1788296292000,1788296975000,1,4.294,1.082,3.968576709796672,632578958264631296,1788296292000,878252193440858112,RJ47GA1999,683000,1788296975000,2.8574225385709515,4.294,0.1499999999996362,1.0823570221859664,3.9672676501212933,4.625,1.0823570221859664,1788296292000-632578958264631296-878252193440858112,,['900758004175994897'],,900758004175994897,
871764525957775360,1788227343000-632578958264631296-871764525957775360,1788227343000,1788227961000,1,4.292,1.743,2.4624211130235225,632578958264631296,1788227343000,871764525957775360,RJ47GA4671,618000,1788227961000,4.601873484640523,4.292,0.1000000000003638,1.7431338956971676,2.4622319665715704,3.599999999976717,1.7431338956971678,1788227343000-632578958264631296-871764525957775360,,,,,0.7359999999999974
1108703058243616768,1788259500000-632578958264631296-1108703058243616768,1788259500000,1788261508000,1,4.258,3.79,1.1234828496042217,632578958264631296,1788259500000,1108703058243616768,RJ47GA3358,2008000,1788261508000,10.004805536470293,4.258,0.5,3.7896990668448076,1.1235720633472583,4.25,3.7896990668448076,1788259500000-632578958264631296-1108703058243616768,,,,,
1536014543027699712,1788271959000-632578958264631296-1536014543027699712,1788271959000,1788272687000,1,4.251,1.219,3.487284659557014,632578958264631296,1788271959000,1536014543027699712,NL01AK8409,728000,1788272687000,3.217569026212541,4.251,0.14999999999997726,1.2187761462926292,3.487925172256638,4.364999999997963,1.2187761462926292,1788271959000-632578958264631296-1536014543027699712,,,,,
948575900767617024,1788246112000-632578958264631296-948575900767617024,1788246112000,1788246869000,1,4.245,1.61,2.6366459627329193,632578958264631296,1788246112000,948575900767617024,RJ47GA4678,757000,1788246869000,4.250743518749533,4.245,0.1499999999996362,1.6101301207384593,2.6364328853453793,4.2999999999883585,1.6101301207384593,1788246112000-632578958264631296-948575900767617024,,,,,
1132636093246603264,1788224683000-632578958264631296-1132636093246603264,1788224683000,1788225315000,1,4.216,2.51,1.6796812749003986,632578958264631296,1788224683000,1132636093246603264,NL01AJ4206,632000,1788225315000,6.625236102948721,4.216,0.1499999999996362,2.5095591299048183,1.6799763551137779,4.25,2.5095591299048183,1788224683000-632578958264631296-1132636093246603264,,,,,
952162532812914688,1788264967000-632578958264631296-952162532812914688,1788264967000,1788265905000,1,4.206,1.967,2.1382816471784443,632578958264631296,1788264967000,952162532812914688,RJ47GA4523,938000,1788265905000,5.19205361834967,4.206,0.0,1.966686976647602,2.138621982014399,4.25,1.9666869766476023,1788264967000-632578958264631296-952162532812914688,,,,,
947925198747729920,1788265137000-632578958264631296-947925198747729920,1788265137000,1788266105000,1,4.203,2.092,2.0090822179732313,632578958264631296,1788265137000,947925198747729920,RJ47GA3426,968000,1788266105000,5.5240953557648105,4.203,0.25,2.092460362032125,2.008640199959722,4.25,2.092460362032125,1788265137000-632578958264631296-947925198747729920,,,,,
1536014618822967296,1788252080000-632578958264631296-1536014618822967296,1788252080000,1788253025000,1,4.199,2.837,1.4800845964046527,632578958264631296,1788252080000,1536014618822967296,NL01AK9203,945000,1788253025000,7.490598628254881,4.199,0.20000000000004547,2.837347965248061,1.4799030825367567,4.059999999997672,2.837347965248061,1788252080000-632578958264631296-1536014618822967296,,,,,
1422205425331208192,1788235781000-632578958264631296-1422205425331208192,1788235781000,1788236348000,1,4.172,2.522,1.654242664551943,632578958264631296,1788235781000,1422205425331208192,NL01AJ9003,567000,1788236348000,6.657845540738228,4.172,0.09999999999990905,2.5219111896735713,1.6543009195101794,3.75,2.5219111896735713,1788235781000-632578958264631296-1422205425331208192,,,,,
1134878026966761472,1788231106000-632578958264631296-1134878026966761472,1788231106000,1788231648000,1,4.171,0.815,5.117791411042946,632578958264631296,1788231106000,1134878026966761472,RJ47GA6213,542000,1788231648000,2.1523909703332658,4.171,0.09504527777777777,0.8152996099747218,5.115910701992512,,0.6972792596618358,1788231106000-632578958264631296-1134878026966761472,,,,,
1083727986517082112,1788252211000-632578958264631296-1083727986517082112,1788252211000,1788253177000,1,4.155,2.88,1.4427083333333335,632578958264631296,1788252211000,1083727986517082112,RJ47GA6315,966000,1788253177000,7.601895252100839,4.155,0.1999999999998181,2.8795057773109236,1.4429559519343,4.300000000017462,2.8795057773109236,1788252211000-632578958264631296-1083727986517082112,,,,,
1462138758710165504,1788229371000-632578958264631296-1462138758710165504,1788229371000,1788229937000,1,4.152,1.565,2.6530351437699684,632578958264631296,1788229371000,1462138758710165504,RJ14GQ0822,566000,1788229937000,4.131019018508726,4.152,0.0999999999994543,1.5647799312533053,2.653408263406388,3.5,1.5647799312533053,1788229371000-632578958264631296-1462138758710165504,,,,,
1501933902321680384,1788267419000-632578958264631296-1501933902321680384,1788267419000,1788270952000,1,4.147,4.283,0.9682465561522298,632578958264631296,1788267419000,1501933902321680384,NL01AK3119,3533000,1788270952000,11.306530371825303,4.147,0.9500000000000455,4.282776655994433,0.96829704957778,4.375,4.282776655994433,1788267419000-632578958264631296-1501933902321680384,,,,,
1065304732634972160,1788223281000-632578958264631296-1065304732634972160,1788223281000,1788225668000,1,4.125,3.246,1.2707948243992606,632578958264631296,1788223281000,1065304732634972160,RJ47GA4006,2387000,1788225668000,8.569701696125152,4.125,0.6499999999996362,3.2460991273201336,1.2707560176714185,4.125,3.2460991273201336,1788223281000-632578958264631296-1065304732634972160,,,,,
1464283595349688320,1788247091000-632578958264631296-1464283595349688320,1788247091000,1788247801000,1,4.1,3.475,1.1798561151079134,632578958264631296,1788247091000,1464283595349688320,NL01AK1961,710000,1788247801000,9.174799845277777,4.1,0.1999999999998181,3.4753029716961272,1.1797532570229374,4.125,3.4753029716961277,1788247091000-632578958264631296-1464283595349688320,,,,,
874363612666265600,1788229784000-632578958264631296-874363612666265600,1788229784000,1788230251000,1,4.079,1.031,3.95635305528613,632578958264631296,1788229784000,874363612666265600,RJ47GA1973,467000,1788230251000,2.7208964184397177,4.079,0.0,1.0306425827423173,3.957725081712286,3.625,1.0306425827423173,1788229784000-632578958264631296-874363612666265600,,['900758004175994887'],,900758004175994887,
942469061864849408,1788268876000-632578958264631296-942469061864849408,1788268876000,1788271067000,1,4.073,3.792,1.0741033755274263,632578958264631296,1788268876000,942469061864849408,RJ47GA3637,2191000,1788271067000,10.010531339430534,4.073,0.6000000000003638,3.791867931602475,1.074140785878773,3.5,3.791867931602475,1788268876000-632578958264631296-942469061864849408,,,,,
1536014577374855168,1788255519000-632578958264631296-1536014577374855168,1788255519000,1788256637000,1,4.069,2.279,1.785432207108381,632578958264631296,1788255519000,1536014577374855168,NL01AK9194,1118000,1788256637000,6.016014325362558,4.069,0.25,2.278793305061575,1.7855941523797183,4.204999999998108,2.278793305061575,1788255519000-632578958264631296-1536014577374855168,,,,,
869954569466019840,1788234702000-632578958264631296-869954569466019840,1788234702000,1788235385000,1,4.069,1.269,3.206461780929866,632578958264631296,1788234702000,869954569466019840,RJ47GA1979,683000,1788235385000,3.350850920381526,4.069,0.1500000000014552,1.2692617122657295,3.2058006325082657,4.5,1.2692617122657295,1788234702000-632578958264631296-869954569466019840,,['900758004175994893'],,900758004175994893,
878252193440858112,1788231856000-632578958264631296-878252193440858112,1788231856000,1788233406000,1,4.067,2.288,1.7775349650349652,632578958264631296,1788231856000,878252193440858112,RJ47GA1999,1550000,1788233406000,6.040418649002741,4.067,0.3500000000003638,2.288037367046493,1.7775059352504705,4.5,2.288037367046493,1788231856000-632578958264631296-878252193440858112,,['900758004175994897'],,900758004175994897,
1389243594644127744,1788274529000-632578958264631296-1389243594644127744,1788274529000,1788275095000,1,4.064,3.272,1.2420537897310515,632578958264631296,1788274529000,1389243594644127744,NL01AJ6142,566000,1788275095000,8.637553992118647,4.064,0.15000000000009095,3.271800754590396,1.2421294280521618,3.375,3.271800754590396,1788274529000-632578958264631296-1389243594644127744,,,,,
1545824482457812992,1788255516000-632578958264631296-1545824482457812992,1788255516000,1788256481000,1,4.059,2.308,1.7586655112651648,632578958264631296,1788255516000,1545824482457812992,NL01AK8869,965000,1788256481000,6.093108583324847,4.059,0.25,2.307995675501836,1.7586688064818135,4.169999999998254,2.307995675501836,1788255516000-632578958264631296-1545824482457812992,,,,,
1067775149379420160,1788263112000-632578958264631296-1067775149379420160,1788263112000,1788264032000,1,4.055,2.131,1.9028625058657909,632578958264631296,1788263112000,1067775149379420160,RJ14GN1580,920000,1788264032000,5.626112217278372,4.055,0.1999999999998181,2.131103112605444,1.9027704365944254,4.2000000000116415,2.131103112605444,1788263112000-632578958264631296-1067775149379420160,,,,,
787737136659955712,1788239366000-632578958264631296-787737136659955712,1788239366000,1788239668000,1,4.044,0.965,4.190673575129534,632578958264631296,1788239366000,787737136659955712,RJ47GA3339,302000,1788239668000,2.5480563939195404,4.044,0.08072222222222222,0.9651728764846743,4.1899229646081055,,0.9651728764846744,1788239366000-632578958264631296-787737136659955712,,['900758004226326539'],,900758004226326539,
902974583798235136,1788275560000-632578958264631296-902974583798235136,1788275560000,1788276449000,1,4.041,0.923,4.378114842903575,632578958264631296,1788275560000,902974583798235136,RJ47GA2140,889000,1788276449000,2.4369726755855856,4.041,0.1999999999989086,0.9230957104490853,4.37766090152673,2.625,0.9230957104490852,1788275560000-632578958264631296-902974583798235136,,,,,
1175796546902425600,1788237549000-632578958264631296-1175796546902425600,1788237549000,1788238041000,1,4.032,1.973,2.043588443993918,632578958264631296,1788237549000,1175796546902425600,RJ47GA6338,492000,1788238041000,5.20770764240678,4.032,0.1000000000003638,1.9726165312146893,2.043985709435981,3.8999999999941792,1.972616531214689,1788237549000-632578958264631296-1175796546902425600,,,,,
1132636093246603264,1788233764000-632578958264631296-1132636093246603264,1788233764000,1788234097000,1,4.031,1.22,3.3040983606557375,632578958264631296,1788233764000,1132636093246603264,NL01AJ4206,333000,1788234097000,3.2198684753015874,4.031,0.08995472222222221,1.2196471497354497,3.305054253498114,2.875,1.2196471497354497,1788233764000-632578958264631296-1132636093246603264,,,,,
798605218047590400,1788279073000-632578958264631296-798605218047590400,1788279073000,1788280396000,1,4.026,2.497,1.6123348017621146,632578958264631296,1788279073000,798605218047590400,RJ47GA3110,1323000,1788280396000,6.591543136138207,4.026,0.2999999999992724,2.4967966424765935,1.6124661221935066,4.599999999976717,2.4967966424765935,1788279073000-632578958264631296-798605218047590400,,['900758004205355021'],,900758004205355021,
1488156307717357568,1788301025000-632578958264631296-1488156307717357568,1788301025000,1788301598000,1,4.017,0.945,4.250793650793652,632578958264631296,1788301025000,1488156307717357568,NL01AK3104,573000,1788301598000,2.494599498419344,4.017,0.10000000000013642,0.9449240524315696,4.251135305174071,4.25,0.9449240524315697,1788301025000-632578958264631296-1488156307717357568,,,,,
873104331912511488,1788260711000-632578958264631296-873104331912511488,1788260711000,1788261475000,1,3.999,1.124,3.557829181494662,632578958264631296,1788260711000,873104331912511488,RJ14GN0768,764000,1788261475000,2.9682694698355108,3.999,0.1738888888888889,1.1243444961498146,3.5567390721385705,3.7999999999883585,1.1243444961498146,1788260711000-632578958264631296-873104331912511488,,,,,0.0
939547788868321280,1788282148000-632578958264631296-939547788868321280,1788282148000,1788282651000,1,3.998,1.235,3.237246963562753,632578958264631296,1788282148000,939547788868321280,RJ14GH7603,503000,1788282651000,3.2599423615130125,3.998,0.0,1.2348266520882623,3.237701416015625,,0.001,1788282148000-632578958264631296-939547788868321280,,,,,
635414442816888832,1788249057000-632578958264631296-635414442816888832,1788249057000,1788249356000,1,3.968,1.115,3.558744394618834,632578958264631296,1788249057000,635414442816888832,RJ47GA2707,299000,1788249356000,2.943704475555556,3.968,0.0,1.1150395740740742,3.5586180905686837,,1.1150395740740742,1788249057000-632578958264631296-635414442816888832,,['900758004201160704'],,900758004201160704,
1056588446363025408,1788232233000-632578958264631296-1056588446363025408,1788232233000,1788232572000,1,3.961,1.138,3.4806678383128298,632578958264631296,1788232233000,1056588446363025408,RJ47GA3530,339000,1788232572000,3.004355059538462,3.961,0.0895,1.1380132801282052,3.4806272204079773,3.75,1.1380132801282052,1788232233000-632578958264631296-1056588446363025408,,,,,
1500491887742550016,1788220802000-632578958264631296-1500491887742550016,1788220802000,1788221854000,1,3.955,1.288,3.0706521739130435,632578958264631296,1788220802000,1500491887742550016,NL01AK3121,1052000,1788221854000,3.3997609451165154,3.955,0.2999999999999545,1.2877882367865587,3.071157110325051,4.125,1.2877882367865587,1788220802000-632578958264631296-1500491887742550016,,,,,
964170762879500288,1788267438000-632578958264631296-964170762879500288,1788267438000,1788269429000,1,3.947,3.77,1.046949602122016,632578958264631296,1788267438000,964170762879500288,RJ47GA4713,1991000,1788269429000,9.952508355148918,3.947,0.5,3.769889528465499,1.0469802815698401,3.900000000023283,3.769889528465499,1788267438000-632578958264631296-964170762879500288,,,,,
1211337321434054656,1788257004000-632578958264631296-1211337321434054656,1788257004000,1788258231000,1,3.938,2.577,1.5281334885525806,632578958264631296,1788257004000,1211337321434054656,RJ47GA3107,1227000,1788258231000,6.804000323356557,3.938,0.29999999999972715,2.5772728497562714,1.527971708689055,4.5,2.5772728497562714,1788257004000-632578958264631296-1211337321434054656,,,,,
902974583798235136,1788253021000-632578958264631296-902974583798235136,1788253021000,1788253633000,1,3.917,1.383,2.8322487346348515,632578958264631296,1788253021000,902974583798235136,RJ47GA2140,612000,1788253633000,3.6515491055735745,3.917,0.1499999999996362,1.3831625399899903,2.83191590774888,2.625,1.3831625399899903,1788253021000-632578958264631296-902974583798235136,,,,,
916722872880201728,1788262017000-632578958264631296-916722872880201728,1788262017000,1788263295000,1,3.909,1.711,2.2846288720046752,632578958264631296,1788262017000,916722872880201728,RJ47GA2142,1278000,1788263295000,4.516306973573762,3.909,0.3500000000003638,1.71072233847491,2.284999682347534,4.125,1.71072233847491,1788262017000-632578958264631296-916722872880201728,,,,,
1108703058243616768,1788271026000-632578958264631296-1108703058243616768,1788271026000,1788272030000,1,3.877,2.617,1.4814673290026747,632578958264631296,1788271026000,1108703058243616768,RJ47GA3358,1004000,1788272030000,6.909214288048551,3.877,0.25,2.6171266242608144,1.4813956512688897,3.75,2.6171266242608144,1788271026000-632578958264631296-1108703058243616768,,,,,
871764525957775360,1788240268000-632578958264631296-871764525957775360,1788240268000,1788241336000,1,3.812,1.617,2.357452071737786,632578958264631296,1788240268000,871764525957775360,RJ47GA4671,1068000,1788241336000,4.268765641063949,3.812,0.2999999999992724,1.6169566822211927,2.357515227163355,3.900000000023283,1.6169566822211927,1788240268000-632578958264631296-871764525957775360,,,,,0.0
1132636093246603264,1788228658000-632578958264631296-1132636093246603264,1788228658000,1788228991000,1,3.807,1.381,2.7566980448950034,632578958264631296,1788228658000,1132636093246603264,NL01AJ4206,333000,1788228991000,3.645676422142858,3.807,0.09000000000000001,1.3809380386904764,2.7568217351809086,2.75,1.3809380386904764,1788228658000-632578958264631296-1132636093246603264,,,,,
1087441747748847616,1788230921000-632578958264631296-1087441747748847616,1788230921000,1788232219000,1,3.794,2.606,1.4558710667689947,632578958264631296,1788230921000,1087441747748847616,RJ47GA5906,1298000,1788232219000,6.880234752248997,3.794,0.3000000000001819,2.606149527367044,1.4557875364246748,4.0,2.606149527367044,1788230921000-632578958264631296-1087441747748847616,,,,,
1475452919183572992,1788260967000-632578958264631296-1475452919183572992,1788260967000,1788261480000,1,3.783,1.862,2.031686358754028,632578958264631296,1788260967000,1475452919183572992,NL01AK3038,513000,1788261480000,4.9158159578431375,3.783,0.13416666666666668,1.8620514991830066,2.03163016794102,3.75,1.8620514991830068,1788260967000-632578958264631296-1475452919183572992,,,,,
1422205318414204928,1788235314000-632578958264631296-1422205318414204928,1788235314000,1788236140000,1,3.767,2.087,1.8049832295160515,632578958264631296,1788235314000,1422205318414204928,NL01AJ9002,826000,1788236140000,5.509875169148037,3.767,0.1999999999998181,2.0870739277075896,1.8049192939406875,3.875,2.0870739277075896,1788235314000-632578958264631296-1422205318414204928,,,,,
873821465244336128,1788263477000-632578958264631296-873821465244336128,1788263477000,1788263998000,1,3.745,0.95,3.9421052631578952,632578958264631296,1788263477000,873821465244336128,RJ14GN1590,521000,1788263998000,2.5073971220718465,3.745,0.11965277777777777,0.9497716371484266,3.9430531019476485,3.900000000023283,0.9497716371484266,1788263477000-632578958264631296-873821465244336128,,,,,0.0
1079095062366781440,1788223773000-632578958264631296-1079095062366781440,1788223773000,1788224971000,1,3.734,2.745,1.3602914389799634,632578958264631296,1788223773000,1079095062366781440,RJ47GA3439,1198000,1788224971000,7.246495382948717,3.734,0.2999999999992724,2.7448846147533015,1.3603486208237558,3.125,2.7448846147533015,1788223773000-632578958264631296-1079095062366781440,,,,,
1113518928358801408,1788263086000-632578958264631296-1113518928358801408,1788263086000,1788263430000,1,3.728,1.435,2.5979094076655054,632578958264631296,1788263086000,1113518928358801408,RJ47GA3896,344000,1788263430000,3.7874535599999994,3.728,0.09111111111111111,1.4346414999999997,2.5985585946036003,3.375,1.4346414999999997,1788263086000-632578958264631296-1113518928358801408,,,,,
1211337321434054656,1788275409000-632578958264631296-1211337321434054656,1788275409000,1788276197000,1,3.727,1.303,2.8603223330775136,632578958264631296,1788275409000,1211337321434054656,RJ47GA3107,788000,1788276197000,3.4402613927891394,3.727,0.20000000000027285,1.3031293154504315,2.860038490279645,3.599999999976717,1.3031293154504315,1788275409000-632578958264631296-1211337321434054656,,,,,
1074385452921782272,1788231338000-632578958264631296-1074385452921782272,1788231338000,1788231838000,1,3.726,1.643,2.267802799756543,632578958264631296,1788231338000,1074385452921782272,RJ47GA5841,500000,1788231838000,4.336575615124836,3.726,0.1000000000003638,1.6426422784563774,2.268296663775995,3.194999999977881,1.6426422784563774,1788231338000-632578958264631296-1074385452921782272,,,,,
1082360641819246592,1788263473000-632578958264631296-1082360641819246592,1788263473000,1788264034000,1,3.718,0.729,5.100137174211248,632578958264631296,1788263473000,1082360641819246592,RJ47GA5736,561000,1788264034000,1.9241223611111125,3.718,0.1000000000003638,0.7288342276936032,5.101297193143104,3.7000000000116415,0.7288342276936032,1788263473000-632578958264631296-1082360641819246592,,,,,
1083727772540469248,1788251414000-632578958264631296-1083727772540469248,1788251414000,1788251998000,1,3.709,1.25,2.9672,632578958264631296,1788251414000,1083727772540469248,RJ47GA6357,584000,1788251998000,3.3005039703077736,3.709,0.1500000000005457,1.2501908978438536,2.9667469235272317,3.7999999999883585,1.2501908978438536,1788251414000-632578958264631296-1083727772540469248,,,,,
931938734016823296,1788271321000-632578958264631296-931938734016823296,1788271321000,1788272477000,1,3.7,2.406,1.5378221113881962,632578958264631296,1788271321000,931938734016823296,RJ14GN0975,1156000,1788272477000,6.351914782502125,3.7000000000116415,0.2000000000007276,2.4060283267053504,1.5378040062720986,3.7000000000116415,2.4060283267053504,1788271321000-632578958264631296-931938734016823296,,,,,
1067771070980816896,1788266522000-632578958264631296-1067771070980816896,1788266522000,1788267239000,1,3.696,1.035,3.5710144927536236,632578958264631296,1788266522000,1067771070980816896,RJ47GA3902,717000,1788267239000,2.7330131301436786,3.696,0.1500000000014552,1.0352322462665449,3.570213363551253,3.625,1.0352322462665449,1788266522000-632578958264631296-1067771070980816896,,,,,
1525559056574447616,1788269506000-632578958264631296-1525559056574447616,1788269506000,1788269960000,1,3.696,1.285,2.876264591439689,632578958264631296,1788269506000,1525559056574447616,NL01AK6560,454000,1788269960000,3.392858534476191,3.696,0.08692027777777778,1.2851736873015873,2.8758758730582947,2.75,1.2851736873015873,1788269506000-632578958264631296-1525559056574447616,,,,,
947104127047958528,1788254303000-632578958264631296-947104127047958528,1788254303000,1788254677000,1,3.694,1.154,3.20103986135182,632578958264631296,1788254303000,947104127047958528,RJ47GA1393,374000,1788254677000,3.046986268485941,3.694,0.0,1.1541614653355836,3.200592041015625,,0.001,1788254303000-632578958264631296-947104127047958528,,,,,
1045646209449984000,1788256328000-632578958264631296-1045646209449984000,1788256328000,1788257583000,1,3.688,1.686,2.187425860023725,632578958264631296,1788256328000,1045646209449984000,RJ47GA3764,1255000,1788257583000,4.451741216890266,3.688,0.2999999999992724,1.686265612458434,2.1870813072106743,3.875,1.686265612458434,1788256328000-632578958264631296-1045646209449984000,,,,,
869954569466019840,1788281687000-632578958264631296-869954569466019840,1788281687000,1788282732000,1,3.669,2.271,1.6155878467635403,632578958264631296,1788281687000,869954569466019840,RJ47GA1979,1045000,1788282732000,5.99432083345632,3.669,0.25,2.270576073278909,1.6158894842495393,4.0,2.270576073278909,1788281687000-632578958264631296-869954569466019840,,['900758004175994893'],,900758004175994893,
635414442816888832,1788241238000-632578958264631296-635414442816888832,1788241238000,1788241637000,1,3.666,1.103,3.3236627379873074,632578958264631296,1788241238000,635414442816888832,RJ47GA2707,399000,1788241637000,2.911595899142858,3.666,0.10740694444444446,1.1028772345238098,3.324032707577713,,1.1028772345238098,1788241238000-632578958264631296-635414442816888832,,['900758004201160704'],,900758004201160704,
1060533930890887168,1788281460000-632578958264631296-1060533930890887168,1788281460000,1788282364000,1,3.665,1.425,2.5719298245614035,632578958264631296,1788281460000,1060533930890887168,RJ47GA5615,904000,1788282364000,3.763121652782606,3.665,0.2000000000007276,1.4254248684782598,2.5711632237149353,3.7999999999883585,1.4254248684782598,1788281460000-632578958264631296-1060533930890887168,,,,,
932302785804763136,1788265968000-632578958264631296-932302785804763136,1788265968000,1788266437000,1,3.663,1.177,3.11214953271028,632578958264631296,1788265968000,932302785804763136,RJ47GA4681,469000,1788266437000,3.106383309623353,3.663,0.0,1.1766603445543002,3.1130478875681704,3.5,1.1766603445543002,1788265968000-632578958264631296-932302785804763136,,,,,
944574346884546560,1788282489000-632578958264631296-944574346884546560,1788282489000,1788283367000,1,3.659,1.932,1.8938923395445135,632578958264631296,1788282489000,944574346884546560,RJ47GA3355,878000,1788283367000,5.1015134767277175,3.659,0.1999999999989086,1.9323914684574688,1.893508670332102,3.625,1.9323914684574688,1788282489000-632578958264631296-944574346884546560,,,,,
1113518928358801408,1788261471000-632578958264631296-1113518928358801408,1788261471000,1788261758000,1,3.656,1.276,2.865203761755486,632578958264631296,1788261471000,1113518928358801408,RJ47GA3896,287000,1788261758000,3.367561808532212,3.656,0.07754527777777778,1.2755915941409894,2.866121113366248,2.5,1.2755915941409894,1788261471000-632578958264631296-1113518928358801408,,,,,
1067771070980816896,1788258907000-632578958264631296-1067771070980816896,1788258907000,1788259855000,1,3.654,2.823,1.2943676939426143,632578958264631296,1788258907000,1067771070980816896,RJ47GA3902,948000,1788259855000,7.453420250727974,3.654,0.25,2.823265246487869,1.2942460877686084,3.5,2.8232652464878685,1788258907000-632578958264631296-1067771070980816896,,,,,
800361869549240320,1788228500000-632578958264631296-800361869549240320,1788228500000,1788230169000,1,3.65,1.286,2.838258164852255,632578958264631296,1788228500000,800361869549240320,RJ47GA3066,1669000,1788230169000,3.395812189294814,3.65,0.3999999999996362,1.2862924959450053,2.8376127603220143,4.0,1.2862924959450053,1788228500000-632578958264631296-800361869549240320,,['900758004201160712'],,900758004201160712,
970288452387995648,1788250186000-632578958264631296-970288452387995648,1788250186000,1788250609000,1,3.65,1.434,2.5453277545327757,632578958264631296,1788250186000,970288452387995648,RJ47GA3399,423000,1788250609000,3.7857366564734694,3.65,0.1123611111111111,1.4339911577551019,2.545343449477078,2.25,1.4339911577551019,1788250186000-632578958264631296-970288452387995648,,,,,
1073278104413143040,1788224908000-632578958264631296-1073278104413143040,1788224908000,1788225522000,1,3.62,1.778,2.03599550056243,632578958264631296,1788224908000,1073278104413143040,RJ47GA3367,614000,1788225522000,4.692953617464789,3.62,0.09999999999854481,1.7776339460093897,2.036414756888806,,1.7776339460093897,1788224908000-632578958264631296-1073278104413143040,,,,,
927171595435245568,1788241536000-632578958264631296-927171595435245568,1788241536000,1788242028000,1,3.608,1.584,2.2777777777777777,632578958264631296,1788241536000,927171595435245568,RJ47GA3670,492000,1788242028000,4.181432672913579,3.608,0.1306825,1.5838760124672648,2.2779560846935736,2.75,1.5838760124672646,1788241536000-632578958264631296-927171595435245568,,,,,
792451319469178880,1788239415000-632578958264631296-792451319469178880,1788239415000,1788239832000,1,3.604,1.277,2.822239624119029,632578958264631296,1788239415000,792451319469178880,RJ47GA3115,417000,1788239832000,3.370542602166668,3.604,0.11157388888888889,1.2767206826388893,2.8228570657685226,3.2000000000116415,1.2767206826388893,1788239415000-632578958264631296-792451319469178880,,['900758004209549321'],,900758004209549321,
1132636093246603264,1788234327000-632578958264631296-1132636093246603264,1788234327000,1788234775000,1,3.594,2.453,1.465144720750102,632578958264631296,1788234327000,1132636093246603264,NL01AJ4206,448000,1788234775000,6.477175844255322,3.594,0.12192027777777778,2.453475698581561,1.4648606473167087,2.75,2.453475698581561,1788234327000-632578958264631296-1132636093246603264,,,,,
927189698663677952,1788242815000-632578958264631296-927189698663677952,1788242815000,1788243281000,1,3.591,1.743,2.0602409638554215,632578958264631296,1788242815000,927189698663677952,RJ47GA3520,466000,1788243281000,4.601393839097745,3.591,0.125,1.7429522117794487,2.060297451491115,3.25,1.7429522117794485,1788242815000-632578958264631296-927189698663677952,,,,,
1187402009754468352,1788266604000-632578958264631296-1187402009754468352,1788266604000,1788277986000,1,3.587,2.002,1.791708291708292,632578958264631296,1788266604000,1187402009754468352,RJ47GA6476,11382000,1788277986000,5.2858201302898555,3.587,0.0735175,2.0022045948067633,1.791525206416874,,2.0022045948067633,1788266604000-632578958264631296-1187402009754468352,"{'confidence': None, 'count': None, 'error_code': 'RANSAC_TOO_FEW_POCKETS', 'flags': {'alta-status': 'present', 'alta_partial': False, 'gps_dup_rows_count': 0}, 'load_class': None, 'mean': None, 'std': None, 'timestamp': 1788337035955}",,,,
787737136659955712,1788242598000-632578958264631296-787737136659955712,1788242598000,1788242894000,1,3.576,1.357,2.6352247605011057,632578958264631296,1788242598000,787737136659955712,RJ47GA3339,296000,1788242894000,3.583521726371101,3.576,0.07805555555555556,1.3573945933223865,2.634458703159639,3.099999999976717,1.3573945933223865,1788242598000-632578958264631296-787737136659955712,,['900758004226326539'],,900758004226326539,
635414442816888832,1788237043000-632578958264631296-635414442816888832,1788237043000,1788237415000,1,3.571,1.111,3.2142214221422143,632578958264631296,1788237043000,635414442816888832,RJ47GA2707,372000,1788237415000,2.9317218778390814,3.571,0.09481472222222223,1.1105007113026824,3.215666558025891,,1.1105007113026824,1788237043000-632578958264631296-635414442816888832,,['900758004201160704'],,900758004201160704,
1389243594644127744,1788275211000-632578958264631296-1389243594644127744,1788275211000,1788275821000,1,3.569,0.634,5.629337539432177,632578958264631296,1788275211000,1389243594644127744,NL01AJ6142,610000,1788275821000,1.6738042776301576,3.569,0.09999999999990905,0.6340167718296051,5.629188624933072,3.375,0.5380366388888888,1788275211000-632578958264631296-1389243594644127744,,,,,
1142833661045899264,1788240204000-632578958264631296-1142833661045899264,1788240204000,1788240955000,1,3.56,1.295,2.7490347490347493,632578958264631296,1788240204000,1142833661045899264,RJ47GA6293,751000,1788240955000,3.4200177722649925,3.56,0.1500000000005457,1.2954612773731031,2.748055894977316,3.7000000000116415,1.2954612773731031,1788240204000-632578958264631296-1142833661045899264,,,,,
1373358446576926720,1788259474000-632578958264631296-1373358446576926720,1788259474000,1788260385000,1,3.555,0.333,10.675675675675675,632578958264631296,1788259474000,1373358446576926720,HR26EQ4539,911000,1788260385000,0.8781537205110475,3.555,0.2405555555560568,0.33263398504206343,10.687422692394016,3.5199999999895226,0.33263398504206343,1788259474000-632578958264631296-1373358446576926720,,,,,
1373358446576926720,1788231395000-632578958264631296-1373358446576926720,1788231395000,1788231939000,1,3.507,0.302,11.612582781456954,632578958264631296,1788231395000,1373358446576926720,HR26EQ4539,544000,1788231939000,0.7962231325902858,3.507,0.1452777777776646,0.3015996714357143,11.627996752468325,3.4899999999906868,0.3015996714357143,1788231395000-632578958264631296-1373358446576926720,,,,,
635414442816888832,1788240405000-632578958264631296-635414442816888832,1788240405000,1788240675000,1,3.507,0.902,3.888026607538803,632578958264631296,1788240405000,635414442816888832,RJ47GA2707,270000,1788240675000,2.3800620690476193,3.507,0.07055555555555555,0.9015386625180375,3.8900161976468026,,0.9015386625180375,1788240405000-632578958264631296-635414442816888832,,['900758004201160704'],,900758004201160704,
1373358446576926720,1788232350000-632578958264631296-1373358446576926720,1788232350000,1788232859000,1,3.502,0.323,10.842105263157894,632578958264631296,1788232350000,1373358446576926720,HR26EQ4539,509000,1788232859000,0.8516478063761906,3.502,0.13583333333372138,0.32259386605158735,10.855755079484307,3.488000000012107,0.32259386605158735,1788232350000-632578958264631296-1373358446576926720,,,,,
1465365829724930048,1788260310000-632578958264631296-1465365829724930048,1788260310000,1788260758000,1,3.498,1.268,2.7586750788643535,632578958264631296,1788260310000,1465365829724930048,RJ14GQ0815,448000,1788260758000,3.347919187604354,3.498,0.1000000000003638,1.2681512074258916,2.758346149510264,3.599999999976717,1.2681512074258916,1788260310000-632578958264631296-1465365829724930048,,,,,
1073277847704961024,1788271530000-632578958264631296-1073277847704961024,1788271530000,1788272562000,1,3.493,2.108,1.657020872865275,632578958264631296,1788271530000,1073277847704961024,RJ47GA3542,1032000,1788272562000,5.565647439767444,3.493,0.25,2.1081997877906984,1.6568638419513892,3.75,2.1081997877906984,1788271530000-632578958264631296-1073277847704961024,,,,,
927171595435245568,1788222527000-632578958264631296-927171595435245568,1788222527000,1788222819000,1,3.493,1.057,3.304635761589404,632578958264631296,1788222527000,927171595435245568,RJ47GA3670,292000,1788222819000,2.7908794903623186,3.493,0.0,1.0571513221069389,3.304162731441636,,1.0571513221069389,1788222527000-632578958264631296-927171595435245568,,,,,
927171595435245568,1788237578000-632578958264631296-927171595435245568,1788237578000,1788237826000,1,3.453,0.859,4.019790454016298,632578958264631296,1788237578000,927171595435245568,RJ47GA3670,248000,1788237826000,2.267676972488889,3.453,0.0,0.8589685501851853,4.019937632472768,2.875,0.8589685501851853,1788237578000-632578958264631296-927171595435245568,,,,,
1046837731746906112,1788267271000-632578958264631296-1046837731746906112,1788267271000,1788268333000,1,3.445,1.425,2.4175438596491228,632578958264631296,1788267271000,1046837731746906112,RJ47GA3359,1062000,1788268333000,3.762080552363743,3.445,0.25,1.4250305122589935,2.4174920960386324,3.375,1.4250305122589932,1788267271000-632578958264631296-1046837731746906112,,,,,
787737136659955712,1788243028000-632578958264631296-787737136659955712,1788243028000,1788243293000,1,3.437,0.56,6.137499999999999,632578958264631296,1788243028000,787737136659955712,RJ47GA3339,265000,1788243293000,1.477807721909501,3.437,0.06222222222222222,0.5597756522384473,6.139959796850798,3.1000000000349246,0.46810182340277773,1788243028000-632578958264631296-787737136659955712,,['900758004226326539'],,900758004226326539,
1385589109656911872,1788239663000-632578958264631296-1385589109656911872,1788239663000,1788241467000,1,3.435,1.241,2.7679290894439967,632578958264631296,1788239663000,1385589109656911872,NL01AJ5693,1804000,1788241467000,3.2750413350152763,3.435,0.40000000000009095,1.240545960233059,2.768942151369122,3.875,1.240545960233059,1788239663000-632578958264631296-1385589109656911872,,,,,
927171595435245568,1788221856000-632578958264631296-927171595435245568,1788221856000,1788222141000,1,3.433,1.617,2.1230674087816945,632578958264631296,1788221856000,927171595435245568,RJ47GA3670,285000,1788222141000,4.268820229390681,3.433,0.0,1.6169773596176824,2.123097135269536,2.625,1.6169773596176824,1788221856000-632578958264631296-927171595435245568,,,,,
1067763722711203840,1788228240000-632578958264631296-1067763722711203840,1788228240000,1788229159000,1,3.431,1.261,2.7208564631245045,632578958264631296,1788228240000,1067763722711203840,RJ47GA6235,919000,1788229159000,3.3300300458333334,3.431,0.09629527777777777,1.2613750173611111,2.7200475297012803,,1.2613750173611111,1788228240000-632578958264631296-1067763722711203840,,,,,
970288452387995648,1788260622000-632578958264631296-970288452387995648,1788260622000,1788261018000,1,3.431,1.325,2.589433962264151,632578958264631296,1788260622000,970288452387995648,RJ47GA3399,396000,1788261018000,3.498134651702127,3.431,0.10317027777777779,1.3250510044326238,2.5893342886594217,,1.3250510044326238,1788260622000-632578958264631296-970288452387995648,,,,,
1406586435233906688,1788280981000-632578958264631296-1406586435233906688,1788280981000,1788281511000,1,3.424,0.661,5.180030257186082,632578958264631296,1788280981000,1406586435233906688,NL01AJ7417,530000,1788281511000,1.746092598607199,3.424,0.09999999999990905,0.661398711593636,5.176907574781774,3.555000000007567,0.661398711593636,1788280981000-632578958264631296-1406586435233906688,,,,,
1501933614227521536,1788262047000-632578958264631296-1501933614227521536,1788262047000,1788262600000,1,3.406,3.777,0.9017738946253641,632578958264631296,1788262047000,1501933614227521536,NL01AK3126,553000,1788262600000,9.97217788435374,3.406,0.15000000000009095,3.77734010770975,0.9016926998572817,3.125,3.77734010770975,1788262047000-632578958264631296-1501933614227521536,,,,,
1406228892573761536,1788245375000-632578958264631296-1406228892573761536,1788245375000,1788245919000,1,3.404,1.572,2.165394402035623,632578958264631296,1788245375000,1406228892573761536,NL01AJ7421,544000,1788245919000,4.150257303086855,3.404,0.15000000000009095,1.5720671602601721,2.165301894250274,3.595000000001164,1.5720671602601721,1788245375000-632578958264631296-1406228892573761536,,,,,
1082007973238145024,1788242985000-632578958264631296-1082007973238145024,1788242985000,1788244129000,1,3.4,1.881,1.8075491759702285,632578958264631296,1788242985000,1082007973238145024,RJ47GA5734,1144000,1788244129000,4.967136603689634,3.3999999999650754,0.2999999999992724,1.8814911377612251,1.8070773397374142,3.3999999999650754,1.8814911377612251,1788242985000-632578958264631296-1082007973238145024,,,,,
908732861828300800,1788265242000-632578958264631296-908732861828300800,1788265242000,1788266002000,1,3.392,1.818,1.8657865786578656,632578958264631296,1788265242000,908732861828300800,RJ47GA2126,760000,1788266002000,4.798426171442078,3.392,0.1999999999989086,1.8175856710007872,1.8662118953283335,3.5,1.8175856710007872,1788265242000-632578958264631296-908732861828300800,,,,,
947091862986948608,1788268732000-632578958264631296-947091862986948608,1788268732000,1788269460000,1,3.385,1.546,2.189521345407503,632578958264631296,1788268732000,947091862986948608,RJ47GA3376,728000,1788269460000,4.080202641965812,3.385,0.1499999999996362,1.5455313037749288,2.190185337386701,3.5,1.5455313037749288,1788268732000-632578958264631296-947091862986948608,,,,,
798236529196531712,1788279176000-632578958264631296-798236529196531712,1788279176000,1788279743000,1,3.373,1.147,2.9407149084568442,632578958264631296,1788279176000,798236529196531712,RJ47GA3075,567000,1788279743000,3.0292800544144143,3.373,0.13333333333333333,1.147454566066066,2.939549939274716,3.7000000000116415,1.147454566066066,1788279176000-632578958264631296-798236529196531712,,['900758004205355009'],,900758004205355009,
938817698895233024,1788246111000-632578958264631296-938817698895233024,1788246111000,1788246576000,1,3.373,0.824,4.093446601941748,632578958264631296,1788246111000,938817698895233024,RJ47GA2715,465000,1788246576000,2.1747291653224243,3.373,0.1000000000003638,0.8237610474706153,4.094634008681164,3.125,0.8237610474706152,1788246111000-632578958264631296-938817698895233024,,,,,
942723675356921856,1788268896000-632578958264631296-942723675356921856,1788268896000,1788269341000,1,3.371,1.562,2.1581306017925734,632578958264631296,1788268896000,942723675356921856,RJ14GN1566,445000,1788269341000,4.123136726626772,3.371,0.11731472222222222,1.561794214631353,2.158414961727652,3.3999999999650754,1.5617942146313533,1788268896000-632578958264631296-942723675356921856,,,,,
1093476797997121536,1788273848000-632578958264631296-1093476797997121536,1788273848000,1788275021000,1,3.369,1.07,3.1485981308411217,632578958264631296,1788273848000,1093476797997121536,RJ47GA5979,1173000,1788275021000,2.824137157105513,3.369,0.25,1.0697489231460275,3.149337126783076,3.51500000001397,1.0697489231460275,1788273848000-632578958264631296-1093476797997121536,,,,,
869905949161160704,1788226083000-632578958264631296-869905949161160704,1788226083000,1788226491000,1,3.364,1.216,2.7664473684210527,632578958264631296,1788226083000,869905949161160704,RJ47GA4504,408000,1788226491000,3.2103474100103444,3.364,0.10884166666666667,1.2160406856099788,2.7663548101703372,3.0,1.2160406856099788,1788226083000-632578958264631296-869905949161160704,,,,,
1471148657502846976,1788229093000-632578958264631296-1471148657502846976,1788229093000,1788230288000,1,3.357,1.101,3.0490463215258856,632578958264631296,1788229093000,1471148657502846976,NL01AK2620,1195000,1788230288000,2.907928030308942,3.357,0.29999999999972715,1.1014878902685385,3.0476957846368844,3.5,1.1014878902685385,1788229093000-632578958264631296-1471148657502846976,,,,,
1079444806125486080,1788232330000-632578958264631296-1079444806125486080,1788232330000,1788232916000,1,3.351,1.498,2.2369826435246996,632578958264631296,1788232330000,1079444806125486080,RJ47GA6401,586000,1788232916000,3.9551071431566243,3.351,0.1500000000005457,1.4981466451350849,2.2367636778960627,3.2999999999883585,1.4981466451350849,1788232330000-632578958264631296-1079444806125486080,,,,,
1211337321434054656,1788258807000-632578958264631296-1211337321434054656,1788258807000,1788259705000,1,3.342,2.149,1.5551419264774313,632578958264631296,1788258807000,1211337321434054656,RJ47GA3107,898000,1788259705000,5.67359938351061,3.342,0.25,2.1490906755722006,1.5550763111054793,3.7999999999883585,2.1490906755722006,1788258807000-632578958264631296-1211337321434054656,,,,,
947104127047958528,1788236448000-632578958264631296-947104127047958528,1788236448000,1788237262000,1,3.333,1.056,3.15625,632578958264631296,1788236448000,947104127047958528,RJ47GA1393,814000,1788237262000,2.7875974220993305,3.333,0.0,1.0559081144315645,3.156524658203125,,0.001,1788236448000-632578958264631296-947104127047958528,,,,,
1406586435233906688,1788246652000-632578958264631296-1406586435233906688,1788246652000,1788248985000,1,3.309,2.652,1.247737556561086,632578958264631296,1788246652000,1406586435233906688,NL01AJ7417,2333000,1788248985000,7.002073585054595,3.309,0.599999999999909,2.652300600399468,1.247596143326147,3.5650000000023283,2.652300600399468,1788246652000-632578958264631296-1406586435233906688,,,,,
789852692640956416,1788235682000-632578958264631296-789852692640956416,1788235682000,1788236285000,1,3.308,1.831,1.8066630256690333,632578958264631296,1788235682000,789852692640956416,RJ47GA2228,603000,1788236285000,4.8349389731840064,3.308,0.15633444444444444,1.8314162777212146,1.8062523743187766,3.7999999999883585,1.8314162777212146,1788235682000-632578958264631296-789852692640956416,,,,,
836966844580495360,1788235346000-632578958264631296-836966844580495360,1788235346000,1788236423000,1,3.293,2.014,1.6350546176762664,632578958264631296,1788235346000,836966844580495360,RJ47GA2578,1077000,1788236423000,5.318245630152906,3.293,0.25,2.014486981118525,1.6346593603556538,3.7000000000116415,2.014486981118525,1788235346000-632578958264631296-836966844580495360,,['900758004192772103'],,900758004192772103,
1067776159577538560,1788305551000-632578958264631296-1067776159577538560,1788305551000,1788306647000,1,3.292,1.345,2.4475836431226763,632578958264631296,1788305551000,1067776159577538560,RJ14GP9561,1096000,1788306647000,3.5520015127913154,3.292,0.1999999999998181,1.3454551184815589,2.4467557146872756,2.8999999999941792,1.3454551184815589,1788305551000-632578958264631296-1067776159577538560,,,,,
1111626569580806144,1788276688000-632578958264631296-1111626569580806144,1788276688000,1788277297000,1,3.266,1.519,2.1500987491770904,632578958264631296,1788276688000,1111626569580806144,NL01AH6173,609000,1788277297000,4.010353813412428,3.266,0.1499999999996362,1.5190734141713744,2.1499948386507315,3.375,1.5190734141713744,1788276688000-632578958264631296-1111626569580806144,,,,,
964169792938311680,1788222703000-632578958264631296-964169792938311680,1788222703000,1788223876000,1,3.253,1.346,2.416790490341753,632578958264631296,1788222703000,964169792938311680,RJ47GA2728,1173000,1788223876000,3.5524707235897384,3.253,0.2999999999992724,1.3456328498445977,2.4174499012681485,3.625,1.3456328498445977,1788222703000-632578958264631296-964169792938311680,,,,,
1045015172411817984,1788263736000-632578958264631296-1045015172411817984,1788263736000,1788264029000,1,3.252,1.983,1.6399394856278364,632578958264631296,1788263736000,1045015172411817984,RJ47GA3393,293000,1788264029000,5.23546991,3.252,0.07919083333333334,1.9831325416666665,1.6398298810965757,2.25,1.9831325416666665,1788263736000-632578958264631296-1045015172411817984,,,,,
939547417898909696,1788237556000-632578958264631296-939547417898909696,1788237556000,1788238105000,1,3.229,1.962,1.645769622833843,632578958264631296,1788237556000,939547417898909696,RJ14GN1565,549000,1788238105000,5.180633124264477,3.229,0.1000000000003638,1.9623610319183624,1.64546683687629,3.300000000046566,1.9623610319183624,1788237556000-632578958264631296-939547417898909696,,,,,
1153273376152748032,1788237567000-632578958264631296-1153273376152748032,1788237567000,1788238240000,1,3.228,1.713,1.884413309982487,632578958264631296,1788237567000,1153273376152748032,RJ47GA6313,673000,1788238240000,4.5213822866666655,3.228,0.1499999999996362,1.712644805555555,1.884804128403547,3.2999999999883585,1.712644805555555,1788237567000-632578958264631296-1153273376152748032,,,,,
1050467664377413632,1788295147000-632578958264631296-1050467664377413632,1788295147000,1788295858000,1,3.227,2.001,1.6126936531734133,632578958264631296,1788295147000,1050467664377413632,RJ47GA3872,711000,1788295858000,5.2833454370212785,3.227,0.18939722222222224,2.0012672109929084,1.6124783248704488,2.125,2.0012672109929084,1788295147000-632578958264631296-1050467664377413632,,,,,
1536014709264744448,1788293617000-632578958264631296-1536014709264744448,1788293617000,1788294635000,1,3.226,1.155,2.793073593073593,632578958264631296,1788293617000,1536014709264744448,RJ47GA8948,1018000,1788294635000,3.0481755706226057,3.226,0.27027777777777773,1.1546119585691688,2.794012287901262,,1.1546119585691688,1788293617000-632578958264631296-1536014709264744448,,,,,
873104331912511488,1788249108000-632578958264631296-873104331912511488,1788249108000,1788250014000,1,3.209,1.628,1.9711302211302213,632578958264631296,1788249108000,873104331912511488,RJ14GN0768,906000,1788250014000,4.2977356643626,3.209,0.1999999999989086,1.627930175894924,1.9712147655447891,2.7000000000116415,1.627930175894924,1788249108000-632578958264631296-873104331912511488,,,,,0.0
787737136659955712,1788241689000-632578958264631296-787737136659955712,1788241689000,1788241955000,1,3.181,0.761,4.180026281208936,632578958264631296,1788241689000,787737136659955712,RJ47GA3339,266000,1788241955000,2.008438161304348,3.181,0.06861111111111111,0.7607720307971015,4.181278847313953,2.900000000023283,0.7607720307971015,1788241689000-632578958264631296-787737136659955712,,['900758004226326539'],,900758004226326539,
1132636093246603264,1788233305000-632578958264631296-1132636093246603264,1788233305000,1788233759000,1,3.168,1.535,2.0638436482084694,632578958264631296,1788233305000,1132636093246603264,NL01AJ4206,454000,1788233759000,4.052086655443263,3.168,0.12363527777777777,1.534881308880024,2.064003243554796,2.25,1.5348813088800242,1788233305000-632578958264631296-1132636093246603264,,,,,
1074385452921782272,1788242512000-632578958264631296-1074385452921782272,1788242512000,1788242964000,1,3.156,0.951,3.3186119873817037,632578958264631296,1788242512000,1074385452921782272,RJ47GA5841,452000,1788242964000,2.5104942758945383,3.156,0.1000000000003638,0.9509448014752039,3.318804619473272,2.3550000000104774,0.9509448014752039,1788242512000-632578958264631296-1074385452921782272,,,,,
1083729038846984192,1788224184000-632578958264631296-1083729038846984192,1788224184000,1788224675000,1,3.137,1.796,1.7466592427616927,632578958264631296,1788224184000,1083729038846984192,RJ47GA6358,491000,1788224675000,4.74164761822599,3.137,0.1000000000003638,1.7960786432674203,1.7465827633767639,3.2999999999883585,1.7960786432674203,1788224184000-632578958264631296-1083729038846984192,,,,,
873109579045535744,1788250295000-632578958264631296-873109579045535744,1788250295000,1788250715000,1,3.126,0.757,4.1294583883751645,632578958264631296,1788250295000,873109579045535744,RJ14GN1568,420000,1788250715000,1.998705747565011,3.126,0.09703666666666666,0.757085510441292,4.128991978961411,3.2000000000116415,0.7570855104412919,1788250295000-632578958264631296-873109579045535744,,,,,
798605218047590400,1788280789000-632578958264631296-798605218047590400,1788280789000,1788282765000,1,3.118,3.042,1.0249835634451019,632578958264631296,1788280789000,798605218047590400,RJ47GA3110,1976000,1788282765000,8.031354206049961,3.118,0.5,3.042179623503773,1.0249230439617836,3.2999999999883585,3.0421796235037735,1788280789000-632578958264631296-798605218047590400,,['900758004205355021'],,900758004205355021,
862287863801184256,1788225626000-632578958264631296-862287863801184256,1788225626000,1788226277000,1,3.116,0.975,3.195897435897436,632578958264631296,1788225626000,862287863801184256,RJ47GA3737,651000,1788226277000,2.5729386691314553,3.116,0.1500000000014552,0.9745979807316117,3.1972157357240567,3.125,0.9745979807316117,1788225626000-632578958264631296-862287863801184256,,,,,
1070334753032372224,1788241508000-632578958264631296-1070334753032372224,1788241508000,1788242206000,1,3.115,1.431,2.1767994409503846,632578958264631296,1788241508000,1070334753032372224,RJ47GA4000,698000,1788242206000,3.7782526555020066,3.115,0.1499999999996362,1.4311563089022752,2.176561693941919,3.125,1.431156308902275,1788241508000-632578958264631296-1070334753032372224,,['1096406669480427549'],,,
952162532812914688,1788260319000-632578958264631296-952162532812914688,1788260319000,1788261900000,1,3.115,2.241,1.390004462293619,632578958264631296,1788260319000,952162532812914688,RJ47GA4523,1581000,1788261900000,5.916474211781129,3.115,0.0,2.2410887165837607,1.3899494370523626,3.0,2.2410887165837607,1788260319000-632578958264631296-952162532812914688,,,,,
780085706063085568,1788265936000-632578958264631296-780085706063085568,1788265936000,1788266549000,1,3.11,1.542,2.0168612191958495,632578958264631296,1788265936000,780085706063085568,RJ47GA3335,613000,1788266549000,4.072086248782213,3.11,0.16222305555555558,1.542456912417505,2.0162637769412126,2.8999999999650754,1.5424569124175052,1788265936000-632578958264631296-780085706063085568,,['900758004226326531'],,900758004226326531,
1152269234303139840,1788274312000-632578958264631296-1152269234303139840,1788274312000,1788274828000,1,3.105,0.806,3.852357320099255,632578958264631296,1788274312000,1152269234303139840,NL01AJ4202,516000,1788274828000,2.128987962732919,3.105,0.15000000000009095,0.8064348343685299,3.850280106552362,3.125,0.8064348343685299,1788274312000-632578958264631296-1152269234303139840,,,,,
1056588446363025408,1788256002000-632578958264631296-1056588446363025408,1788256002000,1788256837000,1,3.1,0.99,3.1313131313131315,632578958264631296,1788256002000,1056588446363025408,RJ47GA3530,835000,1788256837000,2.6149162179152348,3.1,0.1999999999989086,0.9904985673921344,3.1297369850437375,3.25,0.9904985673921344,1788256002000-632578958264631296-1056588446363025408,,,,,
1065671842468986880,1788244669000-632578958264631296-1065671842468986880,1788244669000,1788245405000,1,3.1,1.161,2.670111972437554,632578958264631296,1788244669000,1065671842468986880,RJ47GA5609,736000,1788245405000,3.065057109345489,3.1000000000349246,0.0,1.1610064808126852,2.6700970677312466,3.1000000000349246,1.1610064808126852,1788244669000-632578958264631296-1065671842468986880,,,,,
1135598313102376960,1788244026000-632578958264631296-1135598313102376960,1788244026000,1788245586000,1,3.094,2.243,1.3794025858225591,632578958264631296,1788244026000,1135598313102376960,RJ47GA6228,1560000,1788245586000,5.920532242789158,3.094,0.3500000000003638,2.242625849541348,1.379632719667782,3.2999999999883585,2.242625849541348,1788244026000-632578958264631296-1135598313102376960,,,,,
1540361729291059200,1788248856000-632578958264631296-1540361729291059200,1788248856000,1788249615000,1,3.075,1.493,2.059611520428667,632578958264631296,1788248856000,1540361729291059200,NL01AK8391,759000,1788249615000,3.9422052441315794,3.075,0.14999999999997726,1.4932595621710527,2.0592535135212877,2.1900000000023283,1.4932595621710527,1788248856000-632578958264631296-1540361729291059200,,,,,
787737136659955712,1788273319000-632578958264631296-787737136659955712,1788273319000,1788273592000,1,3.063,0.654,4.68348623853211,632578958264631296,1788273319000,787737136659955712,RJ47GA3339,273000,1788273592000,1.725912091688889,3.063,0.07055555555555555,0.6537545801851852,4.68524442174059,2.7999999999883585,0.6537545801851852,1788273319000-632578958264631296-787737136659955712,,['900758004226326539'],,900758004226326539,
1131631502098956288,1788238675000-632578958264631296-1131631502098956288,1788238675000,1788240244000,1,3.037,1.922,1.5801248699271593,632578958264631296,1788238675000,1131631502098956288,RJ47GA6180,1569000,1788240244000,5.075154380186474,3.037,0.3999999999996362,1.922406962191846,1.5797903668312472,3.1000000000058208,1.922406962191846,1788238675000-632578958264631296-1131631502098956288,,,,,
1536014688339361792,1788272375000-632578958264631296-1536014688339361792,1788272375000,1788272770000,1,3.023,1.241,2.43593875906527,632578958264631296,1788272375000,1536014688339361792,RJ47GA8902,395000,1788272770000,3.276408523560386,3.023,0.10092666666666666,1.2410638346819645,2.435813465448919,,1.2410638346819645,1788272375000-632578958264631296-1536014688339361792,,,,,
1079095785133441024,1788244601000-632578958264631296-1079095785133441024,1788244601000,1788245303000,1,3.018,1.301,2.3197540353574175,632578958264631296,1788244601000,1079095785133441024,RJ47GA3363,702000,1788245303000,3.434729294117648,3.018,0.1499999999996362,1.301033823529412,2.319693727725575,3.0,1.301033823529412,1788244601000-632578958264631296-1079095785133441024,,,,,
1079444806125486080,1788225219000-632578958264631296-1079444806125486080,1788225219000,1788225508000,1,3.014,1.451,2.0771881461061334,632578958264631296,1788225219000,1079444806125486080,RJ47GA6401,289000,1788225508000,3.831319321383598,3.014,0.07810083333333333,1.4512573187059084,2.0768198452136626,2.3999999999941792,1.4512573187059086,1788225219000-632578958264631296-1079444806125486080,,,,,
1486725792942522368,1788262180000-632578958264631296-1486725792942522368,1788262180000,1788262850000,1,3.006,2.02,1.488118811881188,632578958264631296,1788262180000,1486725792942522368,NL01AK3102,670000,1788262850000,5.333551732091505,3.006,0.14999999999986358,2.0202847470043577,1.4879090704700133,3.125,2.0202847470043577,1788262180000-632578958264631296-1486725792942522368,,,,,
1464286808345935872,1788264489000-632578958264631296-1464286808345935872,1788264489000,1788265155000,1,3.003,1.437,2.0897703549060545,632578958264631296,1788264489000,1464286808345935872,NL01AK1960,666000,1788265155000,3.7943173353443145,3.003,0.15000000000009095,1.4372414149031494,2.0894193340527707,3.125,1.4372414149031492,1788264489000-632578958264631296-1464286808345935872,,,,,
787737136659955712,1788251976000-632578958264631296-787737136659955712,1788251976000,1788252196000,1,3.001,0.801,3.7465667915106113,632578958264631296,1788251976000,787737136659955712,RJ47GA3339,220000,1788252196000,2.1149124155555556,3.001,0.058208888888888886,0.8011031877104378,3.7460842074251293,,0.8011031877104378,1788251976000-632578958264631296-787737136659955712,,['900758004226326539'],,900758004226326539,
1061350711461150720,1788244632000-632578958264631296-1061350711461150720,1788244632000,1788245334000,1,3.0,1.072,2.798507462686567,632578958264631296,1788244632000,1061350711461150720,RJ47GA4012,702000,1788245334000,2.8309672488819655,3.0,0.1499999999996362,1.0723360791219565,2.7976303869738683,3.125,1.0723360791219565,1788244632000-632578958264631296-1061350711461150720,,,,,
1056588446363025408,1788242111000-632578958264631296-1056588446363025408,1788242111000,1788242372000,1,2.99,1.116,2.6792114695340503,632578958264631296,1788242111000,1056588446363025408,RJ47GA3530,261000,1788242372000,2.9474851599195406,2.99,0.068125,1.1164716514846744,2.6780796413629706,2.625,1.1164716514846744,1788242111000-632578958264631296-1056588446363025408,,,,,
1144224275478085632,1788223191000-632578958264631296-1144224275478085632,1788223191000,1788223973000,1,2.982,1.25,2.3856,632578958264631296,1788223191000,1144224275478085632,NL01AG9586,782000,1788223973000,3.300521101270686,2.982,0.14409833333333336,1.2501973868449567,2.3852233506306417,2.400000000023283,1.2501973868449567,1788223191000-632578958264631296-1144224275478085632,,,,,
1062738572429230080,1788268321000-632578958264631296-1062738572429230080,1788268321000,1788268879000,1,2.976,1.305,2.2804597701149425,632578958264631296,1788268321000,1062738572429230080,RJ47GA5313,558000,1788268879000,3.4457065709370114,2.976,0.1499999999996362,1.305191882930686,2.2801245080667147,2.900000000023283,1.305191882930686,1788268321000-632578958264631296-1062738572429230080,,,,,
1176582451024101376,1788264502000-632578958264631296-1176582451024101376,1788264502000,1788265197000,1,2.975,1.728,1.7216435185185186,632578958264631296,1788264502000,1176582451024101376,RJ47GA6342,695000,1788265197000,4.562212808932165,2.975,0.0,1.728110912474305,1.7215330211302249,3.1000000000058208,1.728110912474305,1788264502000-632578958264631296-1176582451024101376,,,,,
946030864989421568,1788281515000-632578958264631296-946030864989421568,1788281515000,1788282443000,1,2.971,0.892,3.330717488789238,632578958264631296,1788281515000,946030864989421568,RJ47GA2730,928000,1788282443000,2.3555643357616933,2.971,0.1999999999989086,0.8922592180915504,3.329749852688168,3.25,0.8922592180915504,1788281515000-632578958264631296-946030864989421568,,,,,
1083729038846984192,1788255505000-632578958264631296-1083729038846984192,1788255505000,1788255900000,1,2.969,3.551,0.8361025063362433,632578958264631296,1788255505000,1083729038846984192,RJ47GA6358,395000,1788255900000,9.374823222455673,2.969,0.10756944444444444,3.5510694024453304,0.8360861654676456,2.5,3.5510694024453304,1788255505000-632578958264631296-1083729038846984192,,,,,
1132636093246603264,1788236431000-632578958264631296-1132636093246603264,1788236431000,1788236654000,1,2.962,1.391,2.1294033069734004,632578958264631296,1788236431000,1132636093246603264,NL01AJ4206,223000,1788236654000,3.672040594710146,2.962,0.05939916666666666,1.390924467693237,2.1295189413931985,,1.3909244676932369,1788236431000-632578958264631296-1132636093246603264,,,,,
1067793936933715968,1788245353000-632578958264631296-1067793936933715968,1788245353000,1788246345000,1,2.961,3.953,0.7490513534024791,632578958264631296,1788245353000,1067793936933715968,RJ47GA3357,992000,1788246345000,10.436847146143794,2.961,0.25,3.9533511917211337,0.7489848122273439,3.0,3.9533511917211337,1788245353000-632578958264631296-1067793936933715968,,,,,
1182027923075366912,1788253691000-632578958264631296-1182027923075366912,1788253691000,1788255052000,1,2.958,1.773,1.6683587140439935,632578958264631296,1788253691000,1182027923075366912,RJ47GA6389,1361000,1788255052000,4.680218272636395,2.958,0.3499999999994543,1.7728099517562104,1.6685375649373455,3.1000000000058208,1.7728099517562104,1788253691000-632578958264631296-1182027923075366912,,,,,
943856131652976640,1788282892000-632578958264631296-943856131652976640,1788282892000,1788283541000,1,2.946,1.044,2.82183908045977,632578958264631296,1788282892000,943856131652976640,RJ47GA3743,649000,1788283541000,2.7558982864875907,2.946,0.1499999999996362,1.0439008660937843,2.822107056030865,2.875,1.0439008660937843,1788282892000-632578958264631296-943856131652976640,,,,,
932302785804763136,1788254561000-632578958264631296-932302785804763136,1788254561000,1788255155000,1,2.943,1.565,1.8805111821086262,632578958264631296,1788254561000,932302785804763136,RJ47GA4681,594000,1788255155000,4.131852510149974,2.943,0.1000000000003638,1.5650956477840812,1.8803962583161007,2.6000000000349246,1.5650956477840812,1788254561000-632578958264631296-932302785804763136,,,,,
1464286677953413120,1788262563000-632578958264631296-1464286677953413120,1788262563000,1788263252000,1,2.939,2.41,1.2195020746887966,632578958264631296,1788262563000,1464286677953413120,NL01AK1958,689000,1788263252000,6.362855827134505,2.939,0.15000000000009095,2.4101726617933728,1.2194147110660258,2.875,2.4101726617933728,1788262563000-632578958264631296-1464286677953413120,,,,,
792451319469178880,1788234372000-632578958264631296-792451319469178880,1788234372000,1788235784000,1,2.922,2.427,1.203955500618047,632578958264631296,1788234372000,792451319469178880,RJ47GA3115,1412000,1788235784000,6.4065197410400865,2.922,0.3000000000010914,2.4267120231212447,1.2040983735028084,3.0,2.4267120231212447,1788234372000-632578958264631296-792451319469178880,,['900758004209549321'],,900758004209549321,
1176582451024101376,1788263177000-632578958264631296-1176582451024101376,1788263177000,1788263760000,1,2.914,1.611,1.8088144009931721,632578958264631296,1788263177000,1176582451024101376,RJ47GA6342,583000,1788263760000,4.253296025987179,2.914,0.0,1.611096979540598,1.8087055199066433,3.0,1.611096979540598,1788263177000-632578958264631296-1176582451024101376,,,,,
940246634145513472,1788226075000-632578958264631296-940246634145513472,1788226075000,1788226799000,1,2.913,2.027,1.4370991613221509,632578958264631296,1788226075000,940246634145513472,RJ14GN1596,724000,1788226799000,5.352380264353446,2.913,0.1499999999996362,2.0274167668005476,1.4368037434143277,2.900000000023283,2.0274167668005476,1788226075000-632578958264631296-940246634145513472,,,,,
1152269234303139840,1788275151000-632578958264631296-1152269234303139840,1788275151000,1788275647000,1,2.905,0.657,4.421613394216133,632578958264631296,1788275151000,1152269234303139840,NL01AJ4202,496000,1788275647000,1.7343810043459174,2.905,0.1499999999996362,0.6569625016461808,4.421865772735597,3.0,0.6569625016461808,1788275151000-632578958264631296-1152269234303139840,,,,,
927153603469115392,1788250763000-632578958264631296-927153603469115392,1788250763000,1788251217000,1,2.901,0.69,4.2043478260869565,632578958264631296,1788250763000,927153603469115392,RJ47GA3885,454000,1788251217000,1.8204779961403506,2.901,0.12111111111111111,0.6895749985380115,4.206939065584594,2.625,0.6895749985380115,1788250763000-632578958264631296-927153603469115392,,,,,
1083019060351860736,1788295142000-632578958264631296-1083019060351860736,1788295142000,1788296869000,1,2.9,3.102,0.9348807221147647,632578958264631296,1788295142000,1083019060351860736,RJ47GA5912,1727000,1788296869000,8.188476611214579,2.8999999999650754,0.0,3.101695686066128,0.934972445231446,2.8999999999650754,3.101695686066128,1788295142000-632578958264631296-1083019060351860736,,,,,
1083726613264203776,1788250448000-632578958264631296-1083726613264203776,1788250448000,1788251009000,1,2.897,0.851,3.4042303172737953,632578958264631296,1788250448000,1083726613264203776,RJ47GA6345,561000,1788251009000,2.245922902542373,2.897,0.1000000000003638,0.8507283721751413,3.4053172490215102,2.6999999999825377,0.8507283721751413,1788250448000-632578958264631296-1083726613264203776,,,,,
1422205425331208192,1788262797000-632578958264631296-1422205425331208192,1788262797000,1788263493000,1,2.89,2.172,1.3305709023941068,632578958264631296,1788262797000,1422205425331208192,NL01AJ9003,696000,1788263493000,5.733591323671497,2.89,0.15000000000009095,2.1718148953301126,1.3306843074951489,2.75,2.1718148953301126,1788262797000-632578958264631296-1422205425331208192,,,,,
1570836903035404288,1788262378000-632578958264631296-1570836903035404288,1788262378000,1788262782000,1,2.888,0.763,3.785058977719528,632578958264631296,1788262378000,1570836903035404288,RJ47GA8949,404000,1788262782000,2.0146107405695317,2.888,0.09969916666666666,0.7631101290036105,3.7845127331370225,2.9250000000010914,0.7631101290036105,1788262378000-632578958264631296-1570836903035404288,,,,,
1135566388677574656,1788268258000-632578958264631296-1135566388677574656,1788268258000,1788268914000,1,2.884,1.552,1.8582474226804122,632578958264631296,1788268258000,1135566388677574656,RJ47GA6238,656000,1788268914000,4.096391575128204,2.884,0.1499999999996362,1.5516634754273502,1.85865043913965,2.6000000000058208,1.5516634754273502,1788268258000-632578958264631296-1135566388677574656,,,,,
1464286808345935872,1788263154000-632578958264631296-1464286808345935872,1788263154000,1788263677000,1,2.884,1.621,1.7791486736582356,632578958264631296,1788263154000,1464286808345935872,NL01AK1960,523000,1788263677000,4.280745892039573,2.884,0.09999999999990905,1.6214946560755958,1.7786059233645384,2.75,1.6214946560755958,1788263154000-632578958264631296-1464286808345935872,,,,,
1294704486559776768,1788243613000-632578958264631296-1294704486559776768,1788243613000,1788243949000,1,2.882,0.954,3.0209643605870022,632578958264631296,1788243613000,1294704486559776768,NL01AH7659,336000,1788243949000,2.5173730291111114,2.882,0.08719777777777776,0.9535503898148149,3.0223887806911827,2.75,0.9535503898148148,1788243613000-632578958264631296-1294704486559776768,,,,,
873822835015942144,1788276677000-632578958264631296-873822835015942144,1788276677000,1788277486000,1,2.881,1.206,2.388888888888889,632578958264631296,1788276677000,873822835015942144,RJ14GN1589,809000,1788277486000,3.183003147810289,2.881,0.1999999999989086,1.2056830105342005,2.3895169582952973,2.7000000000116415,1.2056830105342005,1788276677000-632578958264631296-873822835015942144,,['1096406669316849665'],,,0.0
877447351826907136,1788227181000-632578958264631296-877447351826907136,1788227181000,1788228648000,1,2.861,2.169,1.3190410327339788,632578958264631296,1788227181000,877447351826907136,RJ14GN1571,1467000,1788228648000,5.725613266245134,2.861,0.3999999999996362,2.1687929038807323,1.319166986797433,2.8999999999650754,2.1687929038807323,1788227181000-632578958264631296-877447351826907136,,,,,0.0
947104127047958528,1788257850000-632578958264631296-947104127047958528,1788257850000,1788258156000,1,2.86,0.83,3.4457831325301207,632578958264631296,1788257850000,947104127047958528,RJ47GA1393,306000,1788258156000,2.1900637974683543,2.86,0.0,0.8295696202531645,3.44757080078125,,0.001,1788257850000-632578958264631296-947104127047958528,,,,,
1061980520671346688,1788247905000-632578958264631296-1061980520671346688,1788247905000,1788249382000,1,2.853,1.452,1.9648760330578514,632578958264631296,1788247905000,1061980520671346688,RJ47GA3390,1477000,1788249382000,3.8340697432814896,2.853,0.4000000000014552,1.4522991451823823,1.9644713070747661,3.0,1.4522991451823823,1788247905000-632578958264631296-1061980520671346688,,,,,
1112389405491855360,1788249117000-632578958264631296-1112389405491855360,1788249117000,1788249633000,1,2.848,0.596,4.778523489932886,632578958264631296,1788249117000,1112389405491855360,RJ47GA3734,516000,1788249633000,1.5725534790849673,2.848,0.14006944444444444,0.5956641966230937,4.7812173639875,2.875,0.5956641966230937,1788249117000-632578958264631296-1112389405491855360,,,,,
635414442816888832,1788234204000-632578958264631296-635414442816888832,1788234204000,1788234462000,1,2.847,0.949,3.0,632578958264631296,1788234204000,635414442816888832,RJ47GA2707,258000,1788234462000,2.5050092582456145,2.847,0.0,0.948867143274854,3.000420048452792,,0.948867143274854,1788234204000-632578958264631296-635414442816888832,,['900758004201160704'],,900758004201160704,
812260483275948032,1788232281000-632578958264631296-812260483275948032,1788232281000,1788232729000,1,2.846,1.796,1.5846325167037862,632578958264631296,1788232281000,812260483275948032,RJ47GA3187,448000,1788232729000,4.740511757000001,2.846,0.11129611111111111,1.7956483928030307,1.584942804731029,2.8999999999650754,1.7956483928030307,1788232281000-632578958264631296-812260483275948032,,['900758004222132228'],,900758004222132228,
1082007973238145024,1788245765000-632578958264631296-1082007973238145024,1788245765000,1788246316000,1,2.827,1.035,2.731400966183575,632578958264631296,1788245765000,1082007973238145024,RJ47GA5734,551000,1788246316000,2.7328478359171835,2.827,0.1000000000003638,1.0351696348171149,2.730953367367128,3.0,1.0351696348171149,1788245765000-632578958264631296-1082007973238145024,,,,,
1083727593376579584,1788246977000-632578958264631296-1083727593376579584,1788246977000,1788247501000,1,2.823,0.843,3.3487544483985765,632578958264631296,1788246977000,1083727593376579584,RJ47GA6346,524000,1788247501000,2.2264128801894945,2.823,0.1000000000003638,0.8433382121929902,3.3474114645643285,2.5,0.8433382121929902,1788246977000-632578958264631296-1083727593376579584,,,,,
1501934002158698496,1788245156000-632578958264631296-1501934002158698496,1788245156000,1788245512000,1,2.805,1.273,2.203456402199529,632578958264631296,1788245156000,1501934002158698496,NL01AK3123,356000,1788245512000,3.3597951231428573,2.805,0.06754527777777779,1.2726496678571428,2.204062964730107,1.75,1.2726496678571428,1788245156000-632578958264631296-1501934002158698496,,,,,
938500415001985024,1788232219000-632578958264631296-938500415001985024,1788232219000,1788233470000,1,2.805,0.817,3.4332925336597313,632578958264631296,1788232219000,938500415001985024,RJ47GA1435,1251000,1788233470000,2.156345806451613,2.805,0.0,0.8167976539589443,3.43414306640625,,0.001,1788232219000-632578958264631296-938500415001985024,,,,,
796706773456125952,1788297358000-632578958264631296-796706773456125952,1788297358000,1788298303000,1,2.782,1.01,2.7544554455445542,632578958264631296,1788297358000,796706773456125952,RJ47GA3118,945000,1788298303000,2.6651178904710715,2.782,0.1999999999989086,1.0095143524511634,2.7557805327335188,3.1000000000349246,1.0095143524511634,1788297358000-632578958264631296-796706773456125952,,['900758004213743618'],,900758004213743618,
1067763722711203840,1788256931000-632578958264631296-1067763722711203840,1788256931000,1788257832000,1,2.781,1.397,1.9906943450250538,632578958264631296,1788256931000,1067763722711203840,RJ47GA6235,901000,1788257832000,3.688506768248514,2.781,0.25,1.3971616546395886,1.9904640173633923,3.8999999999941792,1.3971616546395886,1788256931000-632578958264631296-1067763722711203840,,,,,
1422205727123963904,1788235457000-632578958264631296-1422205727123963904,1788235457000,1788237267000,1,2.757,1.842,1.496742671009772,632578958264631296,1788235457000,1422205727123963904,NL01AJ9006,1810000,1788237267000,4.863219663550441,2.757,0.5,1.8421286604357732,1.4966381334883554,2.75,1.8421286604357732,1788235457000-632578958264631296-1422205727123963904,,,,,
873101078441230336,1788263647000-632578958264631296-873101078441230336,1788263647000,1788266586000,1,2.756,3.591,0.7674742411584515,632578958264631296,1788263647000,873101078441230336,RJ14GN0769,2939000,1788266586000,9.479650402526852,2.756,0.8000000000010914,3.5907766676238078,0.7675219750783832,2.8999999999650754,3.5907766676238078,1788263647000-632578958264631296-873101078441230336,,,,,0.09199999999999478
1074385452921782272,1788230239000-632578958264631296-1074385452921782272,1788230239000,1788231331000,1,2.752,1.003,2.7437686939182453,632578958264631296,1788230239000,1074385452921782272,RJ47GA5841,1092000,1788231331000,2.646773237948719,2.752,0.25,1.0025656204351208,2.744957480993226,2.3099999999976717,1.0025656204351208,1788230239000-632578958264631296-1074385452921782272,,,,,
1065304732634972160,1788227099000-632578958264631296-1065304732634972160,1788227099000,1788227335000,1,2.75,0.626,4.39297124600639,632578958264631296,1788227099000,1065304732634972160,RJ47GA4006,236000,1788227335000,1.6538037228015194,2.75,0.06041666666666667,0.6264408040914846,4.389880068537798,2.75,0.6264408040914846,1788227099000-632578958264631296-1065304732634972160,,,,,
1157003119578578944,1788264122000-632578958264631296-1157003119578578944,1788264122000,1788266384000,1,2.74,2.235,1.225950782997763,632578958264631296,1788264122000,1157003119578578944,RJ47GA6242,2262000,1788266384000,5.90030564199815,2.74,0.6000000000003638,2.2349642583326323,1.2259703884679318,2.599999999976717,2.2349642583326323,1788264122000-632578958264631296-1157003119578578944,,,,,
1076923968528580608,1788234838000-632578958264631296-1076923968528580608,1788234838000,1788236009000,1,2.736,1.231,2.222583265637693,632578958264631296,1788234838000,1076923968528580608,RJ47GA3821,1171000,1788236009000,3.2492989316239367,2.736,0.30000000000001137,1.2307950498575517,2.222953366863684,2.625,1.2307950498575517,1788234838000-632578958264631296-1076923968528580608,,,,,
836966844580495360,1788253060000-632578958264631296-836966844580495360,1788253060000,1788253778000,1,2.729,1.805,1.5119113573407204,632578958264631296,1788253060000,836966844580495360,RJ47GA2578,718000,1788253778000,4.763948556509389,2.729,0.1499999999996362,1.8045259683747685,1.5123085219204973,3.099999999976717,1.8045259683747685,1788253060000-632578958264631296-836966844580495360,,['900758004192772103'],,900758004192772103,
1131631502098956288,1788258989000-632578958264631296-1131631502098956288,1788258989000,1788260184000,1,2.724,1.542,1.766536964980545,632578958264631296,1788258989000,1131631502098956288,RJ47GA6180,1195000,1788260184000,4.070950152327132,2.724,0.3000000000001819,1.5420265728511862,1.7665065232717496,2.8999999999941792,1.5420265728511862,1788258989000-632578958264631296-1131631502098956288,,,,,
869954569466019840,1788267617000-632578958264631296-869954569466019840,1788267617000,1788268322000,1,2.724,1.678,1.6233611442193088,632578958264631296,1788267617000,869954569466019840,RJ47GA1979,705000,1788268322000,4.428933891077586,2.724,0.1499999999996362,1.6776264738930247,1.6237225880674189,3.0,1.6776264738930247,1788267617000-632578958264631296-869954569466019840,,['900758004175994893'],,900758004175994893,
1135566388677574656,1788264555000-632578958264631296-1135566388677574656,1788264555000,1788265428000,1,2.722,2.147,1.2678155565905915,632578958264631296,1788264555000,1135566388677574656,RJ47GA6238,873000,1788265428000,5.668985059439252,2.722,0.1999999999998181,2.147342825545171,1.267613148500838,2.8000000000174623,2.147342825545171,1788264555000-632578958264631296-1135566388677574656,,,,,
1067775974323519488,1788258539000-632578958264631296-1067775974323519488,1788258539000,1788259270000,1,2.705,1.084,2.4953874538745384,632578958264631296,1788258539000,1067775974323519488,RJ14GP9560,731000,1788259270000,2.86281257751026,2.705,0.1499999999996362,1.0843987036023712,2.4944699684848324,2.6999999999825377,1.0843987036023712,1788258539000-632578958264631296-1067775974323519488,,,,,
1536014577374855168,1788243681000-632578958264631296-1536014577374855168,1788243681000,1788244427000,1,2.694,0.911,2.9571899012074643,632578958264631296,1788243681000,1536014577374855168,NL01AK9194,746000,1788244427000,2.4052322854584682,2.694,0.14999999999997726,0.9110728354009349,2.956953489689388,2.765000000003056,0.9110728354009349,1788243681000-632578958264631296-1536014577374855168,,,,,
947104127047958528,1788258188000-632578958264631296-947104127047958528,1788258188000,1788258452000,1,2.684,0.788,3.4060913705583755,632578958264631296,1788258188000,947104127047958528,RJ47GA1393,264000,1788258452000,2.081230021691974,2.684,0.0,0.7883447051863538,3.40460205078125,,0.001,1788258188000-632578958264631296-947104127047958528,,,,,
927171595435245568,1788256816000-632578958264631296-927171595435245568,1788256816000,1788257154000,1,2.68,1.22,2.19672131147541,632578958264631296,1788256816000,927171595435245568,RJ47GA3670,338000,1788257154000,3.2204466430804604,2.68,0.0,1.2198661526819925,2.196962342227271,1.625,1.2198661526819925,1788256816000-632578958264631296-927171595435245568,,,,,
940988876032311296,1788257443000-632578958264631296-940988876032311296,1788257443000,1788257879000,1,2.68,0.767,3.4941329856584096,632578958264631296,1788257443000,940988876032311296,RJ47GA4497,436000,1788257879000,2.02366681,2.68,0.0932186111111111,0.7665404583333333,3.496227721400442,1.7000000000116415,0.7665404583333333,1788257443000-632578958264631296-940988876032311296,,,,,
789852692640956416,1788253096000-632578958264631296-789852692640956416,1788253096000,1788253698000,1,2.677,1.486,1.8014804845222072,632578958264631296,1788253096000,789852692640956416,RJ47GA2228,602000,1788253698000,3.923384904637239,2.677,0.15601944444444443,1.4861306456959238,1.8013221164323794,3.0,1.4861306456959238,1788253096000-632578958264631296-789852692640956416,,,,,
966384365741277184,1788275451000-632578958264631296-966384365741277184,1788275451000,1788276112000,1,2.669,0.817,3.2668298653610774,632578958264631296,1788275451000,966384365741277184,RJ47GA4707,661000,1788276112000,2.1578585492682936,2.669,0.16079388888888888,0.8173706626016263,3.2653484179439274,1.8999999999650754,0.8173706626016263,1788275451000-632578958264631296-966384365741277184,,,,,
935951856658546688,1788277143000-632578958264631296-935951856658546688,1788277143000,1788277321000,1,2.667,0.535,4.9850467289719615,632578958264631296,1788277143000,935951856658546688,RJ47GA4709,178000,1788277321000,1.413114489601816,2.667,0.04532305555555556,0.5352706400006878,4.982526222616232,,0.3714430416666667,1788277143000-632578958264631296-935951856658546688,,,,,
916722872880201728,1788236503000-632578958264631296-916722872880201728,1788236503000,1788238006000,1,2.659,1.05,2.532380952380952,632578958264631296,1788236503000,916722872880201728,RJ47GA2142,1503000,1788238006000,2.770691124293784,2.659,0.4000000000014552,1.0495042137476454,2.5335772502571006,2.625,1.0495042137476454,1788236503000-632578958264631296-916722872880201728,,,,,
1405141042860130304,1788223400000-632578958264631296-1405141042860130304,1788223400000,1788224313000,1,2.657,1.611,1.649286157666046,632578958264631296,1788223400000,1405141042860130304,NL01AJ7418,913000,1788224313000,4.254097067788162,2.657,0.1999999999998181,1.611400404465213,1.648876339262058,2.680000000007567,1.611400404465213,1788223400000-632578958264631296-1405141042860130304,,,,,
1499777554695847936,1788266215000-632578958264631296-1499777554695847936,1788266215000,1788267642000,1,2.625,4.969,0.5282753069027973,632578958264631296,1788266215000,1499777554695847936,NL01AK3108,1427000,1788267642000,13.119046416871518,2.625,0.34999999999990905,4.969335763966484,0.5282396128340392,2.625,4.969335763966484,1788266215000-632578958264631296-1499777554695847936,,,,,
1108703058243616768,1788253007000-632578958264631296-1108703058243616768,1788253007000,1788254424000,1,2.62,1.379,1.899927483683829,632578958264631296,1788253007000,1108703058243616768,RJ47GA3358,1417000,1788254424000,3.639684688776142,2.62,0.3500000000003638,1.3786684427182354,1.900384399046886,2.5,1.3786684427182354,1788253007000-632578958264631296-1108703058243616768,,,,,
946024601958219776,1788292669000-632578958264631296-946024601958219776,1788292669000,1788293635000,1,2.62,0.631,4.152139461172742,632578958264631296,1788292669000,946024601958219776,RJ47GA3613,966000,1788293635000,1.6657069206271595,2.62,0.25,0.6309495911466513,4.152471190667647,2.625,0.5452718871671259,1788292669000-632578958264631296-946024601958219776,,,,,
635414442816888832,1788233094000-632578958264631296-635414442816888832,1788233094000,1788233449000,1,2.61,1.17,2.230769230769231,632578958264631296,1788233094000,635414442816888832,RJ47GA2707,355000,1788233449000,3.088691744827586,2.61,0.0,1.1699589942528734,2.230847416722263,,1.1699589942528734,1788233094000-632578958264631296-635414442816888832,,['900758004201160704'],,900758004201160704,
787737136659955712,1788241326000-632578958264631296-787737136659955712,1788241326000,1788241597000,1,2.604,1.069,2.4359214218896166,632578958264631296,1788241326000,787737136659955712,RJ47GA3339,271000,1788241597000,2.8233386632000004,2.604,0.06722222222222222,1.0694464633333334,2.4349044943153597,2.5,1.0694464633333334,1788241326000-632578958264631296-787737136659955712,,['900758004226326539'],,900758004226326539,
1046442077992255488,1788263658000-632578958264631296-1046442077992255488,1788263658000,1788264878000,1,2.601,1.479,1.7586206896551724,632578958264631296,1788263658000,1046442077992255488,RJ47GA3596,1220000,1788264878000,3.905441891044886,2.601,0.2999999999992724,1.4793340496382144,1.7582235740711167,1.625,1.4793340496382144,1788263658000-632578958264631296-1046442077992255488,,,,,
790193276584984576,1788227870000-632578958264631296-790193276584984576,1788227870000,1788228511000,1,2.59,1.289,2.009309542280838,632578958264631296,1788227870000,790193276584984576,RJ47GA2477,641000,1788228511000,3.4021989623809517,2.59,0.15527777777777776,1.2887117281746028,2.0097590045747533,2.5,1.2887117281746028,1788227870000-632578958264631296-790193276584984576,,['841055114193010688'],,841055114193010688,
1536014577374855168,1788242759000-632578958264631296-1536014577374855168,1788242759000,1788243431000,1,2.581,1.227,2.1035044824775873,632578958264631296,1788242759000,1536014577374855168,NL01AK9194,672000,1788243431000,3.239413170412085,2.581,0.10000000000002274,1.227050443337911,2.1034180086182745,2.6599999999998545,1.2270504433379112,1788242759000-632578958264631296-1536014577374855168,,,,,
944573988506435584,1788223245000-632578958264631296-944573988506435584,1788223245000,1788223881000,1,2.576,1.084,2.376383763837638,632578958264631296,1788223245000,944573988506435584,RJ47GA3719,636000,1788223881000,2.8626408450058483,2.576,0.1499999999996362,1.0843336534113062,2.3756525419052723,3.125,1.0843336534113062,1788223245000-632578958264631296-944573988506435584,,,,,
946025653910634496,1788256250000-632578958264631296-946025653910634496,1788256250000,1788257362000,1,2.554,4.303,0.5935393911224727,632578958264631296,1788256250000,946025653910634496,RJ47GA3361,1112000,1788257362000,11.360856202162854,2.554,0.25,4.303354622031383,0.5934904799443168,2.75,4.303354622031383,1788256250000-632578958264631296-946025653910634496,,,,,
1181865772805259264,1788254948000-632578958264631296-1181865772805259264,1788254948000,1788256547000,1,2.55,2.795,0.9123434704830053,632578958264631296,1788254948000,1181865772805259264,RJ47GA6388,1599000,1788256547000,7.380043520000002,2.55,0.4000000000005457,2.795471030303031,0.9121897427510018,2.599999999976717,2.795471030303031,1788254948000-632578958264631296-1181865772805259264,,,,,
902974583798235136,1788274743000-632578958264631296-902974583798235136,1788274743000,1788275459000,1,2.537,0.604,4.200331125827814,632578958264631296,1788274743000,902974583798235136,RJ47GA2140,716000,1788275459000,1.5933153532043276,2.537,0.1499999999996362,0.6035285428804271,4.203612289638865,1.625,0.6035285428804271,1788274743000-632578958264631296-902974583798235136,,,,,
1332765289414131712,1788236779000-632578958264631296-1332765289414131712,1788236779000,1788238382000,1,2.532,2.831,0.8943836100317909,632578958264631296,1788236779000,1332765289414131712,RJ47GA5602,1603000,1788238382000,7.4732448732662435,2.532,0.0,2.8307745732069103,0.8944548336576175,2.5,2.8307745732069103,1788236779000-632578958264631296-1332765289414131712,,,,,
997896292355014656,1788272917000-632578958264631296-997896292355014656,1788272917000,1788273275000,1,2.532,1.346,1.8811292719167905,632578958264631296,1788272917000,997896292355014656,RJ47GA5837,358000,1788273275000,3.5524817330496448,2.532,0.09354083333333334,1.3456370200945624,1.8816366985965263,2.5899999999965075,1.3456370200945624,1788272917000-632578958264631296-997896292355014656,,,,,
902974583798235136,1788254183000-632578958264631296-902974583798235136,1788254183000,1788254706000,1,2.527,1.009,2.5044598612487614,632578958264631296,1788254183000,902974583798235136,RJ47GA2140,523000,1788254706000,2.6634131567435912,2.527,0.09999999999854481,1.008868619978633,2.504786004795669,1.625,1.008868619978633,1788254183000-632578958264631296-902974583798235136,,,,,
1062738807117316096,1788243148000-632578958264631296-1062738807117316096,1788243148000,1788243413000,1,2.513,0.664,3.7846385542168672,632578958264631296,1788243148000,1062738807117316096,RJ47GA5531,265000,1788243413000,1.7530560240634923,2.513,0.06963055555555556,0.6640363727513228,3.784431249733818,1.8999999999941792,0.6640363727513228,1788243148000-632578958264631296-1062738807117316096,,,,,
1050036904705130496,1788270298000-632578958264631296-1050036904705130496,1788270298000,1788271014000,1,2.504,0.697,3.592539454806313,632578958264631296,1788270298000,1050036904705130496,RJ47GA6244,716000,1788271014000,1.8402432727647362,2.504,0.1000000000003638,0.6970618457442183,3.5922207122477112,2.400000000023283,0.6970618457442183,1788270298000-632578958264631296-1050036904705130496,,,,,
946024601958219776,1788302414000-632578958264631296-946024601958219776,1788302414000,1788303281000,1,2.502,1.207,2.072908036454018,632578958264631296,1788302414000,946024601958219776,RJ47GA3613,867000,1788303281000,3.18615900156196,2.502,0.2000000000007276,1.2068784096825604,2.073116877331569,2.5,1.2068784096825604,1788302414000-632578958264631296-946024601958219776,,,,,
943818921138454528,1788254997000-632578958264631296-943818921138454528,1788254997000,1788255346000,1,2.498,0.669,3.7339312406576983,632578958264631296,1788254997000,943818921138454528,RJ47GA3904,349000,1788255346000,1.766818962264151,2.498,0.0925,0.669249606918239,3.7325386136613394,2.875,0.669249606918239,1788254997000-632578958264631296-943818921138454528,,,,,
1385589109656911872,1788259569000-632578958264631296-1385589109656911872,1788259569000,1788260701000,1,2.494,1.568,1.590561224489796,632578958264631296,1788259569000,1385589109656911872,NL01AJ5693,1132000,1788260701000,4.14082862397485,2.494,0.3000000000001819,1.5684956908995646,1.5900585602308157,2.75,1.5684956908995646,1788259569000-632578958264631296-1385589109656911872,,,,,
1113518928358801408,1788259862000-632578958264631296-1113518928358801408,1788259862000,1788260052000,1,2.489,0.811,3.06905055487053,632578958264631296,1788259862000,1113518928358801408,RJ47GA3896,190000,1788260052000,2.1402106888888888,2.489,0.04851944444444444,0.810685867003367,3.0702397825194385,,0.810685867003367,1788259862000-632578958264631296-1113518928358801408,,,,,
787737136659955712,1788275148000-632578958264631296-787737136659955712,1788275148000,1788275357000,1,2.489,0.419,5.940334128878281,632578958264631296,1788275148000,787737136659955712,RJ47GA3339,209000,1788275357000,1.107054168385965,2.489,0.05513888888888888,0.4193387001461988,5.9355361170629655,,0.4193387001461988,1788275148000-632578958264631296-787737136659955712,,['900758004226326539'],,900758004226326539,
1593693995681185792,1788238578000-632578958264631296-1593693995681185792,1788238578000,1788239326000,1,2.484,1.594,1.5583437892095358,632578958264631296,1788238578000,1593693995681185792,NL01AL2126,748000,1788239326000,4.2070104387239216,2.484,0.15000000000000568,1.5935645601226975,1.5587696050474056,2.5700000000001637,1.5935645601226975,1788238578000-632578958264631296-1593693995681185792,,,,,
964169792938311680,1788255404000-632578958264631296-964169792938311680,1788255404000,1788256184000,1,2.478,1.219,2.032813781788351,632578958264631296,1788255404000,964169792938311680,RJ47GA2728,780000,1788256184000,3.2185598735438594,2.478,0.2000000000007276,1.2191514672514618,2.0325612252155776,2.125,1.2191514672514618,1788255404000-632578958264631296-964169792938311680,,,,,
1061979678694178816,1788236921000-632578958264631296-1061979678694178816,1788236921000,1788238385000,1,2.468,2.489,0.9915628766572921,632578958264631296,1788236921000,1061979678694178816,RJ47GA3541,1464000,1788238385000,6.570202467251891,2.468,0.3500000000003638,2.488713055777231,0.9916772021068687,2.75,2.488713055777231,1788236921000-632578958264631296-1061979678694178816,,,,,
635414442816888832,1788234487000-632578958264631296-635414442816888832,1788234487000,1788234663000,1,2.46,0.589,4.176570458404075,632578958264631296,1788234487000,635414442816888832,RJ47GA2707,176000,1788234663000,1.5559501880341882,2.46,0.0,0.5893750712250713,4.173912539067286,,0.5893750712250713,1788234487000-632578958264631296-635414442816888832,,['900758004201160704'],,900758004201160704,
1067775012183736320,1788244072000-632578958264631296-1067775012183736320,1788244072000,1788244607000,1,2.446,0.914,2.676148796498906,632578958264631296,1788244072000,1067775012183736320,RJ47GA3615,535000,1788244607000,2.412365005649717,2.446,0.1000000000003638,0.9137746233521654,2.676808851428697,2.75,0.9137746233521654,1788244072000-632578958264631296-1067775012183736320,,,,,
787737136659955712,1788273907000-632578958264631296-787737136659955712,1788273907000,1788274091000,1,2.443,0.425,5.748235294117648,632578958264631296,1788273907000,787737136659955712,RJ47GA3339,184000,1788274091000,1.1215055631808282,2.443,0.047833333333333325,0.42481271332607123,5.750769511751499,1.599999999976717,0.42481271332607123,1788273907000-632578958264631296-787737136659955712,,['900758004226326539'],,900758004226326539,
870575606247456768,1788247131000-632578958264631296-870575606247456768,1788247131000,1788247840000,1,2.432,1.202,2.0232945091514143,632578958264631296,1788247131000,870575606247456768,RJ47GA4668,709000,1788247840000,3.1720480074856963,2.432,0.1000000000003638,1.2015333361688243,2.024080337008882,2.400000000023283,1.2015333361688243,1788247131000-632578958264631296-870575606247456768,,,,,0.0
951558414842986496,1788237465000-632578958264631296-951558414842986496,1788237465000,1788237841000,1,2.419,1.945,1.2437017994858612,632578958264631296,1788237465000,951558414842986496,RJ47GA3895,376000,1788237841000,5.134145885390072,2.419,0.10023055555555556,1.944752229314421,1.243860253011647,,1.944752229314421,1788237465000-632578958264631296-951558414842986496,,,,,
952162532812914688,1788261904000-632578958264631296-952162532812914688,1788261904000,1788263219000,1,2.4,1.622,1.4796547472256472,632578958264631296,1788261904000,952162532812914688,RJ47GA4523,1315000,1788263219000,4.283013334135394,2.4,0.0,1.6223535356573462,1.4793323078175846,2.375,1.6223535356573462,1788261904000-632578958264631296-952162532812914688,,,,,
1385305035948163072,1788255163000-632578958264631296-1385305035948163072,1788255163000,1788256144000,1,2.395,0.819,2.9242979242979246,632578958264631296,1788255163000,1385305035948163072,NL01AJ5689,981000,1788256144000,2.1616985334920638,2.395,0.20000000000027285,0.8188252020803272,2.9249221859747414,2.25,0.8188252020803272,1788255163000-632578958264631296-1385305035948163072,,,,,
1536014543027699712,1788267419000-632578958264631296-1536014543027699712,1788267419000,1788267930000,1,2.393,0.755,3.1695364238410595,632578958264631296,1788267419000,1536014543027699712,NL01AK8409,511000,1788267930000,1.9933352382576945,2.393,0.10000000000002274,0.755051226612763,3.169321385961112,2.0900000000037835,0.755051226612763,1788267419000-632578958264631296-1536014543027699712,,,,,
1536014603211767808,1788225071000-632578958264631296-1536014603211767808,1788225071000,1788226423000,1,2.389,1.904,1.2547268907563025,632578958264631296,1788225071000,1536014603211767808,NL01AK9193,1352000,1788226423000,5.027037690413341,2.389,0.35000000000002274,1.9041809433383865,1.2546076612927521,2.475000000002183,1.9041809433383867,1788225071000-632578958264631296-1536014603211767808,,,,,
927171595435245568,1788226925000-632578958264631296-927171595435245568,1788226925000,1788227125000,1,2.368,0.498,4.755020080321285,632578958264631296,1788226925000,927171595435245568,RJ47GA3670,200000,1788227125000,1.3153691576290936,2.368,0.0,0.49824589304132333,4.752673394948794,,0.3470515635101011,1788226925000-632578958264631296-927171595435245568,,,,,
1081533146517733376,1788239340000-632578958264631296-1081533146517733376,1788239340000,1788239960000,1,2.353,0.963,2.4434060228452754,632578958264631296,1788239340000,1081533146517733376,RJ47GA5872,620000,1788239960000,2.542947467526777,2.353,0.1000000000003638,0.9632376770934762,2.442803116983615,2.3999999999650754,0.9632376770934761,1788239340000-632578958264631296-1081533146517733376,,,,,
1464286808345935872,1788235048000-632578958264631296-1464286808345935872,1788235048000,1788235221000,1,2.315,0.415,5.578313253012048,632578958264631296,1788235048000,1464286808345935872,NL01AK1960,173000,1788235221000,1.0950507329822323,2.315,0.04388888888888889,0.4147919443114516,5.581111281808679,,0.2739824882154882,1788235048000-632578958264631296-1464286808345935872,,,,,
870568761881526272,1788263996000-632578958264631296-870568761881526272,1788263996000,1788264873000,1,2.305,1.186,1.9435075885328839,632578958264631296,1788263996000,870568761881526272,RJ47GA4522,877000,1788264873000,3.1312104828571434,2.305,0.1999999999989086,1.186064576839827,1.9434017717159093,2.300000000046566,1.186064576839827,1788263996000-632578958264631296-870568761881526272,,,,,0.0
916722872880201728,1788243078000-632578958264631296-916722872880201728,1788243078000,1788243379000,1,2.304,0.673,3.4234769687964333,632578958264631296,1788243078000,916722872880201728,RJ47GA2142,301000,1788243379000,1.7761773636851859,2.304,0.07698972222222222,0.6727944559413582,3.424522868245543,2.125,0.6727944559413582,1788243078000-632578958264631296-916722872880201728,,,,,
1067764779667423232,1788237784000-632578958264631296-1067764779667423232,1788237784000,1788238657000,1,2.302,1.515,1.5194719471947196,632578958264631296,1788237784000,1067764779667423232,RJ47GA6309,873000,1788238657000,4.000230322450291,2.302,0.1999999999998181,1.515238758503898,1.5192325216607625,2.3000000000174623,1.515238758503898,1788237784000-632578958264631296-1067764779667423232,,,,,
1049341310072258560,1788274549000-632578958264631296-1049341310072258560,1788274549000,1788275396000,1,2.298,0.927,2.4789644012944985,632578958264631296,1788274549000,1049341310072258560,RJ47GA3322,847000,1788275396000,2.446407145710693,2.298,0.1999999999989086,0.9266693733752626,2.479848871696125,2.25,0.9266693733752625,1788274549000-632578958264631296-1049341310072258560,,,,,
869903934959910912,1788247120000-632578958264631296-869903934959910912,1788247120000,1788248366000,1,2.298,1.506,1.5258964143426295,632578958264631296,1788247120000,869903934959910912,RJ47GA4505,1246000,1788248366000,3.975882552086516,2.298,0.3000000000010914,1.5060161182145893,1.5258800833581534,2.300000000046566,1.5060161182145893,1788247120000-632578958264631296-869903934959910912,,,,,0.0
787737136659955712,1788269143000-632578958264631296-787737136659955712,1788269143000,1788269330000,1,2.285,0.736,3.1046195652173916,632578958264631296,1788269143000,787737136659955712,RJ47GA3339,187000,1788269330000,1.942025795686275,2.285,0.04855555555555556,0.7356158316993465,3.1062409229575993,1.5,0.7356158316993465,1788269143000-632578958264631296-787737136659955712,,['900758004226326539'],,900758004226326539,
1073278104413143040,1788274532000-632578958264631296-1073278104413143040,1788274532000,1788275367000,1,2.279,0.916,2.4879912663755457,632578958264631296,1788274532000,1073278104413143040,RJ47GA3367,835000,1788275367000,2.4171277475736948,2.279,0.1999999999989086,0.9155786922627631,2.4891361269752514,,0.9155786922627632,1788274532000-632578958264631296-1073278104413143040,,,,,
1042868881099587584,1788242181000-632578958264631296-1042868881099587584,1788242181000,1788242478000,1,2.272,0.463,4.907127429805615,632578958264631296,1788242181000,1042868881099587584,RJ47GA5629,297000,1788242478000,1.2230543496968802,2.272,0.0620838888888889,0.46327816276396977,4.90418107869577,2.2999999999883585,0.408753502500495,1788242181000-632578958264631296-1042868881099587584,,,,,
1061980520671346688,1788245688000-632578958264631296-1061980520671346688,1788245688000,1788246206000,1,2.253,1.152,1.955729166666667,632578958264631296,1788245688000,1061980520671346688,RJ47GA3390,518000,1788246206000,3.041617050250895,2.253,0.1000000000003638,1.1521276705495813,1.955512446745843,2.375,1.1521276705495813,1788245688000-632578958264631296-1061980520671346688,,,,,
927189698663677952,1788260614000-632578958264631296-927189698663677952,1788260614000,1788260966000,1,2.252,0.983,2.2909460834181075,632578958264631296,1788260614000,927189698663677952,RJ47GA3520,352000,1788260966000,2.596203084322628,2.252,0.09347222222222222,0.9834102592131166,2.2899903462487314,1.625,0.9834102592131168,1788260614000-632578958264631296-927189698663677952,,,,,
1074385452921782272,1788257826000-632578958264631296-1074385452921782272,1788257826000,1788258018000,1,2.241,0.357,6.277310924369749,632578958264631296,1788257826000,1074385452921782272,RJ47GA5841,192000,1788258018000,0.9429035775698698,2.241,0.04784722222222222,0.35716044604919306,6.274490987983979,1.4400000000023283,0.22192592592592594,1788257826000-632578958264631296-1074385452921782272,,,,,
869903934959910912,1788238448000-632578958264631296-869903934959910912,1788238448000,1788239308000,1,2.236,1.667,1.3413317336532695,632578958264631296,1788238448000,869903934959910912,RJ47GA4505,860000,1788239308000,4.40017022638841,2.236,0.2000000000007276,1.6667311463592462,1.3415480984346195,2.099999999976717,1.6667311463592462,1788238448000-632578958264631296-869903934959910912,,,,,0.0
1536397466075660288,1788235205000-632578958264631296-1536397466075660288,1788235205000,1788236077000,1,2.234,1.079,2.070435588507878,632578958264631296,1788235205000,1536397466075660288,NL01AK8051,872000,1788236077000,2.8491367167049164,2.234,0.20000000000004547,1.0792184532973168,2.0700164949686504,2.25,1.0792184532973168,1788235205000-632578958264631296-1536397466075660288,,,,,
1094650284191252480,1788272757000-632578958264631296-1094650284191252480,1788272757000,1788274954000,1,2.232,1.572,1.419847328244275,632578958264631296,1788272757000,1094650284191252480,RJ47GA3900,2197000,1788274954000,4.149258493377353,2.232,0.5999999999985448,1.5716888232489972,1.420128442083088,2.125,1.5716888232489972,1788272757000-632578958264631296-1094650284191252480,,,,,
1142833661045899264,1788276924000-632578958264631296-1142833661045899264,1788276924000,1788277414000,1,2.223,0.979,2.2706843718079672,632578958264631296,1788276924000,1142833661045899264,RJ47GA6293,490000,1788277414000,2.5836829943778983,2.223,0.1000000000003638,0.978667800900719,2.27145513314534,2.2999999999883585,0.978667800900719,1788276924000-632578958264631296-1142833661045899264,,,,,
1471148657502846976,1788269197000-632578958264631296-1471148657502846976,1788269197000,1788270193000,1,2.213,0.985,2.2467005076142135,632578958264631296,1788269197000,1471148657502846976,NL01AK2620,996000,1788270193000,2.601704551634053,2.213,0.25,0.9854941483462322,2.2455739627816746,2.375,0.9854941483462321,1788269197000-632578958264631296-1471148657502846976,,,,,
929726540265029632,1788227987000-632578958264631296-929726540265029632,1788227987000,1788228596000,1,2.21,0.914,2.4179431072210065,632578958264631296,1788227987000,929726540265029632,RJ47GA3766,609000,1788228596000,2.4120378868543897,2.21,0.1500000000014552,0.9136507147175718,2.4188674779104797,2.125,0.9136507147175718,1788227987000-632578958264631296-929726540265029632,,,,,
787737136659955712,1788263928000-632578958264631296-787737136659955712,1788263928000,1788264153000,1,2.205,0.613,3.5970636215334424,632578958264631296,1788263928000,787737136659955712,RJ47GA3339,225000,1788264153000,1.6183109266666673,2.205,0.059722222222222225,0.6129965631313133,3.597083789077713,,0.6129965631313133,1788263928000-632578958264631296-787737136659955712,,['900758004226326539'],,900758004226326539,
1061980520671346688,1788269663000-632578958264631296-1061980520671346688,1788269663000,1788270537000,1,2.196,1.511,1.453342157511582,632578958264631296,1788269663000,1061980520671346688,RJ47GA3390,874000,1788270537000,3.9881924958555426,2.196,0.25,1.510678975702857,1.4536509975445255,2.375,1.510678975702857,1788269663000-632578958264631296-1061980520671346688,,,,,
1045014601197944832,1788224712000-632578958264631296-1045014601197944832,1788224712000,1788225557000,1,2.194,1.879,1.1676423629590207,632578958264631296,1788224712000,1045014601197944832,RJ47GA5632,845000,1788225557000,4.961177815540282,2.194,0.2000000000007276,1.8792340210379854,1.1674969564398132,2.2999999999883585,1.8792340210379854,1788224712000-632578958264631296-1045014601197944832,,,,,
946024601958219776,1788255442000-632578958264631296-946024601958219776,1788255442000,1788255876000,1,2.19,0.532,4.116541353383458,632578958264631296,1788255442000,946024601958219776,RJ47GA3613,434000,1788255876000,1.403518935304032,2.19,0.11340277777777777,0.5316359603424363,4.119360170048282,2.125,0.46215008331877483,1788255442000-632578958264631296-946024601958219776,,,,,
1489984398731247616,1788240726000-632578958264631296-1489984398731247616,1788240726000,1788241456000,1,2.184,1.51,1.4463576158940399,632578958264631296,1788240726000,1489984398731247616,Nl01AK8377,730000,1788241456000,3.9864000000005766,2.184,0.15000000000009095,1.5100000000002183,1.4463576158938307,2.2400000000052387,1.5100000000002183,1788240726000-632578958264631296-1489984398731247616,,,,,
876422423786815488,1788259588000-632578958264631296-876422423786815488,1788259588000,1788260330000,1,2.178,1.121,1.9429081177520071,632578958264631296,1788259588000,876422423786815488,RJ14GN1576,742000,1788260330000,2.958546106636066,2.178,0.1000000000003638,1.1206614040288128,1.9434951468570452,2.0,1.1206614040288128,1788259588000-632578958264631296-876422423786815488,,,,,0.18399999999999608
780122893064339456,1788225063000-632578958264631296-780122893064339456,1788225063000,1788225380000,1,2.172,0.934,2.3254817987152037,632578958264631296,1788225063000,780122893064339456,RJ47GA3065,317000,1788225380000,2.4665399377948716,2.172,0.05777777777777778,0.9342954309829059,2.324746464525673,1.7000000000116415,0.9342954309829059,1788225063000-632578958264631296-780122893064339456,,['900758004201160710'],,900758004201160710,
1042868881099587584,1788235194000-632578958264631296-1042868881099587584,1788235194000,1788235814000,1,2.169,1.412,1.5361189801699717,632578958264631296,1788235194000,1042868881099587584,RJ47GA5629,620000,1788235814000,3.7286455807697534,2.169,0.1500000000005457,1.4123657502915732,1.5357211823865207,2.0,1.4123657502915732,1788235194000-632578958264631296-1042868881099587584,,,,,
1049341310072258560,1788238544000-632578958264631296-1049341310072258560,1788238544000,1788239405000,1,2.169,1.093,1.9844464775846296,632578958264631296,1788238544000,1049341310072258560,RJ47GA3322,861000,1788239405000,2.884867068248686,2.169,0.2000000000007276,1.0927526773669265,1.9848956172099035,2.125,1.0927526773669265,1788238544000-632578958264631296-1049341310072258560,,,,,
1067776159577538560,1788299921000-632578958264631296-1067776159577538560,1788299921000,1788300517000,1,2.168,1.37,1.5824817518248175,632578958264631296,1788299921000,1067776159577538560,RJ14GP9561,596000,1788300517000,3.6159483284428777,2.168,0.1500000000005457,1.3696773971374536,1.5828544769235402,2.099999999976717,1.3696773971374536,1788299921000-632578958264631296-1067776159577538560,,,,,
1070370579279773696,1788239733000-632578958264631296-1070370579279773696,1788239733000,1788240489000,1,2.164,0.573,3.7766143106457246,632578958264631296,1788239733000,1070370579279773696,RJ47GA3736,756000,1788240489000,1.512100154531835,2.164,0.1500000000014552,0.5727652100499375,3.7781624338030726,2.125,0.5727652100499375,1788239733000-632578958264631296-1070370579279773696,,,,,
1049341310072258560,1788263977000-632578958264631296-1049341310072258560,1788263977000,1788265009000,1,2.16,1.513,1.4276272306675482,632578958264631296,1788263977000,1049341310072258560,RJ47GA3322,1032000,1788265009000,3.9942843481489834,2.16,0.25,1.5129864955109784,1.427639973263943,2.125,1.5129864955109784,1788263977000-632578958264631296-1049341310072258560,,,,,
1071858322266652672,1788231246000-632578958264631296-1071858322266652672,1788231246000,1788231698000,1,2.158,0.817,2.641370869033048,632578958264631296,1788231246000,1071858322266652672,RJ47GA5753,452000,1788231698000,2.1566768929999993,2.158,0.1000000000003638,0.8169230655303028,2.641619622527296,2.199999999953434,0.8169230655303028,1788231246000-632578958264631296-1071858322266652672,,,,,
1067764585097854976,1788230925000-632578958264631296-1067764585097854976,1788230925000,1788231901000,1,2.157,1.422,1.5168776371308017,632578958264631296,1788230925000,1067764585097854976,RJ47GA6231,976000,1788231901000,3.75341162037255,2.157,0.25,1.4217468258986932,1.5171477514194904,2.3000000000174623,1.4217468258986932,1788230925000-632578958264631296-1067764585097854976,,,,,
947091862986948608,1788267947000-632578958264631296-947091862986948608,1788267947000,1788268364000,1,2.157,0.451,4.78270509977827,632578958264631296,1788267947000,947091862986948608,RJ47GA3376,417000,1788268364000,1.1915300012512775,2.157,0.11083333333333334,0.45133712168608997,4.779132706704807,1.875,0.39248400136165584,1788267947000-632578958264631296-947091862986948608,,,,,
1181299462874595328,1788265336000-632578958264631296-1181299462874595328,1788265336000,1788266314000,1,2.155,0.922,2.3373101952277655,632578958264631296,1788265336000,1181299462874595328,RJ47GA5941,978000,1788266314000,2.4346217164068618,2.155,0.25,0.9222051956086598,2.3367901311569708,2.0,0.9222051956086598,1788265336000-632578958264631296-1181299462874595328,,,,,
1406229042385911808,1788223506000-632578958264631296-1406229042385911808,1788223506000,1788224540000,1,2.141,1.558,1.3741976893453145,632578958264631296,1788223506000,1406229042385911808,NL01AJ7422,1034000,1788224540000,4.1125624699683705,2.141,0.25,1.5577888143819585,1.374383985963737,2.2250000000058208,1.5577888143819585,1788223506000-632578958264631296-1406229042385911808,,,,,
1536014716214706176,1788265761000-632578958264631296-1536014716214706176,1788265761000,1788266430000,1,2.14,0.565,3.787610619469027,632578958264631296,1788265761000,1536014716214706176,RJ47GA8947,669000,1788266430000,1.4922437860714286,2.14,0.17172222222222225,0.5652438583603896,3.7859765627662485,,0.5652438583603896,1788265761000-632578958264631296-1536014716214706176,,,,,
1113518928358801408,1788258956000-632578958264631296-1113518928358801408,1788258956000,1788259322000,1,2.134,1.394,1.5308464849354375,632578958264631296,1788258956000,1113518928358801408,RJ47GA3896,366000,1788259322000,3.679759954222223,2.134,0.09722222222222222,1.3938484675084177,1.5310129111915907,1.5,1.3938484675084177,1788258956000-632578958264631296-1113518928358801408,,,,,
874363612666265600,1788253731000-632578958264631296-874363612666265600,1788253731000,1788254145000,1,2.124,1.135,1.8713656387665198,632578958264631296,1788253731000,874363612666265600,RJ47GA1973,414000,1788254145000,2.997695035460993,2.124,0.0,1.1354905437352245,1.8705571893298636,1.625,1.1354905437352245,1788253731000-632578958264631296-874363612666265600,,['900758004175994887'],,900758004175994887,
1083726789898928128,1788266017000-632578958264631296-1083726789898928128,1788266017000,1788266547000,1,2.117,0.853,2.481828839390387,632578958264631296,1788266017000,1083726789898928128,RJ47GA6312,530000,1788266547000,2.251153265428572,2.117,0.09492861111111112,0.8527095702380953,2.482674141218899,1.8000000000174623,0.8527095702380955,1788266017000-632578958264631296-1083726789898928128,,,,,
1389243774684626944,1788268839000-632578958264631296-1389243774684626944,1788268839000,1788269849000,1,2.117,1.504,1.4075797872340425,632578958264631296,1788268839000,1389243774684626944,NL01AJ6143,1010000,1788269849000,3.9717476082257757,2.117,0.25,1.5044498516006726,1.407158901140905,2.125,1.5044498516006726,1788268839000-632578958264631296-1389243774684626944,,,,,
1071858322266652672,1788230267000-632578958264631296-1071858322266652672,1788230267000,1788231157000,1,2.115,0.92,2.298913043478261,632578958264631296,1788230267000,1071858322266652672,RJ47GA5753,890000,1788231157000,2.4282404385585576,2.115,0.1999999999998181,0.9197880449085446,2.299442802836491,2.1000000000349246,0.9197880449085447,1788230267000-632578958264631296-1071858322266652672,,,,,
944574738938724352,1788273541000-632578958264631296-944574738938724352,1788273541000,1788275245000,1,2.113,1.225,1.7248979591836733,632578958264631296,1788273541000,944574738938724352,RJ47GA3524,1704000,1788275245000,3.2327293187519768,2.113,0.4499999999989086,1.2245186813454456,1.7255759607344916,2.0,1.2245186813454456,1788273541000-632578958264631296-944574738938724352,,,,,
1073278104413143040,1788224430000-632578958264631296-1073278104413143040,1788224430000,1788224903000,1,2.097,1.443,1.4532224532224531,632578958264631296,1788224430000,1073278104413143040,RJ47GA3367,473000,1788224903000,3.8084586238380416,2.097,0.1000000000003638,1.4425979635750157,1.4536274505776086,,1.4425979635750157,1788224430000-632578958264631296-1073278104413143040,,,,,
1103352309556969472,1788230139000-632578958264631296-1103352309556969472,1788230139000,1788230558000,1,2.097,0.596,3.5184563758389262,632578958264631296,1788230139000,1103352309556969472,RJ47GA5608,419000,1788230558000,1.573023775714286,2.097,0.0,0.5958423392857144,3.5193873643048725,1.900000000023283,0.5958423392857144,1788230139000-632578958264631296-1103352309556969472,,,,,
1083039951072788480,1788243467000-632578958264631296-1083039951072788480,1788243467000,1788244024000,1,2.096,0.748,2.802139037433155,632578958264631296,1788243467000,1083039951072788480,RJ47GA5903,557000,1788244024000,1.9742223410946589,2.096,0.0999999999994543,0.7478114928388859,2.8028453962950497,2.0,0.7478114928388859,1788243467000-632578958264631296-1083039951072788480,,,,,
1056588446363025408,1788241833000-632578958264631296-1056588446363025408,1788241833000,1788241981000,1,2.092,0.757,2.763540290620872,632578958264631296,1788241833000,1056588446363025408,RJ47GA3530,148000,1788241981000,1.998317921809524,2.092,0.03666666666666667,0.7569386067460318,2.7637644339389715,1.5,0.7569386067460318,1788241833000-632578958264631296-1056588446363025408,,,,,
927171595435245568,1788243287000-632578958264631296-927171595435245568,1788243287000,1788243472000,1,2.068,1.342,1.540983606557377,632578958264631296,1788243287000,927171595435245568,RJ47GA3670,185000,1788243472000,3.5423591678095243,2.068,0.04699472222222222,1.3418027150793652,1.5412101769951192,,1.3418027150793652,1788243287000-632578958264631296-927171595435245568,,,,,
1536014716214706176,1788260671000-632578958264631296-1536014716214706176,1788260671000,1788261265000,1,2.064,0.525,3.9314285714285715,632578958264631296,1788260671000,1536014716214706176,RJ47GA8947,594000,1788261265000,1.3867431906693264,2.064,0.14766305555555553,0.5252815116171691,3.929321619650428,,0.5252815116171691,1788260671000-632578958264631296-1536014716214706176,,,,,
1046442514266980352,1788241342000-632578958264631296-1046442514266980352,1788241342000,1788243278000,1,2.059,1.844,1.1165943600867678,632578958264631296,1788241342000,1046442514266980352,RJ47GA3809,1936000,1788243278000,4.868044686542177,2.059,0.0,1.8439563206599157,1.1166208097939785,2.125,1.8439563206599159,1788241342000-632578958264631296-1046442514266980352,,,,,
939140658449350656,1788274816000-632578958264631296-939140658449350656,1788274816000,1788275295000,1,2.054,1.206,1.703150912106136,632578958264631296,1788274816000,939140658449350656,RJ47GA2643,479000,1788275295000,3.1830372007558942,2.054,0.10000000000218279,1.2056959093772326,1.703580466704025,1.875,1.2056959093772326,1788274816000-632578958264631296-939140658449350656,,,,,
1464628801508999168,1788240222000-632578958264631296-1464628801508999168,1788240222000,1788240912000,1,2.048,0.752,2.723404255319149,632578958264631296,1788240222000,1464628801508999168,NL01AK1964,690000,1788240912000,1.9854866976995422,2.048,0.1499999999996362,0.7520782945831599,2.723120737230033,2.125,0.7520782945831599,1788240222000-632578958264631296-1464628801508999168,,,,,
1065304732634972160,1788228071000-632578958264631296-1065304732634972160,1788228071000,1788228244000,1,2.042,0.497,4.1086519114688125,632578958264631296,1788228071000,1065304732634972160,RJ47GA4006,173000,1788228244000,1.3114602814424952,2.042,0.04354916666666666,0.49676525812215727,4.1105934173397065,1.25,0.49676525812215727,1788228071000-632578958264631296-1065304732634972160,,,,,
787737136659955712,1788244228000-632578958264631296-787737136659955712,1788244228000,1788244374000,1,2.04,0.382,5.340314136125654,632578958264631296,1788244228000,787737136659955712,RJ47GA3339,146000,1788244374000,1.0089614333333334,2.04,0.03666666666666667,0.38218236111111115,5.337765966145452,1.7000000000116415,0.38218236111111115,1788244228000-632578958264631296-787737136659955712,,['900758004226326539'],,900758004226326539,
1175796663680237568,1788260615000-632578958264631296-1175796663680237568,1788260615000,1788260883000,1,2.036,1.205,1.6896265560165975,632578958264631296,1788260615000,1175796663680237568,RJ47GA6336,268000,1788260883000,3.1821409990158718,2.036,0.07023055555555556,1.2053564390211635,1.6891269122462889,1.6000000000058208,1.2053564390211635,1788260615000-632578958264631296-1175796663680237568,,,,,
1065304732634972160,1788227468000-632578958264631296-1065304732634972160,1788227468000,1788227636000,1,2.034,0.505,4.027722772277228,632578958264631296,1788227468000,1065304732634972160,RJ47GA4006,168000,1788227636000,1.33214081,2.034,0.024190833333333335,0.5045987916666667,4.03092522929314,,0.5045987916666667,1788227468000-632578958264631296-1065304732634972160,,,,,
1422205634715058176,1788256818000-632578958264631296-1422205634715058176,1788256818000,1788257265000,1,2.028,0.492,4.121951219512195,632578958264631296,1788256818000,1422205634715058176,NL01AJ9005,447000,1788257265000,1.2990134180703308,2.028,0.11847222222222223,0.4920505371478525,4.121527865318886,2.0,0.4920505371478526,1788256818000-632578958264631296-1422205634715058176,,,,,
635414442816888832,1788248487000-632578958264631296-635414442816888832,1788248487000,1788248655000,1,2.023,0.509,3.974459724950884,632578958264631296,1788248487000,635414442816888832,RJ47GA2707,168000,1788248655000,1.344325982905983,2.023,0.0,0.5092143874643875,3.972786413348309,,0.5092143874643875,1788248487000-632578958264631296-635414442816888832,,['900758004201160704'],,900758004201160704,
1083726789898928128,1788258576000-632578958264631296-1083726789898928128,1788258576000,1788258931000,1,2.022,0.893,2.2642777155655094,632578958264631296,1788258576000,1083726789898928128,RJ47GA6312,355000,1788258931000,2.358178278260869,2.022,0.09036944444444445,0.8932493478260867,2.2636456493598,1.3999999999941792,0.8932493478260866,1788258576000-632578958264631296-1083726789898928128,,,,,
862677844923252736,1788244386000-632578958264631296-862677844923252736,1788244386000,1788244803000,1,2.022,0.922,2.1930585683297177,632578958264631296,1788244386000,862677844923252736,RJ47GA4377,417000,1788244803000,2.434340174525709,2.022,0.10882027777777778,0.9220985509567079,2.192824181213719,2.0,0.9220985509567079,1788244386000-632578958264631296-862677844923252736,,['900758004234715136'],,900758004234715136,
1132636093246603264,1788225354000-632578958264631296-1132636093246603264,1788225354000,1788225863000,1,2.005,1.61,1.2453416149068322,632578958264631296,1788225354000,1132636093246603264,NL01AJ4206,509000,1788225863000,4.250957275175511,2.005,0.1284722222222222,1.610211089081633,1.2451783580397093,2.0,1.610211089081633,1788225354000-632578958264631296-1132636093246603264,,,,,
1088485622458351616,1788265510000-632578958264631296-1088485622458351616,1788265510000,1788266336000,1,2.0,0.911,2.195389681668496,632578958264631296,1788265510000,1088485622458351616,RJ47GA5708,826000,1788266336000,2.405739512274145,2.0,0.2000000000007276,0.9112649667705094,2.1947513324120522,2.0,0.9112649667705094,1788265510000-632578958264631296-1088485622458351616,,,,,
873109579045535744,1788258945000-632578958264631296-873109579045535744,1788258945000,1788259371000,1,1.999,0.651,3.0706605222734256,632578958264631296,1788258945000,873109579045535744,RJ14GN1568,426000,1788259371000,1.717427408628841,1.999,0.08833333333333333,0.6505406850866822,3.072828565262818,1.7999999999883585,0.6505406850866822,1788258945000-632578958264631296-873109579045535744,,,,,
1373358446576926720,1788255843000-632578958264631296-1373358446576926720,1788255843000,1788256160000,1,1.988,0.152,13.078947368421053,632578958264631296,1788255843000,1373358446576926720,HR26EQ4539,317000,1788256160000,0.40046354966095254,1.988,0.07722222222218988,0.15169073850793657,13.105612244718463,1.7010000000009313,0.15169073850793657,1788255843000-632578958264631296-1373358446576926720,,,,,
947091862986948608,1788232964000-632578958264631296-947091862986948608,1788232964000,1788233518000,1,1.986,1.797,1.1051752921535893,632578958264631296,1788232964000,947091862986948608,RJ47GA3376,554000,1788233518000,4.74443783641791,1.986,0.1000000000003638,1.797135544097693,1.1050919372902015,2.0,1.797135544097693,1788232964000-632578958264631296-947091862986948608,,,,,
1072572023244324864,1788234236000-632578958264631296-1072572023244324864,1788234236000,1788237309000,1,1.985,2.874,0.6906750173973556,632578958264631296,1788234236000,1072572023244324864,RJ47GA5735,3073000,1788237309000,7.586384614798256,1.985,0.7999999999992724,2.87363053590843,0.6907638178240926,2.0,2.87363053590843,1788234236000-632578958264631296-1072572023244324864,,,,,
1135566388677574656,1788228495000-632578958264631296-1135566388677574656,1788228495000,1788229083000,1,1.985,1.447,1.3718037318590186,632578958264631296,1788228495000,1135566388677574656,RJ47GA6238,588000,1788229083000,3.82113742219614,1.985,0.1499999999996362,1.447400538710659,1.3714241130297171,2.1000000000058208,1.4474005387106588,1788228495000-632578958264631296-1135566388677574656,,,,,
787737136659955712,1788267173000-632578958264631296-787737136659955712,1788267173000,1788267343000,1,1.984,0.643,3.0855365474339034,632578958264631296,1788267173000,787737136659955712,RJ47GA3339,170000,1788267343000,1.6968780056250001,1.984,0.04314833333333334,0.6427568203125,3.086703924876915,,0.6427568203125,1788267173000-632578958264631296-787737136659955712,,['900758004226326539'],,900758004226326539,
942723675356921856,1788233452000-632578958264631296-942723675356921856,1788233452000,1788233994000,1,1.977,2.216,0.8921480144404331,632578958264631296,1788233452000,942723675356921856,RJ14GN1566,542000,1788233994000,5.849988594344943,1.977,0.0,2.2159047705852055,0.8921863548666343,2.0,2.2159047705852055,1788233452000-632578958264631296-942723675356921856,,,,,
635414442816888832,1788249381000-632578958264631296-635414442816888832,1788249381000,1788249570000,1,1.973,0.634,3.1119873817034702,632578958264631296,1788249381000,635414442816888832,RJ47GA2707,189000,1788249570000,1.6740988004583333,1.973,0.0,0.6341283335069444,3.11135758449499,,0.6341283335069444,1788249381000-632578958264631296-635414442816888832,,['900758004201160704'],,900758004201160704,
876422423786815488,1788254312000-632578958264631296-876422423786815488,1788254312000,1788255788000,1,1.973,1.809,1.0906578220011056,632578958264631296,1788254312000,876422423786815488,RJ14GN1576,1476000,1788255788000,4.775748547636634,1.973,0.3000000000010914,1.8089956619835734,1.0906604374255906,2.1000000000349246,1.8089956619835734,1788254312000-632578958264631296-876422423786815488,,,,,0.9199999999999935
1083726613264203776,1788251118000-632578958264631296-1083726613264203776,1788251118000,1788251604000,1,1.972,0.692,2.8497109826589595,632578958264631296,1788251118000,1083726613264203776,RJ47GA6345,486000,1788251604000,1.8272048384105464,1.972,0.1499999999996362,0.6921230448524797,2.849204364262016,1.8999999999941792,0.6921230448524797,1788251118000-632578958264631296-1083726613264203776,,,,,
1074385452921782272,1788257439000-632578958264631296-1074385452921782272,1788257439000,1788257718000,1,1.957,0.453,4.320088300220751,632578958264631296,1788257439000,1074385452921782272,RJ47GA5841,279000,1788257718000,1.195229274303351,1.957,0.07315611111111112,0.4527383614785421,4.322584889004935,1.4799999999813735,0.452738361478542,1788257439000-632578958264631296-1074385452921782272,,,,,
1046442514266980352,1788248183000-632578958264631296-1046442514266980352,1788248183000,1788249588000,1,1.952,0.743,2.6271870794078063,632578958264631296,1788248183000,1046442514266980352,RJ47GA3809,1405000,1788249588000,1.9602584461548098,1.952,0.0,0.7425221386950037,2.628877845219101,1.875,0.7425221386950037,1788248183000-632578958264631296-1046442514266980352,,,,,
1536014716214706176,1788238830000-632578958264631296-1536014716214706176,1788238830000,1788239778000,1,1.948,1.286,1.5147744945567652,632578958264631296,1788238830000,1536014716214706176,RJ47GA8947,948000,1788239778000,3.3956623662578873,1.948,0.20550833333333335,1.2862357447946542,1.5144968625568678,,1.2862357447946542,1788238830000-632578958264631296-1536014716214706176,,,,,
952583803866447872,1788231143000-632578958264631296-952583803866447872,1788231143000,1788233062000,1,1.942,1.164,1.668384879725086,632578958264631296,1788231143000,952583803866447872,RJ47GA3767,1919000,1788233062000,3.0728733841250144,1.942,0.5,1.1639671909564449,1.6684319069201914,2.0,1.1639671909564449,1788231143000-632578958264631296-952583803866447872,,,,,
1135566388677574656,1788280011000-632578958264631296-1135566388677574656,1788280011000,1788280311000,1,1.94,0.884,2.194570135746606,632578958264631296,1788280011000,1135566388677574656,RJ47GA6238,300000,1788280311000,2.3347384739206354,1.94,0.07106416666666666,0.8843706340608467,2.1936504054775336,1.8999999999941792,0.8843706340608467,1788280011000-632578958264631296-1135566388677574656,,,,,
927171595435245568,1788230931000-632578958264631296-927171595435245568,1788230931000,1788231074000,1,1.94,0.412,4.70873786407767,632578958264631296,1788230931000,927171595435245568,RJ47GA3670,143000,1788231074000,1.0878927008583539,1.94,0.0,0.4120805685069522,4.707817228628363,1.375,0.21029724061355312,1788230931000-632578958264631296-927171595435245568,,,,,
800026217909583872,1788227841000-632578958264631296-800026217909583872,1788227841000,1788229838000,1,1.919,2.084,0.9208253358925144,632578958264631296,1788227841000,800026217909583872,RJ47GA3185,1997000,1788229838000,5.501891688860302,1.919,0.5,2.0840498821440536,0.9208032957568887,2.2000000000116415,2.0840498821440536,1788227841000-632578958264631296-800026217909583872,,['900758004222132224'],,900758004222132224,
874238000127541248,1788287897000-1194637793272266752-874238000127541248,1788287897000,1788288347000,1,1.911,1.319,1.4488248673237303,1194637793272266752,1788287897000,874238000127541248,RJ47GA4754,450000,1788288347000,3.4834314104255313,1.911,0.12254527777777778,1.3194815948581557,1.4482960637320845,1.2000000000116415,1.3194815948581557,1788287897000-1194637793272266752-874238000127541248,,,,,
1067776159577538560,1788260426000-632578958264631296-1067776159577538560,1788260426000,1788261298000,1,1.91,0.949,2.012644889357218,632578958264631296,1788260426000,1067776159577538560,RJ14GP9561,872000,1788261298000,2.5051761976851323,1.91,0.1499999999996362,0.9489303779110349,2.0127925551341854,1.7999999999883585,0.9489303779110349,1788260426000-632578958264631296-1067776159577538560,,,,,
1135566388677574656,1788279581000-632578958264631296-1135566388677574656,1788279581000,1788279886000,1,1.905,0.933,2.0418006430868165,632578958264631296,1788279581000,1135566388677574656,RJ47GA6238,305000,1788279886000,2.462942402031745,1.905,0.069445,0.9329327280423277,2.041947873345021,1.8999999999941792,0.9329327280423277,1788279581000-632578958264631296-1135566388677574656,,,,,
927171595435245568,1788222236000-632578958264631296-927171595435245568,1788222236000,1788222385000,1,1.9,0.378,5.026455026455026,632578958264631296,1788222236000,927171595435245568,RJ47GA3670,149000,1788222385000,0.9976602360014958,1.9,0.0,0.3779016045460211,5.027763780687035,,0.23979135256410256,1788222236000-632578958264631296-927171595435245568,,,,,
935951856658546688,1788282107000-632578958264631296-935951856658546688,1788282107000,1788282585000,1,1.897,0.968,1.959710743801653,632578958264631296,1788282107000,935951856658546688,RJ47GA4709,478000,1788282585000,2.5560829576628357,1.897,0.11468277777777777,0.9682132415389529,1.9592791325439443,1.7000000000043656,0.9682132415389529,1788282107000-632578958264631296-935951856658546688,,,,,
1046837731746906112,1788274556000-632578958264631296-1046837731746906112,1788274556000,1788275186000,1,1.875,0.664,2.8237951807228914,632578958264631296,1788274556000,1046837731746906112,RJ47GA3359,630000,1788275186000,1.7530606382978722,1.875,0.16479166666666664,0.6640381205673758,2.823633074555929,1.875,0.6640381205673758,1788274556000-632578958264631296-1046837731746906112,,,,,
964169792938311680,1788280323000-632578958264631296-964169792938311680,1788280323000,1788280780000,1,1.874,0.832,2.2524038461538463,632578958264631296,1788280323000,964169792938311680,RJ47GA2728,457000,1788280780000,2.1962441844444447,1.874,0.0995361111111111,0.8319106759259259,2.252645691695466,1.125,0.8319106759259259,1788280323000-632578958264631296-964169792938311680,,,,,
1536014716214706176,1788242331000-632578958264631296-1536014716214706176,1788242331000,1788243020000,1,1.871,1.173,1.5950554134697357,632578958264631296,1788242331000,1536014716214706176,RJ47GA8947,689000,1788243020000,3.095473808259887,1.871,0.184675,1.1725279576741996,1.5956975590682494,,1.1725279576741996,1788242331000-632578958264631296-1536014716214706176,,,,,
1422205727123963904,1788260480000-632578958264631296-1422205727123963904,1788260480000,1788260913000,1,1.868,1.192,1.5671140939597317,632578958264631296,1788260480000,1422205727123963904,NL01AJ9006,433000,1788260913000,3.146338240770975,1.868,0.10680444444444444,1.1917947881708237,1.5673839309760882,1.625,1.1917947881708237,1788260480000-632578958264631296-1422205727123963904,,,,,
787737136659955712,1788268973000-632578958264631296-787737136659955712,1788268973000,1788269119000,1,1.859,0.459,4.050108932461874,632578958264631296,1788268973000,787737136659955712,RJ47GA3339,146000,1788269119000,1.21075372,1.859,0.033888888888888885,0.4586188333333333,4.053475053539377,1.599999999976717,0.4586188333333333,1788268973000-632578958264631296-787737136659955712,,['900758004226326539'],,900758004226326539,
1464286808345935872,1788234064000-632578958264631296-1464286808345935872,1788234064000,1788234359000,1,1.853,0.763,2.4285714285714284,632578958264631296,1788234064000,1464286808345935872,NL01AK1960,295000,1788234359000,2.0131037460323884,1.853,0.07148166666666667,0.7625392977395411,2.4300386950456225,1.375,0.7625392977395411,1788234064000-632578958264631296-1464286808345935872,,,,,
1056588446363025408,1788226897000-632578958264631296-1056588446363025408,1788226897000,1788227034000,1,1.852,0.794,2.332493702770781,632578958264631296,1788226897000,1056588446363025408,RJ47GA3530,137000,1788227034000,2.0956635897435896,1.852,0.03305555555555555,0.7938119658119658,2.33304621215384,1.5,0.7938119658119658,1788226897000-632578958264631296-1056588446363025408,,,,,
1062738807117316096,1788237445000-632578958264631296-1062738807117316096,1788237445000,1788238062000,1,1.852,0.738,2.5094850948509486,632578958264631296,1788237445000,1062738807117316096,RJ47GA5531,617000,1788238062000,1.9480015417137477,1.852,0.0999999999994543,0.7378793718612681,2.509895344178564,1.8000000000174623,0.7378793718612681,1788237445000-632578958264631296-1062738807117316096,,,,,
1464286677953413120,1788229351000-632578958264631296-1464286677953413120,1788229351000,1788229897000,1,1.85,1.484,1.2466307277628033,632578958264631296,1788229351000,1464286677953413120,NL01AK1958,546000,1788229897000,3.918235867918624,1.85,0.15000000000009095,1.4841802529994788,1.2464793250423671,1.75,1.4841802529994788,1788229351000-632578958264631296-1464286677953413120,,,,,
929707161364201472,1788262726000-632578958264631296-929707161364201472,1788262726000,1788263510000,1,1.846,1.508,1.2241379310344829,632578958264631296,1788262726000,929707161364201472,RJ47GA3515,784000,1788263510000,3.9821163157425747,1.846,0.2000000000007276,1.5083773923267327,1.2238316547243333,2.0,1.5083773923267327,1788262726000-632578958264631296-929707161364201472,,,,,
1050467664377413632,1788260614000-632578958264631296-1050467664377413632,1788260614000,1788262379000,1,1.844,1.039,1.7747834456207894,632578958264631296,1788260614000,1050467664377413632,RJ47GA3872,1765000,1788262379000,2.7442045832221424,1.844,0.4499999999989086,1.0394714330386903,1.7739785254217413,1.75,1.0394714330386903,1788260614000-632578958264631296-1050467664377413632,,,,,
1070378226594873344,1788269666000-632578958264631296-1070378226594873344,1788269666000,1788270383000,1,1.841,1.365,1.3487179487179488,632578958264631296,1788269666000,1070378226594873344,RJ47GA3436,717000,1788270383000,3.6032638991596633,1.841,0.1499999999996362,1.36487268907563,1.3488437527802177,1.75,1.36487268907563,1788269666000-632578958264631296-1070378226594873344,,,,,
961239466377216000,1788234572000-632578958264631296-961239466377216000,1788234572000,1788235335000,1,1.831,0.841,2.177170035671819,632578958264631296,1788234572000,961239466377216000,RJ47GA2691,763000,1788235335000,2.2202129396400188,1.831,0.1499999999996362,0.8409897498636435,2.1771965714170416,,0.8409897498636434,1788234572000-632578958264631296-961239466377216000,,,,,
1046442514266980352,1788220979000-632578958264631296-1046442514266980352,1788220979000,1788221145000,1,1.822,0.774,2.354005167958656,632578958264631296,1788220979000,1046442514266980352,RJ47GA3809,166000,1788221145000,2.0431045945138893,1.822,0.0,0.7739032554976852,2.3542994386660125,,0.7739032554976852,1788220979000-632578958264631296-1046442514266980352,,,,,
1067776159577538560,1788273684000-632578958264631296-1067776159577538560,1788273684000,1788274384000,1,1.815,1.108,1.6380866425992777,632578958264631296,1788273684000,1067776159577538560,RJ14GP9561,700000,1788274384000,2.9238897820488345,1.815,0.1522222222218584,1.1075340083518312,1.6387758626942563,1.6000000000058208,1.0902480842560454,1788273684000-632578958264631296-1067776159577538560,,,,,
927171595435245568,1788257342000-632578958264631296-927171595435245568,1788257342000,1788257478000,1,1.814,0.525,3.455238095238095,632578958264631296,1788257342000,927171595435245568,RJ47GA3670,136000,1788257478000,1.3861533799999999,1.814,0.0,0.5250580984848484,3.454855767837179,1.375,0.5250580984848484,1788257342000-632578958264631296-927171595435245568,,,,,
927171595435245568,1788256238000-632578958264631296-927171595435245568,1788256238000,1788256401000,1,1.813,0.846,2.1430260047281324,632578958264631296,1788256238000,927171595435245568,RJ47GA3670,163000,1788256401000,2.2341091666666664,1.813,0.0,0.8462534722222221,2.1423841195465307,,0.8462534722222221,1788256238000-632578958264631296-927171595435245568,,,,,
1312806942439112704,1788267100000-632578958264631296-1312806942439112704,1788267100000,1788267388000,1,1.807,0.304,5.944078947368421,632578958264631296,1788267100000,1312806942439112704,NL01AH8912,288000,1788267388000,0.8015522223765814,1.807,0.07385416666666668,0.30361826605173536,5.95155233411449,1.625,0.06990372805155656,1788267100000-632578958264631296-1312806942439112704,,,,,
1489984398731247616,1788247561000-632578958264631296-1489984398731247616,1788247561000,1788248012000,1,1.802,0.55,3.2763636363636364,632578958264631296,1788247561000,1489984398731247616,Nl01AK8377,451000,1788248012000,1.4520000000028814,1.802,0.10000000000002274,0.5500000000010914,3.276363636357135,1.7900000000008731,0.5500000000010914,1788247561000-632578958264631296-1489984398731247616,,,,,
927171595435245568,1788234912000-632578958264631296-927171595435245568,1788234912000,1788235063000,1,1.79,0.46,3.891304347826087,632578958264631296,1788234912000,927171595435245568,RJ47GA3670,151000,1788235063000,1.2141951062637364,1.79,0.0,0.45992238873626373,3.8919610000252702,1.5,0.45992238873626373,1788234912000-632578958264631296-927171595435245568,,,,,
1373358446576926720,1788263265000-632578958264631296-1373358446576926720,1788263265000,1788263723000,1,1.782,0.123,14.487804878048781,632578958264631296,1788263265000,1373358446576926720,HR26EQ4539,458000,1788263723000,0.3253564615295239,1.782,0.1163888888886504,0.12324108391269845,14.45946386890214,1.5709999999962747,0.12324108391269845,1788263265000-632578958264631296-1373358446576926720,,,,,
1536014667858575360,1788247342000-632578958264631296-1536014667858575360,1788247342000,1788248818000,1,1.782,1.461,1.219712525667351,632578958264631296,1788247342000,1536014667858575360,RJ47GA8900,1476000,1788248818000,3.85726680323416,1.782,0.35000000000002274,1.4610859103159697,1.2196408078527228,1.7600000000020373,1.4610859103159697,1788247342000-632578958264631296-1536014667858575360,,,,,
997896292355014656,1788272262000-632578958264631296-997896292355014656,1788272262000,1788272693000,1,1.765,0.978,1.8047034764826175,632578958264631296,1788272262000,997896292355014656,RJ47GA5837,431000,1788272693000,2.5807503102222227,1.765,0.11132777777777776,0.9775569356902358,1.80552143364802,1.8450000000011642,0.9775569356902358,1788272262000-632578958264631296-997896292355014656,,,,,
1478819140813717504,1788224390000-632578958264631296-1478819140813717504,1788224390000,1788225413000,1,1.764,1.302,1.3548387096774193,632578958264631296,1788224390000,1478819140813717504,NL01AK3097,1023000,1788225413000,3.4380510158355926,1.764,0.25,1.302292051452876,1.3545348741336698,1.75,1.302292051452876,1788224390000-632578958264631296-1478819140813717504,,,,,
787737136659955712,1788266828000-632578958264631296-787737136659955712,1788266828000,1788266974000,1,1.76,0.349,5.04297994269341,632578958264631296,1788266828000,787737136659955712,RJ47GA3339,146000,1788266974000,0.9201308600000001,1.76,0.028611111111111108,0.3485344166666667,5.049716515322614,,0.3485344166666667,1788266828000-632578958264631296-787737136659955712,,['900758004226326539'],,900758004226326539,
965194336809517056,1788260608000-632578958264631296-965194336809517056,1788260608000,1788261298000,1,1.758,1.146,1.5340314136125657,632578958264631296,1788260608000,965194336809517056,RJ14GN1584,690000,1788261298000,3.0249345751633987,1.758,0.0,1.145808551198257,1.534287729098835,,1.145808551198257,1788260608000-632578958264631296-965194336809517056,,,,,
1131239137144209408,1788268591000-632578958264631296-1131239137144209408,1788268591000,1788269777000,1,1.747,1.65,1.0587878787878788,632578958264631296,1788268591000,1131239137144209408,RJ47GA6176,1186000,1788269777000,4.355892375340364,1.747,0.0,1.6499592330834711,1.0588140391415475,1.8999999999941792,1.6499592330834711,1788268591000-632578958264631296-1131239137144209408,,,,,
961238953837461504,1788243179000-632578958264631296-961238953837461504,1788243179000,1788243393000,1,1.747,0.427,4.091334894613584,632578958264631296,1788243179000,961238953837461504,RJ47GA3862,214000,1788243393000,1.1272881186361174,1.747,0.05141305555555555,0.42700307524095354,4.091305429156887,1.25,0.37308246464646466,1788243179000-632578958264631296-961238953837461504,,,,,
1373358446576926720,1788265905000-632578958264631296-1373358446576926720,1788265905000,1788266282000,1,1.74,0.166,10.481927710843372,632578958264631296,1788265905000,1373358446576926720,HR26EQ4539,377000,1788266282000,0.4387756064544288,1.74,0.09638888888912334,0.1662028812327382,10.469132587198853,1.6699999999837019,0.1662028812327382,1788265905000-632578958264631296-1373358446576926720,,,,,
1475453057469775872,1788224100000-632578958264631296-1475453057469775872,1788224100000,1788225241000,1,1.738,1.48,1.1743243243243244,632578958264631296,1788224100000,1475453057469775872,NL01AK3037,1141000,1788225241000,3.9065106242861853,1.738,0.25,1.4797388728356762,1.174531555469249,1.875,1.4797388728356762,1788224100000-632578958264631296-1475453057469775872,,,,,
927171595435245568,1788223597000-632578958264631296-927171595435245568,1788223597000,1788223745000,1,1.738,0.705,2.465248226950355,632578958264631296,1788223597000,927171595435245568,RJ47GA3670,148000,1788223745000,1.860370725637255,1.738,0.0,0.7046858809232026,2.466347130047592,1.25,0.7046858809232026,1788223597000-632578958264631296-927171595435245568,,,,,
796706773456125952,1788250107000-632578958264631296-796706773456125952,1788250107000,1788250502000,1,1.72,0.789,2.179974651457541,632578958264631296,1788250107000,796706773456125952,RJ47GA3118,395000,1788250502000,2.0833521774999997,1.72,0.10546277777777777,0.7891485520833332,2.179564285405126,,0.7891485520833332,1788250107000-632578958264631296-796706773456125952,,['900758004213743618'],,900758004213743618,
789513633972355072,1788227641000-632578958264631296-789513633972355072,1788227641000,1788229289000,1,1.717,2.199,0.7808094588449296,632578958264631296,1788227641000,789513633972355072,RJ47GA2709,1648000,1788229289000,5.804876219297186,1.717,0.3999999999996362,2.1988167497337825,0.780874531817116,1.8000000000465661,2.1988167497337825,1788227641000-632578958264631296-789513633972355072,,['900758004201160708'],,900758004201160708,
1135566388677574656,1788269227000-632578958264631296-1135566388677574656,1788269227000,1788269581000,1,1.713,1.034,1.6566731141199227,632578958264631296,1788269227000,1135566388677574656,RJ47GA6238,354000,1788269581000,2.7305469873549253,1.713,0.0788436111111111,1.034298101270805,1.656195634406849,1.6000000000058208,1.034298101270805,1788269227000-632578958264631296-1135566388677574656,,,,,
787737136659955712,1788266609000-632578958264631296-787737136659955712,1788266609000,1788266804000,1,1.713,0.755,2.2688741721854306,632578958264631296,1788266609000,787737136659955712,RJ47GA3339,195000,1788266804000,1.9923246841130604,1.713,0.05122944444444444,0.7546684409519168,2.269870988429398,,0.7546684409519168,1788266609000-632578958264631296-787737136659955712,,['900758004226326539'],,900758004226326539,
871764525957775360,1788230882000-632578958264631296-871764525957775360,1788230882000,1788231199000,1,1.711,0.631,2.711568938193344,632578958264631296,1788230882000,871764525957775360,RJ47GA4671,317000,1788231199000,1.6671043979100533,1.711,0.07520833333333334,0.6314789386022929,2.7095123770669294,1.7000000000116415,0.6314789386022929,1788230882000-632578958264631296-871764525957775360,,,,,
927189698663677952,1788246682000-632578958264631296-927189698663677952,1788246682000,1788246968000,1,1.711,0.661,2.588502269288956,632578958264631296,1788246682000,927189698663677952,RJ47GA3520,286000,1788246968000,1.7456525971296293,1.711,0.07729166666666668,0.6612320443672838,2.5875938932106846,1.25,0.6612320443672839,1788246682000-632578958264631296-927189698663677952,,,,,
1068875501654769664,1788227988000-632578958264631296-1068875501654769664,1788227988000,1788228623000,1,1.707,1.537,1.11060507482108,632578958264631296,1788227988000,1068875501654769664,RJ47GA3881,635000,1788228623000,4.057266862070664,1.707,0.1499999999996362,1.5368435083601,1.110718164025345,1.75,1.5368435083601,1788227988000-632578958264631296-1068875501654769664,,,,,
1289307004661137408,1788291150000-632578958264631296-1289307004661137408,1788291150000,1788292085000,1,1.702,1.005,1.693532338308458,632578958264631296,1788291150000,1289307004661137408,NL01AG9584,935000,1788292085000,2.653533073714287,1.702,0.23627805555555556,1.0051261642857148,1.6933197646979106,1.7000000000116415,1.0051261642857148,1788291150000-632578958264631296-1289307004661137408,,,,,
1428031634325635072,1788237861000-632578958264631296-1428031634325635072,1788237861000,1788238313000,1,1.7,0.411,4.13625304136253,632578958264631296,1788237861000,1428031634325635072,NL01AJ9500,452000,1788238313000,1.084506768474576,1.7,0.09999999999990905,0.41079801836158175,4.138286758977671,1.375,0.4107980183615818,1788237861000-632578958264631296-1428031634325635072,,,,,
787737136659955712,1788243959000-632578958264631296-787737136659955712,1788243959000,1788244105000,1,1.7,0.484,3.512396694214876,632578958264631296,1788243959000,787737136659955712,RJ47GA3339,146000,1788244105000,1.2782509666666668,1.7000000000116415,0.03805555555555555,0.48418597222222226,3.511047608854328,1.7000000000116415,0.48418597222222226,1788243959000-632578958264631296-787737136659955712,,['900758004226326539'],,900758004226326539,
1068875501654769664,1788239018000-632578958264631296-1068875501654769664,1788239018000,1788239606000,1,1.699,1.671,1.0167564332734889,632578958264631296,1788239018000,1068875501654769664,RJ47GA3881,588000,1788239606000,4.410469123945947,1.699,0.1499999999996362,1.6706322439189192,1.0169802517486055,1.75,1.670632243918919,1788239018000-632578958264631296-1068875501654769664,,,,,
786545248472924160,1788258098000-632578958264631296-786545248472924160,1788258098000,1788258308000,1,1.679,0.679,2.472754050073638,632578958264631296,1788258098000,786545248472924160,RJ47GA3116,210000,1788258308000,1.7926734489824563,1.679,0.04958333333333333,0.6790429730994152,2.4725975623256855,,0.6790429730994152,1788258098000-632578958264631296-786545248472924160,,['900758004209549323'],,900758004209549323,
1068875501654769664,1788261738000-632578958264631296-1068875501654769664,1788261738000,1788262154000,1,1.673,0.826,2.0254237288135597,632578958264631296,1788261738000,1068875501654769664,RJ47GA3881,416000,1788262154000,2.1805768656410254,1.673,0.11111111111111112,0.8259760854700853,2.02548237101544,1.75,0.8259760854700854,1788261738000-632578958264631296-1068875501654769664,,,,,
944573640047853568,1788225600000-632578958264631296-944573640047853568,1788225600000,1788226846000,1,1.664,1.834,0.9073064340239912,632578958264631296,1788225600000,944573640047853568,RJ47GA4654,1246000,1788226846000,4.842277710465948,1.664,0.2999999999992724,1.8341961024492226,0.9072094296667854,1.5,1.8341961024492226,1788225600000-632578958264631296-944573640047853568,,,,,
927171595435245568,1788222394000-632578958264631296-927171595435245568,1788222394000,1788222519000,1,1.656,0.568,2.915492957746479,632578958264631296,1788222394000,927171595435245568,RJ47GA3670,125000,1788222519000,1.49936761,1.656,0.0,0.5679422765151515,2.915789277320723,1.5,0.5679422765151515,1788222394000-632578958264631296-927171595435245568,,,,,
786545248472924160,1788234021000-632578958264631296-786545248472924160,1788234021000,1788234251000,1,1.644,0.46,3.5739130434782607,632578958264631296,1788234021000,786545248472924160,RJ47GA3116,230000,1788234251000,1.2136591174603184,1.644,0.05522222222222222,0.459719362674363,3.5760947514505905,,0.459719362674363,1788234021000-632578958264631296-786545248472924160,,['900758004209549323'],,900758004209549323,
1504892206538817536,1788257292000-632578958264631296-1504892206538817536,1788257292000,1788258825000,1,1.643,2.186,0.7516010978957,632578958264631296,1788257292000,1504892206538817536,RJ47GA8528,1533000,1788258825000,5.771477469292463,1.643,0.3999999999998636,2.1861657080653267,0.7515441276654149,1.6900000000023283,2.1861657080653267,1788257292000-632578958264631296-1504892206538817536,,,,,
908732861828300800,1788280754000-632578958264631296-908732861828300800,1788280754000,1788281339000,1,1.643,1.15,1.4286956521739131,632578958264631296,1788280754000,908732861828300800,RJ47GA2126,585000,1788281339000,3.035695658892302,1.643,0.1000000000003638,1.1498847192773871,1.4288388848514288,1.625,1.1498847192773871,1788280754000-632578958264631296-908732861828300800,,,,,
1373358446576926720,1788256371000-632578958264631296-1373358446576926720,1788256371000,1788256625000,1,1.639,0.126,13.007936507936508,632578958264631296,1788256371000,1373358446576926720,HR26EQ4539,254000,1788256625000,0.33247855959580946,1.639,0.05805555555525643,0.125938848331746,13.01425272432676,1.5199999999895226,0.125938848331746,1788256371000-632578958264631296-1373358446576926720,,,,,
800026217909583872,1788230001000-632578958264631296-800026217909583872,1788230001000,1788231129000,1,1.639,1.121,1.4620874219446922,632578958264631296,1788230001000,800026217909583872,RJ47GA3185,1128000,1788231129000,2.9595251470922896,1.639,0.25,1.1210322526864733,1.462045356921939,1.7999999999883585,1.1210322526864733,1788230001000-632578958264631296-800026217909583872,,['900758004222132224'],,900758004222132224,
996809766619578368,1788239140000-632578958264631296-996809766619578368,1788239140000,1788240114000,1,1.637,1.406,1.1642958748221908,632578958264631296,1788239140000,996809766619578368,RJ47GA3792,974000,1788240114000,3.711102330422819,1.637,0.25,1.4057205797056131,1.164527306232382,1.75,1.4057205797056131,1788239140000-632578958264631296-996809766619578368,,,,,
1083727448777949184,1788232904000-632578958264631296-1083727448777949184,1788232904000,1788233096000,1,1.636,0.51,3.2078431372549017,632578958264631296,1788232904000,1083727448777949184,RJ47GA6334,192000,1788233096000,1.3470747714285716,1.636,0.04800000000000001,0.5102555952380953,3.206236277010564,,0.5102555952380953,1788232904000-632578958264631296-1083727448777949184,,,,,
866686265431425024,1788275401000-632578958264631296-866686265431425024,1788275401000,1788280731000,1,1.63,5.425,0.30046082949308756,632578958264631296,1788275401000,866686265431425024,RJ47GA4451,5330000,1788280731000,14.320814041555353,1.63,1.5,5.4245507733164215,0.3004857117418891,1.7000000000116415,5.4245507733164215,1788275401000-632578958264631296-866686265431425024,,['900758004234715152'],,900758004234715152,0.0
1082007973238145024,1788296020000-632578958264631296-1082007973238145024,1788296020000,1788297515000,1,1.625,2.008,0.8092629482071713,632578958264631296,1788296020000,1082007973238145024,RJ47GA5734,1495000,1788297515000,5.2999692838077195,1.625,0.3999999999996362,2.007564122654439,0.8094386533723239,1.7999999999883585,2.007564122654439,1788296020000-632578958264631296-1082007973238145024,,,,,
787737136659955712,1788275382000-632578958264631296-787737136659955712,1788275382000,1788275517000,1,1.621,0.312,5.19551282051282,632578958264631296,1788275382000,787737136659955712,RJ47GA3339,135000,1788275517000,0.8241685466666666,1.621,0.0325,0.31218505555555554,5.192433049414602,1.3999999999650754,0.31218505555555554,1788275382000-632578958264631296-787737136659955712,,['900758004226326539'],,900758004226326539,
809467481230934016,1788248438000-632578958264631296-809467481230934016,1788248438000,1788248734000,1,1.619,0.411,3.939172749391728,632578958264631296,1788248438000,809467481230934016,RJ47GA3181,296000,1788248734000,1.084881002051282,1.619,0.07238888888888889,0.41093977350427346,3.939750066522007,1.7999999999883585,0.41093977350427346,1788248438000-632578958264631296-809467481230934016,,['900758004217937927'],,900758004217937927,
1188144161019133952,1788256316000-632578958264631296-1188144161019133952,1788256316000,1788257605000,1,1.616,0.684,2.3625730994152048,632578958264631296,1788256316000,1188144161019133952,RJ47GA6478,1289000,1788257605000,1.8066263233333333,1.616,0.0,0.6843281527777777,2.361440185443846,1.6000000000058208,0.6843281527777778,1788256316000-632578958264631296-1188144161019133952,,,,,
942721856836730880,1788260748000-632578958264631296-942721856836730880,1788260748000,1788261033000,1,1.613,0.784,2.0573979591836733,632578958264631296,1788260748000,942721856836730880,RJ47GA4500,285000,1788261033000,2.0693660884475813,1.613,0.059333333333333335,0.7838507910786293,2.057789592558053,1.599999999976717,0.7838507910786293,1788260748000-632578958264631296-942721856836730880,,,,,
946024601958219776,1788230666000-632578958264631296-946024601958219776,1788230666000,1788231075000,1,1.61,0.89,1.8089887640449438,632578958264631296,1788230666000,946024601958219776,RJ47GA3613,409000,1788231075000,2.349380226936937,1.61,0.10534722222222223,0.8899167526276276,1.8091579861219678,1.0,0.8899167526276276,1788230666000-632578958264631296-946024601958219776,,,,,
635414442816888832,1788237580000-632578958264631296-635414442816888832,1788237580000,1788237834000,1,1.609,0.597,2.695142378559464,632578958264631296,1788237580000,635414442816888832,RJ47GA2707,254000,1788237834000,1.5771829260873018,1.609,0.0,0.5974177750330688,2.6932576619618276,,0.5974177750330688,1788237580000-632578958264631296-635414442816888832,,['900758004201160704'],,900758004201160704,
871764525957775360,1788242739000-632578958264631296-871764525957775360,1788242739000,1788243205000,1,1.609,1.044,1.5411877394636015,632578958264631296,1788242739000,871764525957775360,RJ47GA4671,466000,1788243205000,2.7563517266065363,1.609,0.11722222222222221,1.044072623714597,1.5410805373629153,1.6000000000349246,1.044072623714597,1788242739000-632578958264631296-871764525957775360,,,,,0.0
929711155667009536,1788238988000-632578958264631296-929711155667009536,1788238988000,1788239790000,1,1.608,0.831,1.9350180505415164,632578958264631296,1788238988000,929711155667009536,RJ47GA3528,802000,1788239790000,2.194512329777779,1.608,0.2000000000007276,0.8312546703703707,1.9344252216755013,1.5,0.8312546703703707,1788238988000-632578958264631296-929711155667009536,,,,,
866648789010612224,1788251933000-632578958264631296-866648789010612224,1788251933000,1788252268000,1,1.606,0.979,1.6404494382022474,632578958264631296,1788251933000,866648789010612224,RJ47GA4406,335000,1788252268000,2.5836232054285735,1.606,0.06377305555555556,0.9786451535714292,1.6410442478963154,,0.9786451535714291,1788251933000-632578958264631296-866648789010612224,,,,,
635414442816888832,1788233964000-632578958264631296-635414442816888832,1788233964000,1788234088000,1,1.598,0.511,3.12720156555773,632578958264631296,1788233964000,635414442816888832,RJ47GA2707,124000,1788234088000,1.3500854491666667,1.598,0.0,0.5113960034722222,3.124779992706375,,0.5113960034722222,1788233964000-632578958264631296-635414442816888832,,['900758004201160704'],,900758004201160704,
1113518928358801408,1788250119000-632578958264631296-1113518928358801408,1788250119000,1788250275000,1,1.597,0.931,1.715359828141783,632578958264631296,1788250119000,1113518928358801408,RJ47GA3896,156000,1788250275000,2.4590275925925926,1.597,0.03909722222222222,0.9314498456790123,1.7145313914736997,,0.9314498456790123,1788250119000-632578958264631296-1113518928358801408,,,,,
931938734016823296,1788224840000-632578958264631296-931938734016823296,1788224840000,1788225381000,1,1.588,1.448,1.0966850828729282,632578958264631296,1788224840000,931938734016823296,RJ14GN0975,541000,1788225381000,3.821868781898466,1.588,0.13136472222222223,1.447677568900934,1.0969293398706161,1.1999999999534339,1.4476775689009342,1788224840000-632578958264631296-931938734016823296,,,,,
1428367002015105024,1788265015000-632578958264631296-1428367002015105024,1788265015000,1788265499000,1,1.583,0.513,3.0857699805068224,632578958264631296,1788265015000,1428367002015105024,NL01AJ9499,484000,1788265499000,1.3537017126711306,1.583,0.09999999999990905,0.5127658002542161,3.0871793696365653,1.5,0.5127658002542161,1788265015000-632578958264631296-1428367002015105024,,,,,
635414442816888832,1788232185000-632578958264631296-635414442816888832,1788232185000,1788232650000,1,1.58,0.831,1.901323706377858,632578958264631296,1788232185000,635414442816888832,RJ47GA2707,465000,1788232650000,2.1932174879374116,1.58,0.12083333333333333,0.8307641999762921,1.9018633687454143,,0.8307641999762921,1788232185000-632578958264631296-635414442816888832,,['900758004201160704'],,900758004201160704,
787687496786903040,1788286926000-632578958264631296-787687496786903040,1788286926000,1788287754000,1,1.562,0.751,2.0798934753661786,632578958264631296,1788286926000,787687496786903040,RJ47GA3109,828000,1788287754000,1.9836681441176478,1.562,0.21916666666666668,0.751389448529412,2.0788154572267166,,0.751389448529412,1788286926000-632578958264631296-787687496786903040,,['900758004205355019'],,900758004205355019,
635414442816888832,1788248837000-632578958264631296-635414442816888832,1788248837000,1788248977000,1,1.557,0.267,5.831460674157303,632578958264631296,1788248837000,635414442816888832,RJ47GA2707,140000,1788248977000,0.7036110733269653,1.557,0.0,0.2665193459571838,5.841977415966387,,0.23078787878787876,1788248837000-632578958264631296-635414442816888832,,['900758004201160704'],,900758004201160704,
866648852977942528,1788239515000-632578958264631296-866648852977942528,1788239515000,1788240157000,1,1.555,0.787,1.9758576874205844,632578958264631296,1788239515000,866648852977942528,RJ47GA4405,642000,1788240157000,2.0768062038589745,1.555,0.2000000000007276,0.7866690166132478,1.9766890104488362,1.099999999976717,0.7866690166132478,1788239515000-632578958264631296-866648852977942528,,['900758004234715148'],,900758004234715148,0.0
796706773456125952,1788227544000-632578958264631296-796706773456125952,1788227544000,1788228786000,1,1.55,1.625,0.9538461538461539,632578958264631296,1788227544000,796706773456125952,RJ47GA3118,1242000,1788228786000,4.289764828040081,1.55,0.25,1.6249109197121516,0.9538984452603582,,1.6249109197121516,1788227544000-632578958264631296-796706773456125952,,['900758004213743618'],,900758004213743618,
873821465244336128,1788247769000-632578958264631296-873821465244336128,1788247769000,1788248571000,1,1.543,1.144,1.3487762237762237,632578958264631296,1788247769000,873821465244336128,RJ14GN1590,802000,1788248571000,3.0198130108239702,1.543,0.2000000000007276,1.1438685647060494,1.3489312038193122,1.599999999976717,1.1438685647060494,1788247769000-632578958264631296-873821465244336128,,,,,1.1500000000000001
946024601958219776,1788289849000-632578958264631296-946024601958219776,1788289849000,1788290493000,1,1.532,0.378,4.052910052910053,632578958264631296,1788289849000,946024601958219776,RJ47GA3613,644000,1788290493000,0.9987437221767432,1.532,0.1000000000003638,0.3783120159760391,4.049567381695408,1.0,0.26885355155625107,1788289849000-632578958264631296-946024601958219776,,,,,
927171595435245568,1788237986000-632578958264631296-927171595435245568,1788237986000,1788238343000,1,1.514,0.411,3.683698296836983,632578958264631296,1788237986000,927171595435245568,RJ47GA3670,357000,1788238343000,1.084684911056911,1.514,0.09479166666666666,0.41086549661246624,3.68490421435418,1.375,0.41086549661246624,1788237986000-632578958264631296-927171595435245568,,,,,
1067775063052255232,1788241945000-632578958264631296-1067775063052255232,1788241945000,1788242838000,1,1.511,1.151,1.312771503040834,632578958264631296,1788241945000,1067775063052255232,RJ47GA3725,893000,1788242838000,3.0383589853801167,1.511,0.19999999999998863,1.150893555068226,1.3128929198933836,1.5,1.150893555068226,1788241945000-632578958264631296-1067775063052255232,,,,,
1471164933021368320,1788298468000-632578958264631296-1471164933021368320,1788298468000,1788298884000,1,1.502,0.427,3.5175644028103044,632578958264631296,1788298468000,1471164933021368320,NL01AK2622,416000,1788298884000,1.1265152578103892,1.502,0.11111111111111112,0.4267103249281777,3.519952324220913,1.125,0.4267103249281777,1788298468000-632578958264631296-1471164933021368320,,,,,
1153273376152748032,1788250993000-632578958264631296-1153273376152748032,1788250993000,1788251186000,1,1.497,0.637,2.3500784929356358,632578958264631296,1788250993000,1153273376152748032,RJ47GA6313,193000,1788251186000,1.6805063680193233,1.497,0.04687416666666667,0.6365554424315618,2.351719740674352,1.2000000000116415,0.6365554424315618,1788250993000-632578958264631296-1153273376152748032,,,,,
927171595435245568,1788226778000-632578958264631296-927171595435245568,1788226778000,1788226917000,1,1.491,0.674,2.212166172106825,632578958264631296,1788226778000,927171595435245568,RJ47GA3670,139000,1788226917000,1.7788270238095238,1.491,0.0,0.673798115079365,2.2128289863565125,1.125,0.673798115079365,1788226778000-632578958264631296-927171595435245568,,,,,
946025653910634496,1788257925000-632578958264631296-946025653910634496,1788257925000,1788258760000,1,1.484,3.289,0.45120097294010336,632578958264631296,1788257925000,946025653910634496,RJ47GA3361,835000,1788258760000,8.68308089514019,1.484,0.2000000000007276,3.2890457936137083,0.4511946908375252,1.5,3.2890457936137083,1788257925000-632578958264631296-946025653910634496,,,,,
1135631306680434688,1788287878000-632578958264631296-1135631306680434688,1788287878000,1788289255000,1,1.475,1.701,0.8671369782480893,632578958264631296,1788287878000,1135631306680434688,RJ47GA6227,1377000,1788289255000,4.490095285000002,1.475,0.3500000000003638,1.7007936685606069,0.8672421747949606,1.5,1.7007936685606069,1788287878000-632578958264631296-1135631306680434688,,,,,
792451319469178880,1788239186000-632578958264631296-792451319469178880,1788239186000,1788239390000,1,1.475,0.653,2.258805513016845,632578958264631296,1788239186000,792451319469178880,RJ47GA3115,204000,1788239390000,1.7245312674912283,1.475,0.053532222222222224,0.6532315407163743,2.258004869731831,,0.6532315407163743,1788239186000-632578958264631296-792451319469178880,,['900758004209549321'],,900758004209549321,
792451319469178880,1788300816000-632578958264631296-792451319469178880,1788300816000,1788301374000,1,1.46,0.562,2.597864768683274,632578958264631296,1788300816000,792451319469178880,RJ47GA3115,558000,1788301374000,1.48343398125,1.46,0.14144444444444443,0.5619068110795454,2.5982956091865512,1.5,0.5619068110795454,1788300816000-632578958264631296-792451319469178880,,['900758004209549321'],,900758004209549321,
796706773456125952,1788290785000-632578958264631296-796706773456125952,1788290785000,1788291227000,1,1.456,0.471,3.091295116772824,632578958264631296,1788290785000,796706773456125952,RJ47GA3118,442000,1788291227000,1.2422385293023261,1.456,0.11055555555555556,0.47054489746300227,3.094284961648068,1.3999999999650754,0.47054489746300227,1788290785000-632578958264631296-796706773456125952,,['900758004213743618'],,900758004213743618,
946030376206204928,1788256274000-632578958264631296-946030376206204928,1788256274000,1788256617000,1,1.454,0.656,2.216463414634146,632578958264631296,1788256274000,946030376206204928,RJ47GA4009,343000,1788256617000,1.7327697279636078,1.454,0.09083333333333334,0.6563521696831848,2.215274157929321,1.5,0.6563521696831848,1788256274000-632578958264631296-946030376206204928,,,,,
1464260641047969792,1788249890000-632578958264631296-1464260641047969792,1788249890000,1788250187000,1,1.453,0.833,1.7442977190876352,632578958264631296,1788249890000,1464260641047969792,NL01AK1966,297000,1788250187000,2.1983437243589745,1.453,0.07541666666666667,0.8327059561965812,1.7449136627251203,1.375,0.8327059561965812,1788249890000-632578958264631296-1464260641047969792,,,,,
1385588586753032192,1788256748000-632578958264631296-1385588586753032192,1788256748000,1788257143000,1,1.451,0.872,1.6639908256880735,632578958264631296,1788256748000,1385588586753032192,NL01AJ5698,395000,1788257143000,2.302665101756614,1.451,0.09696861111111112,0.8722216294532628,1.6635680095545609,1.25,0.8722216294532628,1788256748000-632578958264631296-1385588586753032192,,,,,
935627425390264320,1788257084000-632578958264631296-935627425390264320,1788257084000,1788257928000,1,1.444,1.486,0.971736204576043,632578958264631296,1788257084000,935627425390264320,RJ47GA4714,844000,1788257928000,3.923138362161174,1.444,0.2000000000007276,1.4860372583943842,0.9717118408997335,1.5,1.4860372583943842,1788257084000-632578958264631296-935627425390264320,,,,,
970288452387995648,1788247902000-632578958264631296-970288452387995648,1788247902000,1788248263000,1,1.437,0.453,3.172185430463576,632578958264631296,1788247902000,970288452387995648,RJ47GA3399,361000,1788248263000,1.1954789604126979,1.437,0.07731583333333332,0.4528329395502643,3.1733557223711935,,0.4528329395502643,1788247902000-632578958264631296-970288452387995648,,,,,
1504892206538817536,1788252082000-632578958264631296-1504892206538817536,1788252082000,1788253489000,1,1.434,1.674,0.8566308243727598,632578958264631296,1788252082000,1504892206538817536,RJ47GA8528,1407000,1788253489000,4.418232211958895,1.434,0.40000000000009095,1.6735728075601872,0.8568494860349412,1.4899999999979627,1.6735728075601872,1788252082000-632578958264631296-1504892206538817536,,,,,
1138782810882965504,1788277074000-632578958264631296-1138782810882965504,1788277074000,1788277512000,1,1.433,0.48,2.985416666666667,632578958264631296,1788277074000,1138782810882965504,RJ47GA6253,438000,1788277512000,1.2680870832003546,1.433,0.10578805555555555,0.48033601636377066,2.9833282351968227,1.3999999999941792,0.48033601636377066,1788277074000-632578958264631296-1138782810882965504,,,,,
932335222958063616,1788253256000-632578958264631296-932335222958063616,1788253256000,1788253632000,1,1.431,0.726,1.9710743801652895,632578958264631296,1788253256000,932335222958063616,RJ47GA4718,376000,1788253632000,1.91766267,1.431,0.08636111111111111,0.726387375,1.9700232262434354,1.400000000023283,0.726387375,1788253256000-632578958264631296-932335222958063616,,,,,
916722872880201728,1788260940000-632578958264631296-916722872880201728,1788260940000,1788261475000,1,1.43,0.401,3.566084788029925,632578958264631296,1788260940000,916722872880201728,RJ47GA2142,535000,1788261475000,1.057489983416252,1.43,0.1000000000003638,0.4005643876576713,3.569962892512803,1.5,0.4005643876576713,1788260940000-632578958264631296-916722872880201728,,,,,
946024601958219776,1788252823000-632578958264631296-946024601958219776,1788252823000,1788253216000,1,1.43,0.345,4.144927536231884,632578958264631296,1788252823000,946024601958219776,RJ47GA3613,393000,1788253216000,0.912078204470207,1.43,0.10067027777777778,0.3454841683599269,4.139118752643449,1.25,0.23611093870665875,1788252823000-632578958264631296-946024601958219776,,,,,
1422205634715058176,1788230749000-632578958264631296-1422205634715058176,1788230749000,1788231582000,1,1.428,0.649,2.200308166409861,632578958264631296,1788230749000,1422205634715058176,NL01AJ9005,833000,1788231582000,1.7124507525438601,1.428,0.20000000000027285,0.6486555880847955,2.201476447950256,1.5,0.6486555880847955,1788230749000-632578958264631296-1422205634715058176,,,,,
1083726561296777216,1788247368000-632578958264631296-1083726561296777216,1788247368000,1788247734000,1,1.411,0.786,1.7951653944020356,632578958264631296,1788247368000,1083726561296777216,RJ47GA6360,366000,1788247734000,2.0763538355008064,1.411,0.08346,0.7864976649624266,1.7940294839494633,1.3999999999941792,0.7864976649624266,1788247368000-632578958264631296-1083726561296777216,,,,,
1045646209449984000,1788221808000-632578958264631296-1045646209449984000,1788221808000,1788223196000,1,1.398,1.246,1.1219903691813804,632578958264631296,1788221808000,1045646209449984000,RJ47GA3764,1388000,1788223196000,3.289631616204735,1.398,0.3499999999985448,1.246072581895733,1.1219250148920936,1.25,1.246072581895733,1788221808000-632578958264631296-1045646209449984000,,,,,
1422205634715058176,1788255741000-632578958264631296-1422205634715058176,1788255741000,1788256345000,1,1.393,0.432,3.224537037037037,632578958264631296,1788255741000,1422205634715058176,NL01AJ9005,604000,1788256345000,1.140787999378531,1.393,0.15000000000009095,0.43211666643126173,3.2236664498604553,1.25,0.43211666643126173,1788255741000-632578958264631296-1422205634715058176,,,,,
787737136659955712,1788266257000-632578958264631296-787737136659955712,1788266257000,1788266499000,1,1.389,0.843,1.6476868327402137,632578958264631296,1788266257000,787737136659955712,RJ47GA3339,242000,1788266499000,2.226514637416667,1.389,0.06453805555555556,0.8433767565972222,1.6469507715676295,,0.8433767565972222,1788266257000-632578958264631296-787737136659955712,,['900758004226326539'],,900758004226326539,
932302785804763136,1788240787000-632578958264631296-932302785804763136,1788240787000,1788241061000,1,1.388,0.906,1.5320088300220749,632578958264631296,1788240787000,932302785804763136,RJ47GA4681,274000,1788241061000,2.3911984718682797,1.388,0.05770861111111111,0.9057569969198028,1.5324198485025842,1.400000000023283,0.9057569969198028,1788240787000-632578958264631296-932302785804763136,,,,,
1120316268595904512,1788256969000-632578958264631296-1120316268595904512,1788256969000,1788257785000,1,1.386,0.864,1.6041666666666665,632578958264631296,1788256969000,1120316268595904512,RJ47GA6295,816000,1788257785000,2.279795815997076,1.386,0.0,0.8635590212110136,1.604985838786491,1.3999999999941792,0.8635590212110136,1788256969000-632578958264631296-1120316268595904512,,,,,
796706773456125952,1788267717000-632578958264631296-796706773456125952,1788267717000,1788268064000,1,1.385,0.466,2.9721030042918453,632578958264631296,1788267717000,796706773456125952,RJ47GA3118,347000,1788268064000,1.2304513459271709,1.385,0.08788888888888888,0.4660800552754435,2.971592507174533,1.1000000000349246,0.4660800552754435,1788267717000-632578958264631296-796706773456125952,,['900758004213743618'],,900758004213743618,
1050037109068398592,1788247126000-632578958264631296-1050037109068398592,1788247126000,1788249062000,1,1.38,1.842,0.7491856677524429,632578958264631296,1788247126000,1050037109068398592,RJ47GA6246,1936000,1788249062000,4.8638680970220145,1.38,0.193125,1.8423742791750053,0.7490334703423827,,1.9558538543415818,1788247126000-632578958264631296-1050037109068398592,,,,,
857602255610707968,1788305980000-632578958264631296-857602255610707968,1788305980000,1788306291000,1,1.379,0.667,2.0674662668665666,632578958264631296,1788305980000,857602255610707968,RJ47GA4334,311000,1788306291000,1.7614921442962976,1.379,0.06713,0.6672318728395067,2.066747792085315,,0.6672318728395067,1788305980000-632578958264631296-857602255610707968,,['900758004230520839'],,900758004230520839,
951557397191589888,1788257529000-632578958264631296-951557397191589888,1788257529000,1788257948000,1,1.379,1.11,1.2423423423423423,632578958264631296,1788257529000,951557397191589888,RJ47GA3883,419000,1788257948000,2.931361359591837,1.379,0.09469972222222221,1.1103641513605442,1.2419349078500892,1.5,1.1103641513605442,1788257529000-632578958264631296-951557397191589888,,,,,
794219272623620096,1788255563000-632578958264631296-794219272623620096,1788255563000,1788256583000,1,1.373,1.251,1.0975219824140687,632578958264631296,1788255563000,794219272623620096,RJ47GA3338,1020000,1788256583000,3.30268504383615,1.373,0.25,1.2510170620591476,1.0975070138052883,1.3999999999650754,1.2510170620591476,1788255563000-632578958264631296-794219272623620096,,['900758004226326537'],,900758004226326537,
1471148657502846976,1788255702000-632578958264631296-1471148657502846976,1788255702000,1788256255000,1,1.372,0.583,2.3533447684391082,632578958264631296,1788255702000,1471148657502846976,NL01AK2620,553000,1788256255000,1.5396911100108102,1.372,0.09999999999990905,0.5832163295495493,2.3524718538996887,1.125,0.5832163295495493,1788255702000-632578958264631296-1471148657502846976,,,,,
862287863801184256,1788234247000-632578958264631296-862287863801184256,1788234247000,1788235059000,1,1.368,0.749,1.8264352469959948,632578958264631296,1788234247000,862287863801184256,RJ47GA3737,812000,1788235059000,1.9764242691987897,1.368,0.2000000000007276,0.748645556514693,1.8272999660462843,1.5,0.748645556514693,1788234247000-632578958264631296-862287863801184256,,,,,
800361869549240320,1788238313000-632578958264631296-800361869549240320,1788238313000,1788239544000,1,1.36,1.143,1.1898512685914262,632578958264631296,1788238313000,800361869549240320,RJ47GA3066,1231000,1788239544000,3.0163511232380964,1.36,0.2999999999992724,1.142557243650794,1.1903123520134666,1.5,1.142557243650794,1788238313000-632578958264631296-800361869549240320,,['900758004201160712'],,900758004201160712,
939140658449350656,1788267103000-632578958264631296-939140658449350656,1788267103000,1788267362000,1,1.351,0.747,1.8085676037483267,632578958264631296,1788267103000,939140658449350656,RJ47GA2643,259000,1788267362000,1.9726740470161297,1.351,0.052693333333333335,0.74722501780914,1.8080229754099042,1.0,0.74722501780914,1788267103000-632578958264631296-939140658449350656,,,,,
1184409623537385472,1788260378000-632578958264631296-1184409623537385472,1788260378000,1788262786000,1,1.35,2.679,0.5039193729003361,632578958264631296,1788260378000,1184409623537385472,RJ47GA6472,2408000,1788262786000,7.073114401526398,1.35,0.6500000000005457,2.679210000578181,0.5038798749290524,1.6000000000058208,2.679210000578181,1788260378000-632578958264631296-1184409623537385472,,,,,
1061979678694178816,1788254068000-632578958264631296-1061979678694178816,1788254068000,1788255605000,1,1.349,1.639,0.8230628431970713,632578958264631296,1788254068000,1061979678694178816,RJ47GA3541,1537000,1788255605000,4.326362831639575,1.349,0.3999999999996362,1.638773799863475,0.8231764506562066,1.625,1.638773799863475,1788254068000-632578958264631296-1061979678694178816,,,,,
946030376206204928,1788248759000-632578958264631296-946030376206204928,1788248759000,1788250357000,1,1.338,1.731,0.7729636048526863,632578958264631296,1788248759000,946030376206204928,RJ47GA4009,1598000,1788250357000,4.569145619756273,1.338,0.3500000000003638,1.7307369771804064,0.7730810733470169,,1.7307369771804064,1788248759000-632578958264631296-946030376206204928,,,,,
1068875501654769664,1788238511000-632578958264631296-1068875501654769664,1788238511000,1788238971000,1,1.336,0.854,1.5644028103044498,632578958264631296,1788238511000,1068875501654769664,RJ47GA3881,460000,1788238971000,2.2542096117695096,1.336,0.1000000000003638,0.8538672771854203,1.5646459768359093,1.375,0.8538672771854203,1788238511000-632578958264631296-1068875501654769664,,,,,
800361869549240320,1788227437000-632578958264631296-800361869549240320,1788227437000,1788228429000,1,1.334,0.824,1.6189320388349517,632578958264631296,1788227437000,800361869549240320,RJ47GA3066,992000,1788228429000,2.1763946017433518,1.334,0.1999999999989086,0.8243918945997544,1.6181624403860284,1.5,0.8243918945997544,1788227437000-632578958264631296-800361869549240320,,['900758004201160712'],,900758004201160712,
800361869549240320,1788231378000-632578958264631296-800361869549240320,1788231378000,1788232397000,1,1.329,0.86,1.5453488372093023,632578958264631296,1788231378000,800361869549240320,RJ47GA3066,1019000,1788232397000,2.2702218903369498,1.329,0.25,0.8599325342185415,1.5454700771470644,1.400000000023283,0.8599325342185415,1788231378000-632578958264631296-800361869549240320,,['900758004201160712'],,900758004201160712,
869905949161160704,1788255901000-632578958264631296-869905949161160704,1788255901000,1788256197000,1,1.318,0.746,1.7667560321715818,632578958264631296,1788255901000,869905949161160704,RJ47GA4504,296000,1788256197000,1.9689710374509806,1.318,0.06958333333333333,0.7458223626708259,1.7671768318667442,,0.7458223626708259,1788255901000-632578958264631296-869905949161160704,,,,,
947104127047958528,1788255106000-632578958264631296-947104127047958528,1788255106000,1788255218000,1,1.317,0.388,3.3943298969072164,632578958264631296,1788255106000,947104127047958528,RJ47GA1393,112000,1788255218000,1.0251071067122548,1.317,0.0,0.3882981464819147,3.3917236328125,,0.001,1788255106000-632578958264631296-947104127047958528,,,,,
1428366867084345344,1788262790000-632578958264631296-1428366867084345344,1788262790000,1788263337000,1,1.316,0.807,1.630731102850062,632578958264631296,1788262790000,1428366867084345344,NL01AJ9498,547000,1788263337000,2.130538214536341,1.316,0.09999999999990905,0.8070220509607352,1.6306865449752483,1.25,0.8070220509607352,1788262790000-632578958264631296-1428366867084345344,,,,,
1094584670655348736,1788250077000-632578958264631296-1094584670655348736,1788250077000,1788250820000,1,1.311,0.768,1.70703125,632578958264631296,1788250077000,1094584670655348736,RJ47GA5971,743000,1788250820000,2.0284481570675847,1.311,0.1499999999996362,0.7683515746468124,1.7062501636736105,1.3999999999941792,0.7683515746468124,1788250077000-632578958264631296-1094584670655348736,,,,,
1536014543027699712,1788229118000-632578958264631296-1536014543027699712,1788229118000,1788229682000,1,1.309,0.737,1.7761194029850746,632578958264631296,1788229118000,1536014543027699712,NL01AK8409,564000,1788229682000,1.945365932307693,1.309,0.10000000000002274,0.7368810349650352,1.77640614683768,1.3700000000026193,0.7368810349650352,1788229118000-632578958264631296-1536014543027699712,,,,,
818154714091749376,1788234213000-632578958264631296-818154714091749376,1788234213000,1788234811000,1,1.306,0.631,2.06973058637084,632578958264631296,1788234213000,818154714091749376,RJ47GA3069,598000,1788234811000,1.6660007263829792,1.306,0.15740666666666667,0.6310608812056739,2.0695309104009434,1.400000000023283,0.6310608812056739,1788234213000-632578958264631296-818154714091749376,,['900758004201160718'],,900758004201160718,
938815406225752064,1788239689000-632578958264631296-938815406225752064,1788239689000,1788240593000,1,1.294,0.498,2.5983935742971886,632578958264631296,1788239689000,938815406225752064,RJ47GA3910,904000,1788240593000,1.3149306184339904,1.294,0.2000000000007276,0.49807977970984485,2.5979773777482325,,0.49807977970984485,1788239689000-632578958264631296-938815406225752064,,,,,
848986467664396288,1788238258000-632578958264631296-848986467664396288,1788238258000,1788238824000,1,1.291,0.608,2.1233552631578947,632578958264631296,1788238258000,848986467664396288,RJ47GA3067,566000,1788238824000,1.605681781025641,1.291,0.1442013888888889,0.6082127958430458,2.1226123633432286,1.2000000000116415,0.6082127958430458,1788238258000-632578958264631296-848986467664396288,,['900758004201160714'],,900758004201160714,
1184409623537385472,1788253565000-632578958264631296-1184409623537385472,1788253565000,1788255450000,1,1.289,1.387,0.9293439077144916,632578958264631296,1788253565000,1184409623537385472,RJ47GA6472,1885000,1788255450000,3.661310879606105,1.289,0.0,1.3868601816689792,0.929437600875373,1.599999999976717,1.3868601816689792,1788253565000-632578958264631296-1184409623537385472,,,,,
1464628801508999168,1788262654000-632578958264631296-1464628801508999168,1788262654000,1788263180000,1,1.283,0.767,1.6727509778357235,632578958264631296,1788262654000,1464628801508999168,NL01AK1964,526000,1788263180000,2.0254206890106543,1.283,0.09999999999990905,0.7672048064434297,1.672304434519471,1.375,0.7672048064434297,1788262654000-632578958264631296-1464628801508999168,,,,,
1067776159577538560,1788289918000-632578958264631296-1067776159577538560,1788289918000,1788290405000,1,1.277,0.636,2.0078616352201255,632578958264631296,1788289918000,1067776159577538560,RJ14GP9561,487000,1788290405000,1.6800796097514121,1.277,0.1000000000003638,0.6363937915725045,2.0066191985383486,1.2000000000116415,0.6363937915725045,1788289918000-632578958264631296-1067776159577538560,,,,,
870286624469024768,1788247760000-632578958264631296-870286624469024768,1788247760000,1788248123000,1,1.275,0.463,2.7537796976241897,632578958264631296,1788247760000,870286624469024768,RJ47GA4517,363000,1788248123000,1.222337176938406,1.275,0.07965277777777778,0.46300650641606284,2.753741000033098,,0.4630065064160628,1788247760000-632578958264631296-870286624469024768,,,,,
796706773456125952,1788260763000-632578958264631296-796706773456125952,1788260763000,1788261444000,1,1.271,1.662,0.7647412755716004,632578958264631296,1788260763000,796706773456125952,RJ47GA3118,681000,1788261444000,4.38729792214525,1.271,0.17949027777777776,1.6618552735398673,0.7648078748113135,,1.6618552735398673,1788260763000-632578958264631296-796706773456125952,,['900758004213743618'],,900758004213743618,
789513633972355072,1788229977000-632578958264631296-789513633972355072,1788229977000,1788230717000,1,1.268,1.034,1.2263056092843327,632578958264631296,1788229977000,789513633972355072,RJ47GA2709,740000,1788230717000,2.729914173992983,1.268,0.1499999999996362,1.0340583992397663,1.2262363527361957,1.099999999976717,1.0340583992397663,1788229977000-632578958264631296-789513633972355072,,['900758004201160708'],,900758004201160708,
876422423786815488,1788260906000-632578958264631296-876422423786815488,1788260906000,1788261753000,1,1.263,0.915,1.380327868852459,632578958264631296,1788260906000,876422423786815488,RJ14GN1576,847000,1788261753000,2.4144350343457606,1.263,0.1999999999989086,0.9145587251309698,1.3809938774780497,1.2999999999883585,0.9145587251309699,1788260906000-632578958264631296-876422423786815488,,,,,0.0
929707161364201472,1788283372000-632578958264631296-929707161364201472,1788283372000,1788283847000,1,1.26,0.447,2.8187919463087248,632578958264631296,1788283372000,929707161364201472,RJ47GA3515,475000,1788283847000,1.1791614126007535,1.26,0.09999999999854481,0.4466520502275581,2.8209878346199493,1.375,0.4466520502275581,1788283372000-632578958264631296-929707161364201472,,,,,
1132636093246603264,1788234101000-632578958264631296-1132636093246603264,1788234101000,1788234210000,1,1.257,0.717,1.7531380753138075,632578958264631296,1788234101000,1132636093246603264,NL01AJ4206,109000,1788234210000,1.8940174366666669,1.257,0.02775361111111111,0.7174308472222223,1.7520852425943256,,0.7174308472222223,1788234101000-632578958264631296-1132636093246603264,,,,,
1484590862305329152,1788220989000-632578958264631296-1484590862305329152,1788220989000,1788221283000,1,1.25,0.231,5.411255411255411,632578958264631296,1788220989000,1484590862305329152,NL01AK3094,294000,1788221283000,0.60924763840921,1.25,0.06837861111111111,0.23077562060954926,5.416516687067578,,0.2013520103174604,1788220989000-632578958264631296-1484590862305329152,,,,,
871764525957775360,1788241443000-632578958264631296-871764525957775360,1788241443000,1788241862000,1,1.239,0.876,1.4143835616438358,632578958264631296,1788241443000,871764525957775360,RJ47GA4671,419000,1788241862000,2.3132381770094566,1.239,0.11171388888888889,0.8762265822005516,1.4140178181862286,1.1999999999534339,0.8762265822005516,1788241443000-632578958264631296-871764525957775360,,,,,
1536014517601828864,1788249038000-632578958264631296-1536014517601828864,1788249038000,1788249643000,1,1.23,0.556,2.2122302158273377,632578958264631296,1788249038000,1536014517601828864,NL01AK8407,605000,1788249643000,1.469042612329317,1.23,0.14999999999997726,0.5564555349732261,2.210419202783528,1.2599999999947613,0.5564555349732261,1788249038000-632578958264631296-1536014517601828864,,,,,
1090633180173565952,1788238574000-632578958264631296-1090633180173565952,1788238574000,1788239215000,1,1.229,0.976,1.25922131147541,632578958264631296,1788238574000,1090633180173565952,RJ47GA5829,641000,1788239215000,2.577014983286386,1.229,0.1000000000003638,0.976142039123631,1.2590380812851603,1.1999999999825377,0.9761420391236308,1788238574000-632578958264631296-1090633180173565952,,,,,
1499777554695847936,1788239086000-632578958264631296-1499777554695847936,1788239086000,1788239832000,1,1.219,0.811,1.5030826140567202,632578958264631296,1788239086000,1499777554695847936,NL01AK3108,746000,1788239832000,2.140859833012359,1.219,0.1999999999998181,0.8109317549289238,1.503209108030111,1.25,0.8109317549289238,1788239086000-632578958264631296-1499777554695847936,,,,,
1056588446363025408,1788250835000-632578958264631296-1056588446363025408,1788250835000,1788251017000,1,1.218,0.613,1.9869494290375205,632578958264631296,1788250835000,1056588446363025408,RJ47GA3530,182000,1788251017000,1.6182032784761906,1.218,0.04631222222222222,0.6129557873015873,1.987092748339968,,0.6129557873015873,1788250835000-632578958264631296-1056588446363025408,,,,,
1049976646406242304,1788267507000-632578958264631296-1049976646406242304,1788267507000,1788268294000,1,1.215,1.383,0.8785249457700651,632578958264631296,1788267507000,1049976646406242304,RJ47GA5534,787000,1788268294000,3.6504318353033702,1.215,0.1999999999998181,1.3827393315543068,0.8786905617519719,1.2999999999883585,1.3827393315543068,1788267507000-632578958264631296-1049976646406242304,,,,,
794219272623620096,1788242193000-632578958264631296-794219272623620096,1788242193000,1788243361000,1,1.202,1.123,1.0703472840605521,632578958264631296,1788242193000,794219272623620096,RJ47GA3338,1168000,1788243361000,2.96488253635095,1.202,0.25,1.1230615667996022,1.0702886070844266,1.1999999999534339,1.1230615667996022,1788242193000-632578958264631296-794219272623620096,,['900758004226326537'],,900758004226326537,
1524760784293330944,1788246727000-632578958264631296-1524760784293330944,1788246727000,1788247767000,1,1.2,1.14,1.0526315789473684,632578958264631296,1788246727000,1524760784293330944,Rj47GA5526,1040000,1788247767000,3.0095976443778065,1.1999999999825377,0.25,1.139999107718866,1.052632402830326,1.1999999999825377,1.1399991077188663,1788246727000-632578958264631296-1524760784293330944,,,,,
1536014737035231232,1788262298000-632578958264631296-1536014737035231232,1788262298000,1788263369000,1,1.198,1.296,0.9243827160493826,632578958264631296,1788262298000,1536014737035231232,RJ47GA8944,1071000,1788263369000,3.4205788014804432,1.198,0.28725,1.2956737884395617,0.9246154477222275,,1.2956737884395617,1788262298000-632578958264631296-1536014737035231232,,,,,
1061978679036346368,1788230398000-632578958264631296-1061978679036346368,1788230398000,1788230688000,1,1.196,0.277,4.31768953068592,632578958264631296,1788230398000,1061978679036346368,RJ47GA3347,290000,1788230688000,0.7321093270980391,1.196,0.07409805555555554,0.2773141390522875,4.312798489421755,1.0,0.2773141390522875,1788230398000-632578958264631296-1061978679036346368,,,,,
946030864989421568,1788306095000-632578958264631296-946030864989421568,1788306095000,1788306764000,1,1.193,0.524,2.2767175572519083,632578958264631296,1788306095000,946030864989421568,RJ47GA2730,669000,1788306764000,1.382738311002711,1.193,0.1500000000014552,0.5237645117434511,2.2777411856883347,1.25,0.5237645117434511,1788306095000-632578958264631296-946030864989421568,,,,,
1056588446363025408,1788232134000-632578958264631296-1056588446363025408,1788232134000,1788232229000,1,1.189,0.586,2.02901023890785,632578958264631296,1788232134000,1056588446363025408,RJ47GA3530,95000,1788232229000,1.5481165700000004,1.189,0.024190833333333335,0.5864077916666668,2.0275992524258037,,0.5864077916666668,1788232134000-632578958264631296-1056588446363025408,,,,,
925753337108758528,1788249367000-632578958264631296-925753337108758528,1788249367000,1788249864000,1,1.187,0.669,1.7742899850523168,632578958264631296,1788249367000,925753337108758528,RJ47GA2620,497000,1788249864000,1.7655259032190471,1.187,0.13416666666666668,0.6687598118253966,1.774927229493731,1.375,0.6687598118253966,1788249367000-632578958264631296-925753337108758528,,,,,
1504892206538817536,1788242011000-632578958264631296-1504892206538817536,1788242011000,1788243762000,1,1.186,1.485,0.7986531986531986,632578958264631296,1788242011000,1504892206538817536,RJ47GA8528,1751000,1788243762000,3.919168370829692,1.186,0.4500000000000455,1.4845334737991256,0.7989041816381969,1.1500000000014552,1.4845334737991256,1788242011000-632578958264631296-1504892206538817536,,,,,
946024601958219776,1788303541000-632578958264631296-946024601958219776,1788303541000,1788304050000,1,1.185,0.568,2.086267605633803,632578958264631296,1788303541000,946024601958219776,RJ47GA3613,509000,1788304050000,1.4993485263653485,1.185,0.1000000000003638,0.5679350478656623,2.0865062025196526,1.0,0.5679350478656623,1788303541000-632578958264631296-946024601958219776,,,,,
1088485622458351616,1788268607000-632578958264631296-1088485622458351616,1788268607000,1788269082000,1,1.182,0.535,2.209345794392523,632578958264631296,1788268607000,1088485622458351616,RJ47GA5708,475000,1788269082000,1.4134336163179422,1.182,0.1000000000003638,0.5353915213325539,2.2077301430887077,1.2000000000116415,0.5353915213325539,1788268607000-632578958264631296-1088485622458351616,,,,,
1157003119578578944,1788268631000-632578958264631296-1157003119578578944,1788268631000,1788269217000,1,1.182,1.019,1.1599607458292445,632578958264631296,1788268631000,1157003119578578944,RJ47GA6242,586000,1788269217000,2.689248302263994,1.182,0.0999999999994543,1.0186546599484825,1.160353990880264,1.1000000000058208,1.0186546599484825,1788268631000-632578958264631296-1157003119578578944,,,,,
1068875501654769664,1788261128000-632578958264631296-1068875501654769664,1788261128000,1788261653000,1,1.181,0.335,3.5253731343283583,632578958264631296,1788261128000,1068875501654769664,RJ47GA3881,525000,1788261653000,0.8850099502321723,1.181,0.0999999999994543,0.3352310417546107,3.522943441689068,1.125,0.3352310417546107,1788261128000-632578958264631296-1068875501654769664,,,,,
869903761768710144,1788232193000-632578958264631296-869903761768710144,1788232193000,1788233241000,1,1.18,1.346,0.87667161961367,632578958264631296,1788232193000,869903761768710144,RJ47GA4506,1048000,1788233241000,3.5527511113604118,1.18,0.2999999999992724,1.3457390573334893,0.8768416087574269,,1.3457390573334893,1788232193000-632578958264631296-869903761768710144,,,,,0.0
939548220361539584,1788241303000-632578958264631296-939548220361539584,1788241303000,1788241821000,1,1.175,0.736,1.596467391304348,632578958264631296,1788241303000,939548220361539584,RJ47GA4719,518000,1788241821000,1.9431247961408733,1.175,0.1000000000003638,0.7360321197503308,1.596397722966997,1.2000000000116415,0.7360321197503308,1788241303000-632578958264631296-939548220361539584,,,,,
1120316268595904512,1788258306000-632578958264631296-1120316268595904512,1788258306000,1788259374000,1,1.173,1.114,1.0529622980251345,632578958264631296,1788258306000,1120316268595904512,RJ47GA6295,1068000,1788259374000,2.9421719269696975,1.173,0.0,1.1144590632460976,1.0525285662654935,1.2000000000116415,1.1144590632460976,1788258306000-632578958264631296-1120316268595904512,,,,,
1536014654021566464,1788254527000-632578958264631296-1536014654021566464,1788254527000,1788255876000,1,1.17,0.749,1.562082777036048,632578958264631296,1788254527000,1536014654021566464,Rj47GA8899,1349000,1788255876000,1.9771243550537325,1.17,0.35000000000002274,0.7489107405506562,1.5622689549621451,1.25,0.7489107405506562,1788254527000-632578958264631296-1536014654021566464,,,,,
1067772524470730752,1788250570000-632578958264631296-1067772524470730752,1788250570000,1788251174000,1,1.167,0.678,1.7212389380530972,632578958264631296,1788250570000,1067772524470730752,RJ47GA6418,604000,1788251174000,1.7899381874782023,1.167,0.1499999999996362,0.6780068891962887,1.7212214486247555,1.1000000000058208,0.6780068891962887,1788250570000-632578958264631296-1067772524470730752,,,,,
942426738309201920,1788229623000-632578958264631296-942426738309201920,1788229623000,1788230310000,1,1.161,0.73,1.5904109589041098,632578958264631296,1788229623000,942426738309201920,RJ47GA2613,687000,1788230310000,1.9262812171428574,1.161,0.1499999999996362,0.7296519761904763,1.591169540938679,1.0,0.7296519761904763,1788229623000-632578958264631296-942426738309201920,,,,,
1050036019790872576,1788265655000-632578958264631296-1050036019790872576,1788265655000,1788265845000,1,1.142,0.859,1.329452852153667,632578958264631296,1788265655000,1050036019790872576,RJ47GA5530,190000,1788265845000,2.2669816304347825,1.142,0.04631944444444445,0.8587051630434782,1.3299093206246133,,0.8587051630434782,1788265655000-632578958264631296-1050036019790872576,,,,,
1083727986517082112,1788250878000-632578958264631296-1083727986517082112,1788250878000,1788251536000,1,1.142,1.079,1.0583873957367933,632578958264631296,1788250878000,1083727986517082112,RJ47GA6315,658000,1788251536000,2.847654301008772,1.142,0.1499999999996362,1.0786569322002924,1.0587240167923433,1.1999999999825377,1.0786569322002924,1788250878000-632578958264631296-1083727986517082112,,,,,
1389244082743672832,1788242839000-632578958264631296-1389244082743672832,1788242839000,1788243131000,1,1.139,0.334,3.4101796407185625,632578958264631296,1788242839000,1389244082743672832,NL01AJ6141,292000,1788243131000,0.881338898,1.139,0.06416666666666666,0.33384049166666663,3.4118090178745297,1.0,0.33384049166666663,1788242839000-632578958264631296-1389244082743672832,,,,,
916722872880201728,1788232518000-632578958264631296-916722872880201728,1788232518000,1788232699000,1,1.139,0.511,2.228962818003914,632578958264631296,1788232518000,916722872880201728,RJ47GA2142,181000,1788232699000,1.3482876401587305,1.139,0.04542861111111111,0.5107150152116403,2.230206604612943,,0.5107150152116403,1788232518000-632578958264631296-916722872880201728,,,,,
935627425390264320,1788268732000-632578958264631296-935627425390264320,1788268732000,1788269407000,1,1.139,0.93,1.2247311827956988,632578958264631296,1788268732000,935627425390264320,RJ47GA4714,675000,1788269407000,2.4546712299368902,1.139,0.18111194444444445,0.929799708309428,1.2249950067966167,1.1000000000058208,0.929799708309428,1788268732000-632578958264631296-935627425390264320,,,,,
1286352128566099968,1788268128000-632578958264631296-1286352128566099968,1788268128000,1788269238000,1,1.129,1.655,0.6821752265861027,632578958264631296,1788268128000,1286352128566099968,NL01AG9587,1110000,1788269238000,4.368580425603373,1.129,0.25,1.6547653127285502,0.6822719761622188,1.1000000000058208,1.6547653127285502,1788268128000-632578958264631296-1286352128566099968,,,,,
1385588705250508800,1788254855000-632578958264631296-1385588705250508800,1788254855000,1788255774000,1,1.128,0.69,1.634782608695652,632578958264631296,1788254855000,1385588705250508800,NL01AJ5691,919000,1788255774000,1.8214586909350172,1.128,0.1499999999996362,0.6899464738390216,1.6349094353994553,1.125,0.6899464738390216,1788254855000-632578958264631296-1385588705250508800,,,,,
873101078441230336,1788268641000-632578958264631296-873101078441230336,1788268641000,1788269192000,1,1.128,0.574,1.9651567944250872,632578958264631296,1788268641000,873101078441230336,RJ14GN0769,551000,1788269192000,1.5147523169894188,1.128,0.08666666666666667,0.5737698170414465,1.965945169120875,1.099999999976717,0.5737698170414465,1788268641000-632578958264631296-873101078441230336,,,,,
1071826388769570816,1788240669000-632578958264631296-1071826388769570816,1788240669000,1788241440000,1,1.121,0.807,1.38909541511772,632578958264631296,1788240669000,1071826388769570816,RJ47GA5528,771000,1788241440000,2.130836824368421,1.121,0.1999999999989086,0.807135160745614,1.3888628008281096,1.099999999976717,0.807135160745614,1788240669000-632578958264631296-1071826388769570816,,,,,
931855689733636096,1788249538000-632578958264631296-931855689733636096,1788249538000,1788249996000,1,1.117,0.594,1.8804713804713806,632578958264631296,1788249538000,931855689733636096,RJ47GA4526,458000,1788249996000,1.568661181319967,1.117,0.0,0.5941898414090784,1.879870576971015,1.0999999999985448,0.5941898414090784,1788249538000-632578958264631296-931855689733636096,,,,,
938815406225752064,1788255686000-632578958264631296-938815406225752064,1788255686000,1788256669000,1,1.115,0.882,1.264172335600907,632578958264631296,1788255686000,938815406225752064,RJ47GA3910,983000,1788256669000,2.3277105201216868,1.115,0.25,0.8817085303491238,1.2645902377268614,,0.8817085303491237,1788255686000-632578958264631296-938815406225752064,,,,,
1071019405950844928,1788236507000-632578958264631296-1071019405950844928,1788236507000,1788237273000,1,1.113,1.858,0.5990312163616792,632578958264631296,1788236507000,1071019405950844928,RJ47GA4010,766000,1788237273000,4.904575204798535,1.113,0.15000000000009095,1.857793638181263,0.5990977561370063,1.125,1.857793638181263,1788236507000-632578958264631296-1071019405950844928,,,,,
946025653910634496,1788250992000-632578958264631296-946025653910634496,1788250992000,1788251270000,1,1.113,1.708,0.6516393442622951,632578958264631296,1788250992000,946025653910634496,RJ47GA3361,278000,1788251270000,4.50849122079365,1.113,0.07511472222222222,1.7077618260582008,0.6517302255016378,1.0,1.7077618260582008,1788250992000-632578958264631296-946025653910634496,,,,,
1362452416535986176,1788260481000-632578958264631296-1362452416535986176,1788260481000,1788260901000,1,1.104,0.706,1.5637393767705385,632578958264631296,1788260481000,1362452416535986176,NL01AJ4201,420000,1788260901000,1.8645595324157425,1.104,0.09999999999990905,0.7062725501574781,1.563135930674129,1.0,0.7062725501574781,1788260481000-632578958264631296-1362452416535986176,,,,,
1536014702105067520,1788269050000-632578958264631296-1536014702105067520,1788269050000,1788270408000,1,1.1,1.443,0.7623007623007624,632578958264631296,1788269050000,1536014702105067520,RJ47GA8946,1358000,1788270408000,3.810165393234583,1.1,0.3499999999999659,1.4432444671343116,0.7621716383116621,,1.4432444671343116,1788269050000-632578958264631296-1536014702105067520,,,,,
1067764977248501760,1788248838000-632578958264631296-1067764977248501760,1788248838000,1788249391000,1,1.098,0.812,1.3522167487684729,632578958264631296,1788248838000,1067764977248501760,RJ47GA5835,553000,1788249391000,2.1429519474044256,1.098,0.1500000000005457,0.8117242225016764,1.3526761547364474,1.099999999976717,0.8117242225016764,1788248838000-632578958264631296-1067764977248501760,,,,,
866245317551456256,1788232082000-632578958264631296-866245317551456256,1788232082000,1788233521000,1,1.098,1.563,0.7024952015355087,632578958264631296,1788232082000,866245317551456256,RJ47GA4410,1439000,1788233521000,4.12701632469537,1.098,0.3000000000010914,1.5632637593543068,0.7023766740767533,1.3999999999650754,1.5632637593543068,1788232082000-632578958264631296-866245317551456256,,['900758004234715150'],,900758004234715150,0.0
1083727144086929408,1788232062000-632578958264631296-1083727144086929408,1788232062000,1788232451000,1,1.097,0.59,1.8593220338983052,632578958264631296,1788232062000,1083727144086929408,RJ47GA6319,389000,1788232451000,1.5571701809973404,1.097,0.10351944444444446,0.5898371897717198,1.859835254580274,1.099999999976717,0.5898371897717198,1788232062000-632578958264631296-1083727144086929408,,,,,
1428031634325635072,1788251582000-632578958264631296-1428031634325635072,1788251582000,1788251828000,1,1.091,0.402,2.7139303482587063,632578958264631296,1788251582000,1428031634325635072,NL01AJ9500,246000,1788251828000,1.0608102933333337,1.091,0.06422222222222222,0.4018220808080809,2.7151320251140842,1.125,0.4018220808080809,1788251582000-632578958264631296-1428031634325635072,,,,,
870575606247456768,1788251774000-632578958264631296-870575606247456768,1788251774000,1788252322000,1,1.09,0.858,1.2703962703962706,632578958264631296,1788251774000,870575606247456768,RJ47GA4668,548000,1788252322000,2.264829246449468,1.09,0.14773055555555556,0.857889866079344,1.2705593609368837,1.1000000000349246,0.857889866079344,1788251774000-632578958264631296-870575606247456768,,,,,
873109579045535744,1788248462000-632578958264631296-873109579045535744,1788248462000,1788248669000,1,1.088,0.314,3.464968152866242,632578958264631296,1788248462000,873109579045535744,RJ14GN1568,207000,1788248669000,0.8283778329710144,1.088,0.04064861111111111,0.3137794821859903,3.4674032617438537,,0.3137794821859903,1788248462000-632578958264631296-873109579045535744,,,,,
1067776196789403648,1788236165000-632578958264631296-1067776196789403648,1788236165000,1788236252000,1,1.079,0.244,4.422131147540983,632578958264631296,1788236165000,1067776196789403648,RJ47GA6412,87000,1788236252000,0.6449116666666667,1.079,0.0,0.24428472222222222,4.416977002018364,,0.24428472222222222,1788236165000-632578958264631296-1067776196789403648,,,,,
1181299462874595328,1788268660000-632578958264631296-1181299462874595328,1788268660000,1788269064000,1,1.074,0.431,2.491879350348028,632578958264631296,1788268660000,1181299462874595328,RJ47GA5941,404000,1788269064000,1.1382593095238092,1.074,0.07756944444444444,0.4311588293650792,2.4909613971759854,,0.43115882936507927,1788268660000-632578958264631296-1181299462874595328,,,,,
944574346884546560,1788281751000-632578958264631296-944574346884546560,1788281751000,1788282277000,1,1.073,0.566,1.8957597173144878,632578958264631296,1788281751000,944574346884546560,RJ47GA3355,526000,1788282277000,1.4933422330965394,1.073,0.1000000000003638,0.5656599367789922,1.8968994094047527,,0.5656599367789922,1788281751000-632578958264631296-944574346884546560,,,,,
1286352128566099968,1788244589000-632578958264631296-1286352128566099968,1788244589000,1788244938000,1,1.063,0.533,1.99437148217636,632578958264631296,1788244589000,1286352128566099968,NL01AG9587,349000,1788244938000,1.4078720743650794,1.063,0.0719675,0.5332848766534392,1.993306104367182,1.0,0.5332848766534392,1788244589000-632578958264631296-1286352128566099968,,,,,
848986467664396288,1788306378000-632578958264631296-848986467664396288,1788306378000,1788307195000,1,1.058,0.837,1.2640382317801673,632578958264631296,1788306378000,848986467664396288,RJ47GA3067,817000,1788307195000,2.208528053302725,1.058,0.1999999999989086,0.8365636565540625,1.2646975417962438,1.099999999976717,0.8365636565540625,1788306378000-632578958264631296-848986467664396288,,['900758004201160714'],,900758004201160714,
943818030159233024,1788263825000-632578958264631296-943818030159233024,1788263825000,1788264129000,1,1.057,0.35,3.02,632578958264631296,1788263825000,943818030159233024,RJ47GA3457,304000,1788264129000,0.923713775809524,1.057,0.07229083333333335,0.3498915817460318,3.0209357845231657,1.0,0.3498915817460318,1788263825000-632578958264631296-943818030159233024,,,,,
862677844923252736,1788231991000-632578958264631296-862677844923252736,1788231991000,1788232312000,1,1.047,0.493,2.123732251521298,632578958264631296,1788231991000,862677844923252736,RJ47GA4377,321000,1788232312000,1.3004082866946778,1.047,0.04502361111111111,0.4925788964752567,2.12554782085065,1.0,0.4925788964752567,1788231991000-632578958264631296-862677844923252736,,['900758004234715136'],,900758004234715136,
1113518928358801408,1788262561000-632578958264631296-1113518928358801408,1788262561000,1788262691000,1,1.044,0.519,2.0115606936416186,632578958264631296,1788262561000,1113518928358801408,RJ47GA3896,130000,1788262691000,1.3691300700000004,1.044,0.023934166666666666,0.5186098750000001,2.013073892972053,,0.5186098750000001,1788262561000-632578958264631296-1113518928358801408,,,,,
1062738807117316096,1788235538000-632578958264631296-1062738807117316096,1788235538000,1788236162000,1,1.043,0.822,1.2688564476885644,632578958264631296,1788235538000,1062738807117316096,RJ47GA5531,624000,1788236162000,2.169140840174029,1.043,0.1500000000005457,0.8216442576416776,1.2694058168113633,1.099999999976717,0.8216442576416776,1788235538000-632578958264631296-1062738807117316096,,,,,
942721856836730880,1788260134000-632578958264631296-942721856836730880,1788260134000,1788260675000,1,1.043,0.838,1.2446300715990453,632578958264631296,1788260134000,942721856836730880,RJ47GA4500,541000,1788260675000,2.2123122299374023,1.043,0.1499999999996362,0.8379970567944706,1.2446344429772966,,0.8379970567944706,1788260134000-632578958264631296-942721856836730880,,,,,
787000328028422144,1788268300000-632578958264631296-787000328028422144,1788268300000,1788268817000,1,1.042,0.791,1.3173198482932995,632578958264631296,1788268300000,787000328028422144,RJ47GA2481,517000,1788268817000,2.087810662450981,1.042,0.12861111111111112,0.790837372140523,1.3175907420506277,1.099999999976717,0.790837372140523,1788268300000-632578958264631296-787000328028422144,,['900758004192772099'],,900758004192772099,
873822835015942144,1788295104000-632578958264631296-873822835015942144,1788295104000,1788296148000,1,1.04,1.434,0.7252440725244073,632578958264631296,1788295104000,873822835015942144,RJ14GN1589,1044000,1788296148000,3.7849117506553607,1.04,0.1999999999989086,1.4336786934300607,0.7254066094208398,,1.4336786934300607,1788295104000-632578958264631296-873822835015942144,,['1096406669316849665'],,,0.0
928334310946111488,1788254328000-632578958264631296-928334310946111488,1788254328000,1788254638000,1,1.035,0.334,3.0988023952095802,632578958264631296,1788254328000,928334310946111488,RJ47GA4016,310000,1788254638000,0.8806714038082024,1.035,0.08222222222222222,0.3335876529576524,3.1026328187613976,,0.3335876529576524,1788254328000-632578958264631296-928334310946111488,,,,,
1332765289414131712,1788247917000-632578958264631296-1332765289414131712,1788247917000,1788248245000,1,1.032,0.785,1.3146496815286624,632578958264631296,1788247917000,1332765289414131712,RJ47GA5602,328000,1788248245000,2.0717451022475104,1.032,0.0,0.7847519326695115,1.315065254429407,,0.7847519326695115,1788247917000-632578958264631296-1332765289414131712,,,,,
1082303861131051008,1788239401000-632578958264631296-1082303861131051008,1788239401000,1788239747000,1,1.013,0.65,1.5584615384615383,632578958264631296,1788239401000,1082303861131051008,RJ47GA5902,346000,1788239747000,1.7155308411494257,1.013,0.07189833333333334,0.6498222883141763,1.5588877424134062,1.0,0.6498222883141763,1788239401000-632578958264631296-1082303861131051008,,,,,
1540361603277389824,1788224154000-632578958264631296-1540361603277389824,1788224154000,1788224806000,1,1.003,0.442,2.269230769230769,632578958264631296,1788224154000,1540361603277389824,NL01AK8393,652000,1788224806000,1.1670256167503124,1.003,0.15000000000009095,0.4420551578599668,2.268947623766281,1.0500000000029104,0.44205515785996674,1788224154000-632578958264631296-1540361603277389824,,,,,
961239466377216000,1788227571000-632578958264631296-961239466377216000,1788227571000,1788228448000,1,1.001,0.737,1.3582089552238805,632578958264631296,1788227571000,961239466377216000,RJ47GA2691,877000,1788228448000,1.9448714415985937,1.001,0.1999999999989086,0.7366937278782552,1.3587736153027539,,0.7366937278782552,1788227571000-632578958264631296-961239466377216000,,,,,
1079095785133441024,1788246195000-632578958264631296-1079095785133441024,1788246195000,1788246750000,1,1.0,0.827,1.2091898428053205,632578958264631296,1788246195000,1079095785133441024,RJ47GA3363,555000,1788246750000,2.184004893690372,1.0,0.1000000000003638,0.8272745809433227,1.2087885002579462,1.0,0.8272745809433227,1788246195000-632578958264631296-1079095785133441024,,,,,
1471164933021368320,1788271979000-632578958264631296-1471164933021368320,1788271979000,1788272384000,1,1.0,0.314,3.1847133757961785,632578958264631296,1788271979000,1471164933021368320,NL01AK2622,405000,1788272384000,0.8289867831111111,1.0,0.10649083333333334,0.3140101451178451,3.1846104832845743,1.0,0.3140101451178451,1788271979000-632578958264631296-1471164933021368320,,,,,
1500848886552461312,1788262613000-632578958264631296-1500848886552461312,1788262613000,1788265914000,1,0.0,0.0,0.0,632578958264631296,1788262613000,1500848886552461312,NL01AK3124,3301000,1788265914000,,29.977,0.0,0.0,0.0,,,1788262613000-632578958264631296-1500848886552461312,,,c,,
1500848886552461312,1788269537000-632578958264631296-1500848886552461312,1788269537000,1788272614000,1,0.0,0.0,0.0,632578958264631296,1788269537000,1500848886552461312,NL01AK3124,3077000,1788272614000,,22.524,0.0,0.0,0.0,,,1788269537000-632578958264631296-1500848886552461312,,,c,,
